74 36 495.6142953315312 249.56995466508556
74 37 601.2615711707967 242.404658115932
74 38 1241.4641247897534 209.6091613769532
74 40 872.1114703104707 211.9701942867352
75 36 495.3801719335696 249.5894484111323
75 37 600.7075731308178 242.40097005571644
75 38 1242.5167549587125 208.67455952962248
75 40 866.5609824290925 213.0591570604346
76 36 495.1705528136844 249.6089421571791
76 37 600.2972737236105 242.3972819955009
76 38 1243.452765156962 207.73995768229173
76 40 861.0507135081672 214.12300278320507
77 36 494.9843657746554 249.62843590322584
77 37 600.0072861751469 242.3935939352853
77 38 1244.2721553845024 206.805355834961
77 40 855.5792736266917 215.16219382125144
78 36 494.8205386192631 249.64792964927264
78 37 599.816686657312 242.3899058750698
78 40 850.1453397673772 216.17719254077855
79 36 494.67799915028735 249.66742339531945
79 37 599.7068768535319 242.38621781485423
79 40 844.7476558166484 217.1684613079913
79 44 1120.5826009114585 190.66001637776688
80 36 494.5556751705085 249.6869171413662
80 37 599.661446524462 242.3825297546387
80 40 839.3850325646445 218.13646248909453
80 44 1121.2942708333333 190.3385365804036
80 45 498.884278075584 602.6863530600713
81 36 494.4524944827064 249.70641088741291
81 37 599.6660360736041 242.3788416944232
81 40 834.0563477052181 219.0816584502931
81 44 1122.0059407552085 190.0170567830403
81 45 539.0460638186742 576.3023847408513
82 36 494.36738488966137 249.7259046334597
82 37 599.7081991129708 242.37515363420763
82 40 828.7605458359359 220.00451155779183
82 45 576.6156768204783 551.8128451619705
83 36 494.2992741941536 249.7453983795065
83 37 599.7772650287479 242.37146557399208
83 38 1246.739477364848 201.1977447509766
83 40 823.4966384580782 220.90548417779556
83 45 611.6978583308228 529.1067852863889
84 36 494.24709019896295 249.76489212555327
84 37 599.8642015469322 242.36777751377656
84 38 1246.7425277974228 200.26314290364587
84 40 818.2637039766397 221.78503867650912
84 45 644.395363291409 508.0777552202526
85 36 494.2097607068698 249.78438587160005
85 37 599.9614772989898 242.364089453561
85 38 1246.6289582592883 199.32854105631515
85 40 813.0608877003287 222.64363742013748
85 45 674.8089603357839 488.6237110219954
86 36 494.18621352065406 249.80387961764683
86 37 600.0629243875119 242.36040139334543
86 38 1246.3987687504448 198.3939392089844
86 40 807.8874018415673 223.48174277488536
86 45 703.0374317893948 470.6469215116813
87 36 494.17537644309607 249.8233733636936
87 37 600.1636009518497 242.35671333312996
87 38 1246.0519592708918 197.45933736165367
87 40 802.7425255164919 224.29981710695768
87 45 729.1775736695199 454.0538750801534
88 36 494.1761772769759 249.8428671097404
88 37 600.2596537337995 242.3530252729144
88 38 1245.5885298206294 196.5247355143229
88 40 797.6256047449522 225.09832278255925
88 45 753.3241956853562 438.7551864982816
89 36 494.1875438250736 249.8623608557872
89 37 600.348180643221 242.34933721269883
89 38 1245.008480399658 195.5901336669922
89 40 792.5360524505123 225.877722167895
89 45 775.5701212379063 424.6655037262062
90 36 494.2084038901693 249.88185460183396
90 37 600.4270933237003 242.3456491524833
90 40 787.47334846045 226.6384776291697
90 45 796.0061874201019 411.7034147225495
91 36 494.23768527504313 249.90134834788068
91 37 600.4949797182344 242.34196109226772
91 40 782.4370395057571 227.3810515325882
91 45 814.7212450166917 399.7913542536662
92 36 494.2743157824752 249.92084209392743
92 37 600.5509666348134 242.3382730320522
92 40 777.4267392211391 228.10590624435545
92 45 831.8021585043389 388.8555107028224
93 36 494.3172232152458 249.94033583997424
93 37 600.5945823121492 242.33458497183668
93 40 772.4421281450155 228.8135041306761
93 45 847.3338060515525 378.8257328794789
94 36 494.3653353761349 249.95982958602104
94 37 600.6256189852593 242.33089691162112
94 40 767.4829537195199 229.50430755775523
94 45 861.3990795187092 369.6354368284847
95 36 494.4175800679227 249.9793233320678
95 37 600.6439954511789 242.3272088514056
95 40 762.5490302904994 230.1787788917976
95 45 874.0788844580493 361.2215126393203
95 49 1037.9580468129016 176.36025722294062
95 50 1179.4939697124064 331.7733700844776
96 36 494.4728850933892 249.99881707811457
96 37 600.6496196345743 242.32352079119005
96 40 757.6402391075153 230.83738049900805
96 45 885.4521401136844 353.5242312553055
96 49 1039.979352655429 175.97765427440413
96 50 1171.012134265271 329.2648268756959
97 36 494.5301782553146 250.01831082416132
97 37 600.6422511533929 242.3198327309745
97 40 752.7565283238428 231.48057474559135
97 45 895.5957794216229 346.48715128287586
97 49 1042.0006584979565 175.72491794760185
97 50 1162.5945442358498 326.7949809886803
98 36 494.5883873564791 250.03780457020807
98 37 600.6213638845602 242.31614467075892
98 40 747.8979129964707 232.10882399775247
98 45 904.5847490097112 340.057025800721
98 49 1044.021964340484 175.5930553545195
98 50 1154.173479642719 324.3638324234309
99 36 494.6464401996627 250.0572983162549
99 37 600.5860085295844 242.31245661054345
99 40 743.0644750861019 232.7225906216963
99 45 912.49200919766 334.18370916910135
99 49 1046.0432701830114 175.5730736071414
99 50 1145.710079617682 321.97138117994774
100 36 494.70326458764566 250.07679206230168
100 37 600.5346751802226 242.30876855032787
100 40 738.2563634571534 233.3223369836276
100 45 919.3885339970692 328.8200638390517
100 50 1137.1906343363223 319.61762725823075
101 36 494.75778832320793 250.09628580834843
101 37 600.4651558841288 242.30508049011232
101 40 733.473793877756 233.90852544975115
101 45 925.3433111114028 323.9218671615563
101 50 1128.6230560636614 317.30257065828
102 36 494.8089392091297 250.1157795543952
102 37 600.3744072105274 242.3013924298968
102 40 728.717049019754 234.481618386272
102 45 930.4233419359698 319.4477181968541
102 49 1052.1071877105935 176.09448455907523
102 50 1120.0335293383105 315.02621138009533
103 36 494.8556450481912 250.135273300442
103 37 600.2584128158433 242.29770436968124
103 40 723.9864784587058 235.0420781593948
103 45 934.6936415579949 315.358944523603
103 49 1054.1284935531212 176.43209731435763
103 50 1111.4633402726613 312.78854942367684
104 36 494.8968336431725 250.1547670464888
104 37 600.112046009348 242.2940163094657
104 40 719.2824986738841 235.59036713532456
104 45 938.217238756526 311.61950904815603
104 50 1102.9658849863335 310.5895847890247
105 36 494.93143279685376 250.17426079253556
105 37 599.9289323188696 242.29032824925017
105 40 714.6055930482753 236.126947680266
105 45 941.0551760025156 308.19591681374004
105 50 1094.6038571665997 308.4293174761386
106 36 494.95837031201495 250.1937545385823
106 37 599.7013120563442 242.2866401890346
106 40 709.9563118685787 236.65228216042408
106 45 943.2665094587392 305.05712180977935
106 49 1060.1924110807038 177.8104624619025
106 50 1086.4466147538042 306.30774748501864
107 36 494.9765739914364 250.2132482846291
107 37 599.4199028835628 242.28295212881903
107 40 705.3352723252095 237.1668329420036
107 45 944.908308979906 302.1744337809432
107 49 1062.2137169232312 178.36178351159833
107 50 1078.5677257534117 304.2248748156649
108 36 494.984971637898 250.2327420306759
108 37 599.0737623777641 242.27926406860357
108 40 700.7431585122952 237.6710623912094
108 45 946.0356581125234 299.52142503655705
108 50 1071.04269317328 302.1806994680774
109 36 494.98249105418006 250.25223577672264
109 37 598.6501505973192 242.275576008388
109 40 696.1807214276774 238.16543287424628
109 45 946.70165409501 297.0738372597625
109 50 1063.9468590986216 300.1752214422561
110 36 494.9680600430627 250.27172952276945
110 37 598.1343926473546 242.27188794817243
110 40 691.6487789729124 238.65040675731927
110 45 946.9574078576444 294.8094883167396
110 50 1057.353487876244 298.208440738201
111 36 494.940606407326 250.2912232688162
111 37 597.5097412454652 242.2681998879569
111 40 687.1482159532693 239.12644640663305
111 45 946.8520440225984 292.70817906584125
111 50 1051.3320284398503 296.280357355912
112 36 494.89905794975016 250.31071701486297
112 37 596.7572392872662 242.26451182774136
112 40 682.6799840777325 239.5940141883926
112 45 946.432700903828 290.75160016706286
112 50 1045.9465557577787 294.39097129538914
113 36 494.8423424731152 250.3302107609097
113 37 595.8555824121268 242.2608237675258
113 40 678.2451019589985 240.0535724688026
113 45 945.7445305072832 288.92323889102045
113 50 1041.2543914072448 292.5402825566325
114 36 494.7693877802012 250.3497045069565
114 37 594.7809815688015 242.25713570731028
114 40 673.8446551134792 240.5055836140681
114 45 944.8306985306664 287.20828592827456
114 50 1037.3049032739364 290.72829113964207
115 36 494.6791216737884 250.36919825300328
115 37 593.5070255810951 242.25344764709476
115 40 669.4797959612998 240.95050999039373
115 45 943.7323843636404 285.5935421986688
115 50 1034.1384843812557 288.95499704441784
116 36 494.5704719566569 250.38869199905005
116 37 592.0045437134759 242.2497595868792
116 40 665.1517438262995 241.38881396398455
116 45 942.4887810876644 284.0673256603004
116 50 1031.785710845259 287.2204002709598
117 36 494.4423664315868 250.40818574509683
117 37 590.2414682367198 242.24607152666368
117 40 660.8617849360312 241.8209579010453
117 45 941.1370954761004 282.6193781189759
117 50 1030.2666789598295 285.5245008192679
118 36 494.2937329013583 250.4276794911436
118 37 588.1826969936756 242.2423834664481
118 40 656.611272421762 242.24740416778087
118 45 939.7125479942006 281.2407720373958
118 50 1029.590521405451 283.8672986893422
119 36 494.1234991687514 250.4471732371904
119 37 585.7899559647394 242.23869540623255
119 40 652.4016263184723 242.66861513039603
119 45 938.248372799022 279.9238173442536
119 50 1029.7551025737775 282.2487938811827
120 36 493.9305930365463 250.4666669832372
120 37 583.0216618336744 242.23500734601703
120 40 648.2343335648578 243.0850531550958
120 45 936.77581773957 278.66196824367216
120 49 1088.4906928760884 185.07152759434572
120 50 1030.7468930507312 280.66898639478933
121 36 493.7139423075231 250.48616072928397
121 37 579.8327845531403 242.23131928580148
121 40 644.1109480033259 243.49718060808488
121 45 935.324144356662 277.4497300241783
121 49 1090.5119987186158 185.23772378452983
121 50 1032.5410231899004 279.1278762301622
122 36 493.472474784462 250.50565447533072
122 37 576.1747099104359 242.22763122558595
122 40 640.0330903800004 243.90545985556815
122 45 933.920627882977 276.28256586819407
122 49 1092.5333045611433 185.30896439606067
122 50 1035.1015158380617 277.62546338730124
122 57 994.8786077325992 176.7918537486682
123 36 493.20511827014303 250.52514822137744
123 40 636.0024483447171 244.3103532637505
123 45 932.5905572431112 275.15680366109154
123 50 1038.3816981789423 276.16174786620644
123 57 996.5295584013966 176.7645099061907
124 36 492.9108005673464 250.54464196742424
124 40 632.020776451026 244.7123231988368
124 45 931.3572350534888 274.0695428004328
124 49 1096.5759162461982 185.13060733110277
124 50 1042.3247926911572 274.73672966687786
124 57 998.180509070194 176.7371660637132
125 36 492.5884494788521 250.56413571347105
125 40 628.089896156192 245.11183202703177
125 45 930.2419776224488 273.0185610052649
125 49 1098.5972220887256 184.86302387858245
125 50 1046.8646872671088 273.3504087893154
125 57 999.8314597389912 176.7098222212357
126 36 492.2369928074404 250.5836294595178
126 40 624.2116958211926 245.50934211454043
126 45 929.2641149501504 272.0022211253236
126 49 1100.618527931253 184.4645132953467
126 50 1051.9268844228936 272.0027852335192
126 57 1001.4824104077884 176.6824783787582
127 36 491.8553583558913 250.60312320556457
127 40 620.3881307107204 245.9053158275675
127 45 928.4409907285844 271.01937795027334
127 49 1102.6398337737808 183.92608269338075
127 50 1057.429629652528 270.6938589994891
127 57 1003.133361076586 176.65513453628068
128 36 491.44247392698514 250.62261695161132
128 40 616.6212229931812 246.300215532318
128 45 927.7879623417648 270.0692850187843
128 49 1104.6611396163082 183.2387391846687
128 50 1063.2852189046098 269.42363008722526
128 57 1004.7843117453832 176.62779069380318
129 36 490.9972673235019 250.64211069765813
129 40 612.9130617406945 246.6945035949965
129 45 927.3184008654172 269.15150142802304
129 49 1106.6824454588357 182.3934898811956
129 50 1069.401485197479 268.1920984967276
129 57 1006.4352624141804 176.60044685132567
130 36 490.5186663482216 250.6616044437049
130 40 609.2658029290943 247.08864238180817
130 45 927.043691067178 268.26579864271844
130 50 1075.6834643433103 266.9992642279961
130 57 1008.0862130829778 176.57310300884816
131 36 490.0055988039244 250.68109818975168
131 40 605.6816694379281 247.4830942589576
131 45 926.973231406595 267.4120673043872
131 50 1082.0352398020914 265.8451272810308
131 57 1009.7371637517753 176.5457591663707
132 36 489.45699249339066 250.70059193579849
132 40 602.1629510504577 247.8783215926498
132 45 927.1144340350692 266.5902240406176
132 49 1112.746362986418 178.82037832205128
132 50 1088.361966681201 264.7296876558316
133 36 488.8717752194003 250.72008568184523
133 40 598.712004453658 248.2747867490895
133 45 927.4727247958252 265.8001182742264
133 49 1114.7676688289455 177.25357695937805
133 50 1094.5720748401943 263.65294535239866
134 36 488.2488747847335 250.739579427892
134 40 595.3312532382187 248.67295209448173
134 45 928.0515432240028 265.04143903253134
134 50 1100.5796511315275 262.61490037073185
135 36 487.5872189921704 250.7590731739388
135 40 592.0231878985429 249.0732799950311
135 45 928.8523425465974 264.31362175672257
135 50 1106.3070007752394 261.6155527108313
136 36 486.885735644491 250.77856691998556
136 40 588.7903658327473 249.47623281694277
136 45 929.874589682473 263.6157551107244
136 50 1111.687387828948 260.65490237269694
137 36 486.14335254447553 250.7980606660323
137 40 585.6354113426639 249.8822729264212
137 45 931.1157652423572 262.94648779075214
137 50 1116.667954847915 259.7329493563287
138 36 485.3589974949041 250.8175544120791
138 40 582.5610156338367 250.2918626896717
138 45 932.5713635288412 262.30393533447204
138 50 1121.2128215952544 258.8496936617267
139 36 484.53159829855696 250.83704815812587
139 40 579.569936815525 250.70546447289868
139 45 934.2348925364386 261.685586930078
139 50 1125.3063629469834 258.0051352888908
140 36 483.660082758214 250.85654190417264
140 40 576.6649999007012 251.1235406423073
140 45 936.0978739514068 261.08821222572806
140 50 1128.9566658616532 257.1992742378211
141 36 482.74337867665554 250.87603565021945
141 40 573.8490968060514 251.54655356410217
141 45 938.149843152034 260.5077681386574
141 50 1132.1991655394668 256.4321105085176
142 36 481.78041385666165 250.8955293962662
142 40 571.1251863519775 251.97496560448843
142 45 940.3783492083676 259.9393056643312
142 50 1135.1004606593633 255.70364410098037
143 36 480.7701161010124 250.91502314231295
143 40 568.4962942625924 252.40923912967065
143 45 942.7689548823256 259.3768766858557
143 50 1137.7623077726455 255.01387501520924
144 36 479.7114132124879 250.93451688835972
144 40 565.9655131657255 252.8498365058539
144 45 945.3052366277444 258.8134407831021
144 50 1140.3257948027458 254.36280325120424
145 36 478.6032329938684 250.9540106344065
145 40 563.5360025929183 253.2972200992428
145 45 947.9687845903028 258.240772041896
145 50 1142.9756936844203 253.75042880896552
146 36 477.44450324793394 250.97350438045328
146 40 561.2109889794267 253.75185227604248
146 45 950.739202607554 257.64936586340264
146 50 1145.9449921345804 253.1767516884929
146 65 32.102938287908046 336.3597572166764
147 36 476.2341517774647 250.99299812650003
147 40 558.9937656642221 254.21419540245756
147 45 953.5941082089084 257.0283457730766
147 50 1149.5196045330958 252.64177188978655
147 65 38.30959437977151 338.2358465306752
147 66 1022.3855670967168 187.0552910082265
148 36 474.9711063852407 251.01249187254683
148 40 556.8876928899863 254.684711844693
148 45 956.5091326156472 256.36537023014534
148 65 44.516250471634976 338.59659514177474
148 66 1022.4051112936068 188.56626517555924
149 36 473.6542948740421 251.0319856185936
149 40 554.8961978031184 255.16386396895356
149 45 959.4579207409332 255.64653943682788
149 65 50.72290656349844 337.7707835378242
149 66 1022.5878885993224 189.7945173651633
149 68 1194.8766523088727 344.49333408900645
150 36 472.2826450466491 251.0514793646404
150 40 553.0227744537303 255.6521141414443
150 45 962.4121311898198 254.8563021472546
150 65 56.92956265536191 336.087192206498
150 66 1022.8332218319048 190.74004757703733
150 68 1188.158211844308 343.55009242466497
151 36 470.8550847058418 251.0709731106872
151 40 551.2709837956463 256.14992472836974
151 45 965.3414362591502 253.97736247728608
151 65 63.13621874722537 333.87460163549986
151 66 1023.040433809394 191.40285581118223
151 68 1181.4397713797434 342.6068507603235
152 36 469.3705416544003 251.09046685673397
152 40 549.6444536864071 256.6577580959351
152 45 968.2135219377378 252.99058671299645
152 65 69.34287483908884 331.46179231241695
152 66 1023.1088473497804 191.782942067598
152 68 1174.721330915179 341.663609095982
153 36 467.8279436951048 251.10996060278072
153 40 548.1468788872648 257.17607661034486
153 45 970.9940879061288 251.8749101204994
153 65 75.54953093095241 329.1775447250693
153 66 1022.9377852711186 191.8803063462842
153 68 1168.002890450614 340.72036743164045
153 71 459.5078837076825 258.5573323567709
154 36 466.2262186307352 251.1294543488275
154 40 546.782021063188 257.70534263780434
154 45 973.6468475369038 250.6072437549592
154 65 81.75618702281588 327.35063936113147
154 66 1022.426570391428 191.69494864724084
154 68 1161.2844499860494 339.77712576729897
154 71 460.205057779948 258.9671529134115
154 72 1190.19775390625 228.91134643554688
155 40 545.5537087828575 258.2460185445178
155 45 976.1335278944424 249.16238126968165
155 65 87.96284311467934 326.30985670842347
155 66 1021.4745255287636 191.2268689704688
155 68 1154.5660095214846 338.8338841029575
155 71 460.9022318522136 259.3769734700521
