268 164 505.3429404085764 387.0197785041237
268 165 626.0787077801797 388.0364975730769
269 164 500.78354262425273 384.0629859284527
269 165 625.183564004983 388.3072571892052
269 167 576.8955292701721 386.5953112917748
270 164 496.5467463597743 381.3452588025102
270 165 624.4893839155557 388.5780168053335
270 167 577.317298412323 385.1879864387877
271 164 492.6205681840074 378.8563653723541
271 165 623.9893421957895 388.8487764214617
271 167 577.9055538773537 383.7806615858007
272 164 488.9932434352813 376.5862763015175
272 165 623.6767334351607 389.11953603759
272 167 578.0890831947327 382.37333673281375
273 164 485.65322622105305 374.5251646710094
273 165 623.5449721287878 389.3902956537183
273 167 577.5441014170647 380.96601187982674
274 164 482.5891894182714 372.6634059793432
274 165 623.5875926772351 389.66105526984654
274 167 576.1572254896164 379.5586870268397
275 164 479.79002467312966 370.9915781426244
275 165 623.7982493867021 389.93181488597486
275 167 573.988444507122 378.1513621738527
276 164 477.24484240113816 369.5004614942736
276 165 624.1707164689869 390.2025745021031
276 167 571.2340895533562 376.74403732086574
276 170 482.3684082 372.8751526
277 164 474.94297178729903 368.1810387853184
277 165 624.6988880414356 390.4733341182314
277 167 568.1898062825203 375.3367124678787
278 164 472.8739607856842 367.0244951842178
278 165 625.3767781269125 390.7440937343597
278 167 565.2135230898857 373.9293876148917
279 164 471.0275761200173 366.022218276994
279 165 626.1985206539102 391.0148533504879
279 167 562.688429236412 372.5220627619047
279 172 524.390911674127 339.92274084106566
280 164 469.3938032830338 365.1657980670716
280 165 627.1583694565124 391.2856129666162
280 167 560.985938668251 371.1147379089177
280 172 526.6980943027884 341.283440511374
280 174 353.6060795395315 364.8574058892482
281 164 467.9628465370624 364.4470269754093
281 165 628.2506982742852 391.5563725827445
281 167 560.428664803505 369.7074130559307
281 172 528.4849214032292 342.6227521912342
281 174 355.6041437642561 363.7143136168088
282 164 466.72512891363294 363.8578998405137
282 165 629.4700007524661 391.82713219887273
282 167 561.2533908486366 368.3000882029437
282 172 529.8382080923766 343.94067588064604
282 174 354.8203094932105 363.0824666311819
283 164 465.6712922135339 363.39061391829455
283 165 630.8108904418041 392.09789181500105
283 167 563.5740426778793 366.8927633499567
283 172 530.8368079382926 345.2372115796097
283 174 351.2545767263946 362.96186493236746
284 164 464.7921970071766 363.03756888216594
284 165 632.268100798603 392.3686514311293
284 167 567.3446550369263 365.48543849696966
284 172 531.5520194470882 346.512359288125
284 174 344.9069454638375 363.3525085203728
285 164 464.0789226339693 362.7913668229885
285 165 633.8364851848237 392.6394110472576
285 167 572.3223506212234 364.0781136439827
285 172 532.0479830894619 347.7661190061924
285 174 335.7774157054955 364.2543973951906
286 164 463.522767202885 362.64481224936026
286 165 635.5110168678439 392.9101706633858
286 167 578.0303040742874 362.6707887909957
286 172 532.3820693567395 348.9984907338112
286 174 323.86598745138326 365.6675315568282
287 164 463.1152475920826 362.590912086991
287 165 637.2867890208145 393.1809302795141
287 167 583.7207164764404 361.2634639380087
287 172 532.6052573788911 350.2094744709823
287 174 309.1726607015007 367.5919110052819
288 164 462.8480994490383 362.6228756793862
288 165 639.1590147222523 393.4516898956424
288 167 588.3377856016159 359.85613908502165
288 172 532.7625044621527 351.39907021770455
288 174 291.69743545586243 370.0275357405481
289 164 462.7132771908509 362.7341147873376
289 165 641.1230269564112 393.72244951177066
289 167 590.4806792140007 358.44881423203464
289 172 532.8931063245982 352.5672779739789
289 174 271.4403117144393 372.9744057626304
290 164 462.7029540036456 362.9182435893599
290 165 643.174278612998 393.9932091278989
290 172 533.0310482159257 353.71409773980486
290 174 248.40128947728957 376.4325210715288
291 164 462.8095218429371 363.1690786811232
291 165 645.3083424873839 394.2639687440272
291 172 533.2053466830403 354.8395295151827
291 174 222.5803687443404 380.4018816672469
292 164 463.0255914336449 363.48063907613687
292 165 647.5209112804441 394.5347283601555
292 172 533.4403821378946 355.9435733001121
292 174 193.9775495156209 384.8824875497812
293 164 463.34399226993264 363.8471462052403
293 165 649.8077975985943 394.80548797628376
293 172 533.7562223449349 357.02622909459365
293 174 162.59283179114573 389.8743387191244
293 183 354.5657009142103 341.4692354782892
294 164 463.7577726154559 364.263023916632
294 165 652.1649339539435 395.076247592412
294 172 534.168936509639 358.08749689862634
294 174 128.42621557090024 395.3774351752909
294 183 349.76894073988205 342.9917337304214
295 164 464.2601995030855 364.72289847632055
295 165 654.5883727640539 395.3470072085403
295 172 534.6909002587199 359.1273767122116
295 174 91.47770085488446 401.3917769182663
295 183 344.9721805655536 344.57648078753846
296 164 464.8447587350093 365.2215985674702
296 165 657.0742863521227 395.6177668246686
296 174 51.74728764312749 407.917363948065
296 183 340.1754203912253 346.2108458983712
297 164 465.50515488274687 365.7541552910552
297 165 659.6189669468877 395.88852644079685
297 183 335.37866021689683 347.8827529119444
298 164 466.2353112871933 366.3158021651616
298 165 662.2188266826779 396.1592860569251
298 183 330.5819000425686 349.5806802774314
299 164 467.0293700587063 366.9019751257438
299 165 664.8703975993631 396.4300456730534
299 183 325.7851398682401 351.29366104476503
300 164 467.8816920766694 367.5083125260571
300 165 667.5703316423824 396.7008052891817
300 183 320.98837969391184 353.0112828636484
300 186 474.2111790054052 372.944034042162
301 164 468.7868569900602 368.1306551368471
301 165 670.3154006628174 396.97156490531
301 172 540.417150773108 364.9175077943073
301 183 316.19161951958336 354.7236879844568
301 186 474.5925527270268 373.5211346508107
302 164 469.739663217013 368.7650461462909
302 165 673.1024964172393 397.2423245214383
302 172 541.7998946420848 365.8076716747546
302 183 311.3948593452551 356.42157325780136
302 186 474.9739264486484 374.0982352594593
303 164 470.7351279452414 369.40773116023047
303 165 675.9286305678324 397.5130841375665
303 172 543.2914737407118 366.6764475647535
303 183 306.5980991709266 358.0961901348492
303 186 475.35530017027 374.675335868108
304 164 471.768487131485 370.0551582019689
304 165 678.7909346822926 397.7838437536948
304 172 544.8832222316414 367.52383546430406
304 183 301.8013389965984 359.7393446667993
304 186 475.73667389189166 375.2524364767567
305 164 472.8351955019753 370.7039777120808
305 165 681.6866602339869 398.05460336982304
305 172 546.565323010087 368.3498353734067
305 183 297.0045788222699 361.34339750549407
306 164 473.930926552348 371.3510425489367
306 165 684.6131786017795 398.3253629859513
306 172 548.3270110711455 369.1544472920607
306 183 292.2078186479416 362.9012639027496
306 195 631.6412099529407 383.73135629117655
307 164 475.0515725474834 371.9934079881496
307 165 687.5679810700749 398.5961226020796
307 172 550.1567679215223 369.9376712202668
307 183 287.41105847361314 364.4064137108508
307 186 476.8807950567565 376.9837383027026
307 195 631.5512835821719 383.8530092611765
308 165 690.548678828949 398.8668822182079
308 172 552.0425065960735 370.6995071580245
308 183 282.6142982992849 365.8528713826672
308 195 631.5954382637283 383.9746622311765
309 164 477.3522722780908 373.2532738640584
309 165 693.5530029740039 399.13764183433614
309 172 553.971747495234 371.43995510533387
309 183 277.8175381249564 367.2352159714501
309 195 631.7567077815183 384.0963152011765
310 164 478.5252043899818 373.8658969396347
310 165 696.5788045063455 399.40840145046445
310 172 555.9317850619555 372.1590150621955
310 195 632.0189260956249 384.21796817117655
311 164 479.7088081995608 374.4640658954304
311 165 699.6240543327585 399.6791610665927
311 172 557.9098450560123 372.8566870286081
311 195 632.3667273424799 384.3396211411765
312 164 480.90006981826446 375.0458480944799
312 165 702.6868432655174 399.949920682721
312 172 559.8932329192758 373.53297100457326
312 195 632.7855458345148 384.4612741111765
313 164 482.0961941271089 375.6095133175113
313 165 705.7653820225023 400.2206802988492
313 172 561.8694726508111 374.1878669900896
313 195 633.2616160608013 384.5829270811765
314 164 483.2946047761216 376.153533762641
314 165 708.8580012271996 400.4914399149775
314 172 563.8264364376664 374.821374985158
314 195 633.7819726867019 384.70458005117655
315 164 484.492944184909 376.6765840455337
315 165 711.9631514085122 400.7621995311058
315 172 565.7524654380977 375.433494989778
315 195 634.3344505529385 384.8262330211765
316 164 485.6890735425113 377.1775411993149
316 165 715.0794030011457 401.03295914723407
316 172 567.6364807412028 376.0242270039498
316 195 634.9076846775715 384.9478859911765
317 164 486.8810728070821 377.65548467470217
317 165 718.2054463452296 401.3037187633623
317 172 569.4680858049542 376.5935710276733
317 183 239.44345673032944 375.5184061528125
317 195 635.4911102539627 385.0695389611765
318 164 488.067240706092 378.109696339583
318 165 721.3400916864412 401.5744783794906
318 172 571.2376590110362 377.1415270609489
318 183 234.6466965560012 376.1712994326372
318 195 636.0749626519391 385.19119193117655
319 164 489.2460947364161 378.539660479757
319 165 724.4822691761001 401.8452379956189
319 172 572.9364374093711 377.66809510377584
319 183 229.8499363816727 376.7363731779333
319 195 636.6502774184919 385.3128449011765
320 164 490.4163711643341 378.94506379817904
320 165 727.6310288710665 402.1159976117472
320 172 574.5565912425518 378.1732751561549
320 183 225.05317620734445 377.2143070451566
320 195 637.2088902755058 385.4344978711765
321 164 491.5770250255737 379.3257954154688
321 165 730.7855407338575 402.3867572278754
321 172 576.0912890322506 378.6570672180856
321 183 220.2564160330162 377.6063352914644
321 195 637.7434371217387 385.5561508411765
322 164 492.72723012465576 379.6819468698086
322 165 733.9450946323122 402.6575168440037
322 172 577.5347534101456 379.1194712895679
322 183 215.4596558586877 377.9142467745114
322 195 638.2473540320643 385.67780381117655
322 202 59.93109131333392 414.21210731666633
323 164 493.8663790360879 380.0138121166528
323 165 737.1091003401816 402.928276460132
323 172 578.8823081906885 379.560487370602
323 183 210.66289568435943 378.1403849517519
323 195 638.7148772576475 385.79945678117656
323 202 56.983913423333775 415.0712076666664
324 164 494.9940831032436 380.321887529004
324 165 740.2770875365604 403.19903607626026
324 172 580.1304156389087 379.980115461188
324 183 205.86613551003097 378.2876478813996
324 195 639.1410432259436 385.9211097511765
324 202 54.03673553333351 415.93030801666646
325 164 496.1101724392065 380.6068718974857
325 165 743.448705806084 403.4697956923885
325 172 581.2767048515379 380.3783555613256
325 183 201.06937533570272 378.3594882215839
325 195 639.5216885402915 386.0427627211765
326 164 497.2146959259844 380.86966643019696
326 165 746.6237246391684 403.7405553085168
326 172 582.319990972057 380.7552076710151
326 183 196.27261516137423 378.3599132313102
326 195 639.853449980903 386.1644156911765
327 164 498.30792121519335 381.1113747524505
327 165 749.8020334315734 404.0113149246451
327 172 583.2602847330272 381.1106717902562
327 183 191.475854987046 378.2934847694123
327 195 640.1337645033491 386.2860686611765
328 164 499.39033472785377 381.3333029075293
328 165 752.9836414847887 404.28207454077335
328 172 584.0987935848534 381.4447479190494
328 183 186.6790948127175 378.165319295862
328 195 640.3608692400157 386.4077216311765
329 164 500.4626416540559 381.536959355697
329 165 756.1686780058008 404.5528341569016
329 172 584.8379125725478 381.757436057394
329 183 181.88233463838924 377.9810878697026
329 195 640.533801499405 386.5293746011765
330 164 501.5257659534109 381.72405497515865
330 165 759.3573921071802 404.8235937730298
330 172 585.4812069498003 382.0487362052904
330 183 177.08557446406076 377.74701615129015
330 195 640.6523987664259 386.6510275711765
331 164 502.5808503547596 381.8965030612453
331 165 762.5501528070672 405.0943533891582
331 172 586.0333850663155 382.3186483627387
331 183 172.2888142897325 377.4698844012746
331 195 640.7172987020458 386.77268054117656
331 206 768.2131348 405.6593628
331 207 429.1814610521378 380.44633066550887
332 164 503.6292563562747 382.056419326982
332 165 765.7474490291497 405.3651130052865
332 172 586.5002619549632 382.56717252973885
332 183 167.49205411540402 377.1570274801925
332 195 640.7299391429988 386.8943335111765
332 207 429.1003916411978 380.1789279436925
333 164 504.6725642255624 382.2061219028983
333 165 768.949889602758 405.6358726214147
333 172 586.8887140955776 382.7943087062906
333 183 162.69529394107576 376.816334849078
333 195 640.6925581031246 387.0159864811765
333 207 428.9660198502575 380.0636427048376
333 208 408.48379712202586 381.2835162167976
334 164 505.7125729996187 382.3481313368102
334 165 772.1582032626975 405.906632237543
334 172 587.2066245619208 383.00005689239424
334 183 157.89853376674728 376.4562505695794
334 195 640.6081937719136 387.1376394511765
334 207 428.7783456793172 380.0917038495609
334 208 408.9135409449227 381.2509320085428
334 210 369.4115126255492 382.805260351087
335 164 506.751300484495 382.4851705943438
335 165 775.3732386494448 406.1773918536713
335 172 587.4628192856908 383.1844170880495
335 183 153.10177359241902 376.08577330355183
335 195 640.4806845153216 387.25929242117655
335 207 428.5373691283776 380.25434027846495
335 208 408.72914220020175 381.38166635646667
335 210 366.61022984972806 383.6955882879447
336 164 507.79098325587984 382.6201650583098
336 165 778.5959643089154 406.44815146979954
336 172 587.6669937130064 383.3473892932566
336 183 148.30501341809054 375.7144563125912
336 195 640.3146688746638 387.3809453911765
336 207 428.2430901974376 380.54278089223226
336 208 408.1392544424161 381.67571926056735
336 210 364.03567296285473 384.5859162248024
337 164 508.83407665844425 382.75624252919806
337 165 781.827468692798 406.7189110859278
337 172 587.8296307101846 383.48897350801553
337 183 143.50825324376228 375.3524074595189
337 195 640.1155855694669 387.5025983611765
337 207 427.8955088864973 380.948254591458
337 208 407.3525312258862 382.13309072084667
337 210 361.6737692973111 385.4762441616601
338 164 509.8832548066566 382.8967332248431
338 165 785.0689601581253 406.98967070205606
338 172 587.9619088023901 383.6091697323261
338 183 138.7114930694338 375.01028920704266
338 195 639.8896734935115 387.6242513311765
338 207 427.4946251955571 381.46199027678085
338 208 406.5776261051651 382.753780737301
338 210 359.5104461853771 386.3665720985178
338 213 785.2420043999996 401.5928955
339 164 510.9414105839824 383.045169780773
339 165 788.3217669675942 407.2604303181844
339 172 588.0756014641374 383.7079779661883
339 183 133.91473289510554 374.6993186183972
339 195 639.6439717177418 387.74590430117655
339 207 427.04043912461657 382.0752168488252
339 208 406.0231926341076 383.53778930993576
339 210 357.5316309595073 387.2569000353755
339 213 788.4254149999997 401.8036498999999
340 164 512.0116556432331 383.2052872498316
340 172 588.1829670425504 383.7853982096026
340 183 129.11797272077706 374.4312673569075
340 195 639.3863194891601 387.86755727117657
340 207 426.5329506736766 382.779163208259
340 208 405.8978843674995 384.48511643874735
340 210 355.72325095192355 388.1472279722332
341 164 513.097320406785 383.381023102469
341 165 794.8672391978253 407.8019495504409
341 172 588.2966297138482 383.8414304625682
341 183 124.3212125464488 374.2184616861923
341 195 639.1253562310012 387.9892102411765
341 207 425.9721598427364 383.56505825566273
341 208 406.4103548598941 385.59576212373577
341 210 354.0712334950513 389.0375559090909
342 164 514.201954065953 383.5765172264655
342 165 798.163160671822 408.0727091665692
342 172 588.4294508118182 383.876074725086
342 183 119.52445237212032 374.0737824707176
342 195 638.8705215427908 388.1108632111765
342 207 425.3580666317962 384.42413089169713
342 208 407.7692576649133 386.8697263649028
342 210 352.5615059212723 389.9278838459487
343 164 515.3293245818495 383.7961119271931
343 165 801.476909596473 408.3434687826975
343 172 588.5943912193179 383.8893309971554
343 183 114.72769219779208 374.0106651747774
343 195 638.6320551997633 388.23251618117655
343 207 424.6906710408557 385.3476100169646
343 208 410.183246337343 388.3070091622467
343 210 351.1799955628667 390.8182117828063
344 164 516.4834186845692 384.0443519276887
344 165 804.8104137624177 408.6142283988257
344 172 588.8043645936996 383.8811992787767
344 183 109.93093202346358 374.0430998632218
344 195 638.4209971542587 388.3541691511765
344 207 423.9699730699158 386.326724532104
344 210 349.9126297522307 391.708539719664
345 164 517.6684418737423 384.32598436804255
345 165 808.1657208657925 408.884988014954
345 172 589.0720810871571 383.85167956994974
345 183 105.13417184913531 374.18563120110775
345 195 638.2491875344422 388.4758221211765
345 207 423.1959727189756 387.3527033377759
345 210 348.7453358217026 392.59886765652175
346 164 518.888818418156 384.6459588064172
346 165 811.5449985082232 409.1557476310823
346 172 589.4098821282387 383.8007718706742
346 183 100.33741167480684 374.4533584538731
346 195 638.1292666441295 388.5974750911765
346 207 422.3686699880354 388.4167753345973
346 210 347.664041103606 393.48919559337946
347 164 520.149191356104 385.0094272178103
347 165 814.950534196978 409.42650724721057
347 172 589.8295657318085 383.7284761809508
347 183 95.5406515004786 374.8619354876864
347 195 638.0746749644168 388.71912806117655
347 207 421.488064877095 389.51016942316346
347 210 346.6546729303227 394.3795235302372
347 220 389.9630964763634 390.6590348763637
348 164 521.4544224951678 385.42174399535
348 165 818.3847353449892 409.6972668633388
348 172 590.3422029670328 383.634792500779
348 183 90.7438913261501 375.4275707681954
348 195 638.0996531517012 388.84078103117656
348 207 420.55415738615466 390.6241145041277
348 210 345.7031586341909 395.2698514670949
348 220 389.0637865460604 391.37402677272735
349 164 522.8095924121008 385.8884659491305
349 165 821.8501292705841 409.9680264794671
349 172 590.9579446334392 383.51972083015903
349 183 85.94713115182185 376.16702736209845
349 195 638.2192420397769 388.9624340011765
349 207 419.56694751521536 391.7498394781505
349 210 344.79542554759246 396.1601794039526
349 220 388.1644766157573 392.0890186690909
349 221 819.8389486166675 407.1576029833332
350 164 524.2200004532351 386.41535230707086
350 165 825.3493631977472 410.2387860955954
350 172 591.6858193445951 383.3832611690907
350 183 81.15037097749337 377.09762293615495
350 195 638.4492826370988 389.0840869711765
350 207 418.5264352642748 392.8785732458491
350 210 343.91740100282186 397.0505073408103
350 220 387.2651666854544 392.8040105654546
350 221 824.7818196666674 408.0622660333333
351 164 525.6911647340748 387.00836471444927
351 165 828.8852042561193 410.50954571172366
351 172 592.5335217770189 383.2254135175742
351 183 76.35361080316511 378.2372297577385
351 195 638.8064161292859 389.20573994117655
351 207 417.43262063333486 394.001544707804
351 210 343.0550123323192 397.940835277668
351 220 386.36585675515136 393.5190024618182
351 221 829.7246907166673 408.96692908333335
352 164 527.2288221395575 387.6736672341067
352 172 593.5071924291551 383.0461778756094
352 183 71.55685062883686 379.604274694284
352 195 639.3080838786555 389.32739291117656
352 207 416.2855036223946 395.10998276466125
352 210 342.1941868682916 398.8311632145257
352 220 385.4665468248483 394.23399435818186
353 164 528.8389283238357 388.4176263461413
353 165 836.0783758122125 411.0510649439802
353 172 594.611187223345 382.8455542431964
353 183 66.76009045450837 381.2177392131125
353 195 639.9725274224184 389.4490458811765
353 207 415.0850842314544 396.1951163171252
353 210 341.32085194320825 399.7214911513834
353 220 384.5672368945453 394.9489862545455
354 164 530.5276577104523 389.2468109484616
354 165 839.7418400969691 411.3218245601085
354 172 595.8478388562799 382.6235426203352
354 183 61.96333028018012 383.0971593832073
354 195 640.8187884748331 389.5706988511765
354 207 413.8313624605144 397.2481742657546
354 210 340.42093488940736 400.61181908824113
354 220 383.6679269642423 395.6639781509091
354 226 529.6160889 389.5332642
354 228 459.89202880000016 389.8469237999999
355 164 532.3014034923835 390.1679923564225
355 165 843.4541790867443 411.5925841762368
355 172 597.2172081209719 382.38014300702594
355 183 57.16657010585163 385.2626258723904
355 195 641.8667089267401 389.6923518211765
355 207 412.524338309574 398.2603855111884
355 210 339.48036303918343 401.5021470250989
355 220 382.7686170339393 396.37897004727273
356 164 534.1667776318063 391.1881443025632
356 165 847.218759439027 411.863343792365
356 172 598.7168267592788 382.11535540326827
356 183 52.36980993152338 387.7347839499416
356 195 643.1369308445719 389.81400479117656
356 207 411.1640117786337 399.22297895404336
356 210 338.48506372496195 402.3924749619565
356 220 381.8693071036362 397.0939619436364
356 228 461.5307617000002 390.5159911999999
356 229 58.21520233 387.0126953
