1 1 663.3876560476193 168.7066541833333
1 2 192.4762806007233 530.8236367564215
1 3 859.6485382624024 338.73617329037324
1 4 192.5523159756896 531.0479060898776
2 1 649.142098564286 167.1651775
2 2 192.50376067107743 530.8372721673599
2 3 857.6452385985442 336.5670778251675
2 4 192.6614038147306 530.7856620201909
2 5 821.8044193197825 288.7517153911777
3 1 636.8693978642859 166.01036180714289
3 2 192.52928435115925 530.8506909581394
3 3 855.9521749104855 334.50983530035705
3 4 192.74462831278677 530.5789634910128
3 5 821.1889786977339 288.9106938647539
4 1 626.5695539476193 165.24220710476197
4 2 192.5526837438757 530.8638931287597
4 3 854.5449225195815 332.56444571594204
4 4 192.80545557869465 530.421169597904
4 5 820.5834542902129 289.0677324496585
5 1 618.2425668142859 164.86071339285718
5 2 192.5738275684326 530.8768786792212
5 3 853.3997085302003 330.7309090719224
5 4 192.84713112845589 530.3060163910748
5 5 819.9878460972195 289.22283114589146
5 8 467.8487763808868 228.4917938554788
6 1 611.8884364642857 164.8658806714286
6 2 192.5926185939252 530.8896476095238
6 3 852.4934118297234 329.0092253682981
6 4 192.87267988523743 530.2276168753835
6 5 819.4021541187537 289.37598995345286
6 8 475.0708701027027 234.9612816801944
7 1 607.507162897619 165.25770894047625
7 2 192.60899114420255 530.9021999196674
7 3 851.8035630885457 327.3993946050692
7 4 192.88490617937137 530.1804610103384
7 5 818.8263783548156 289.52720887234267
7 8 482.79815959470574 241.3163507122868
8 2 192.62290867400583 530.914535609652
8 3 851.308344760075 325.90141678223563
8 4 192.88639374835483 530.159415710096
8 5 818.2605188054049 289.67648790256084
8 8 491.0748535168931 247.6037597020548
9 2 192.6343614163803 530.9266546794777
9 3 850.9865910807324 324.51529189979743
9 4 192.87950573685023 530.1597248434622
9 5 817.704575470522 289.8238270441075
9 8 499.945160529262 253.87026739979697
10 2 192.6433641013614 530.9385571291443
10 3 850.8177880699525 323.24101995775465
10 4 192.86638469668512 530.1770092338917
10 5 817.1585483501665 289.9692262969825
10 8 509.4532892918097 260.1626325558119
11 2 192.6499537459346 530.950242958652
11 3 850.7820735301827 322.0786009561072
11 4 192.8489525868522 530.207266659488
11 5 816.6224374443386 290.112685661186
11 8 519.6434484645334 266.5276139203983
12 2 192.6541875152688 530.9617121680008
12 3 850.860237046884 321.0280348948551
12 4 192.8289107735094 530.2468718530041
12 5 816.0962427530385 290.2542051367178
12 8 530.5598467074303 273.0119702438548
13 2 192.656140655224 530.9729647571905
13 3 851.0337199885304 320.08932177399845
13 4 192.80774002997973 530.2925765018414
13 5 815.5799642762659 290.3937847235781
13 8 542.2466926804976 279.66246027648003
14 2 192.65590449613256 530.9840007262213
14 3 851.2846155066092 319.2624615935371
14 4 192.78670053675148 530.3415092480506
14 5 815.0736020140208 290.5314244217668
14 8 554.7481950437326 286.52584276857255
15 2 192.65358452785452 530.9948200750932
15 3 851.5956685356208 318.54745435347115
15 4 192.766831881478 530.3911756883311
15 5 814.5771559663033 290.6671242312839
15 8 568.1085624571324 293.6488764704311
16 2 192.6492985461064 531.0054228038061
16 3 851.9502757930791 317.94430005380053
16 4 192.7489530589779 530.4394583740317
16 5 814.0906261331135 290.8008841521294
16 8 582.3720035806944 301.0783201323543
17 2 192.6431748700642 531.0158089123601
17 3 852.332485779511 317.4529986945253
17 4 192.7336624712348 530.4846168111496
17 5 813.6140125144512 290.9327041843033
17 8 597.5827270744155 308.86093250464074
18 2 192.63535063124 531.025978400755
18 3 852.7269987784568 317.0735502756455
18 4 192.7213379273977 530.5252874603315
18 5 813.1473151103166 291.0625843278056
18 8 613.7849415982934 317.04347233758915
19 2 192.6259701336325 531.035931268991
19 3 853.1191668564697 316.805954797161
19 4 192.71213664378072 530.5604837368727
19 5 812.6905339207095 291.1905245826364
19 8 631.0228558123249 325.6726983814981
20 2 192.61518328515177 531.045667517068
20 3 853.4949938631166 316.6502122590719
20 4 192.705995243863 530.5895960107176
20 5 812.24366894563 291.3165249487955
20 8 649.3406783765073 334.7953693866661
21 2 192.6031441003169 531.055187144986
21 3 853.8411354309771 316.60632266137816
21 4 192.7026297582889 530.6123916064597
21 5 811.8067201850782 291.44058542628306
21 8 668.7826179508379 344.45824410339213
22 2 192.59000927422863 531.0644901527452
22 3 854.1448989756447 316.6742860040798
22 4 192.70153562486811 530.6290148033412
22 5 811.3796876390539 291.562706015099
22 8 689.392883195314 354.70808128197456
23 2 192.57593682781493 531.0735765403452
23 3 854.3942436957252 316.8541022871768
23 4 192.7019876885754 530.6399868352535
23 5 810.9625713075573 291.6828867152434
23 8 711.2156827699326 365.59163967271206
24 2 192.5610848243508 531.0824463077864
24 3 854.5777805728385 317.1457715106692
24 4 192.70304020155052 530.6462058907368
24 5 810.5553711905882 291.80112752671624
24 8 734.2952253346912 377.15567802590334
25 2 192.54561015725216 531.0910994550686
25 3 854.6847723716171 317.5492936745569
25 4 192.70352682309877 530.6489471129803
25 5 810.1580872881467 291.91742844951744
25 8 758.6757195495867 389.44695509184703
26 2 192.5296674091429 531.0995359821918
26 3 854.7051336397074 318.06466877884003
26 4 192.70206061969017 530.6498625998223
26 5 809.7707196002327 292.03178948364706
26 8 784.4013740746166 402.5122296208417
27 2 192.5134077821966 531.1077558891561
27 3 854.6294307077682 318.6918968235185
27 4 192.6970340649603 530.65098140375
27 5 809.3932681268465 292.14421062910503
27 8 811.5163975697778 416.39826036318607
28 2 192.49697809975132 531.1157591759614
28 3 854.4488816894722 319.4309778085924
28 4 192.68661903970963 530.6547095318995
28 5 809.0257328679878 292.2546918858915
28 8 840.0649986950679 431.1518060691788
29 2 192.4805198791989 531.1235458426078
29 3 854.1553564815049 320.2819117340616
29 4 192.6687668319041 530.6638299460558
29 5 808.6681138236567 292.36323325400633
29 8 870.0913861104838 446.8196254891183
30 2 192.46416847614765 531.1311158890951
30 3 853.7413767635653 321.2446985999261
30 4 192.6412081366744 530.6815025626531
30 5 808.3204109938532 292.4698347334496
30 8 901.6397684760228 463.4484773733035
31 2 192.4480522998589 531.1384693154235
31 3 853.2001159983655 322.31933840618615
31 5 807.9826243785773 292.5744963242213
31 8 934.7543544516824 481.0851204720329
32 2 192.43229209995772 531.145606121593
32 3 852.5253994316308 323.50583115284144
32 5 807.6547539778289 292.6772180263213
32 8 969.4793526974596 499.77631353560514
33 2 192.41700032441736 531.1525263076035
33 3 851.7117040920999 324.80417683989214
33 5 807.3367997916082 292.77799983974984
33 8 1005.8589718733514 519.568815314319
34 2 192.4022805488172 531.1592298734549
34 3 850.7541587915246 326.21437546733824
34 5 807.0287618199151 292.8768417645068
34 8 1043.9374206393552 540.5093845584727
35 2 192.388226976875 531.1657168191475
35 3 849.6485441246697 327.7364270351797
35 5 806.7306400627496 292.97374380059205
36 2 192.37492401225276 531.1719871446811
36 3 848.3912924693135 329.37033154341646
36 5 806.4424345201116 293.0687059480058
37 2 192.36244590163645 531.1780408500557
37 3 846.9794879862477 331.1160889920487
37 5 806.1641451920012 293.1617282067479
37 11 475.6664500048553 265.90512128452656
38 2 192.3508564490897 531.1838779352713
38 3 845.4108666192767 332.9736993810762
38 5 805.8957720784185 293.25281057681843
38 11 486.9339039635984 275.0075950300084
38 12 192.42941231318687 530.5187890799452
39 2 192.340208801681 531.189498400328
39 3 843.6838160952187 334.9431627104992
39 5 805.6373151793634 293.3419530582174
39 11 499.8409118747936 284.48999897515614
39 12 192.39998010669336 530.6116557597654
40 2 192.3305453063853 531.1949022452258
40 3 841.7973759239046 337.02447898031744
40 5 805.3887744948358 293.4291556509448
40 11 514.6518188428781 294.60919014984484
40 12 192.375417935065 530.6926541780971
41 2 192.32189743825893 531.2000894699645
41 3 839.7512373981789 339.21764819053107
41 5 805.1501500248359 293.51441835500054
41 11 531.6309699722892 305.6220255839521
41 12 192.35572579830176 530.7617843349402
42 2 192.31428579988852 531.2050600745442
42 3 837.5457435938993 341.5226703411401
42 5 804.9214417693635 293.5977411703847
42 11 551.0427103674645 317.78536230735153
42 12 192.34090369640364 530.8190462302949
43 2 192.3077201921141 531.2098140589651
43 3 835.1818893699364 343.93954543214454
43 5 804.7026497284187 293.6791240970974
43 11 573.1513851328418 331.3560573499217
43 12 192.3309516293707 530.8644398641611
44 2 192.3021997560253 531.214351423227
44 3 832.6613213681742 346.4682734635443
44 5 804.4937739020015 293.7585671351384
44 11 598.2213393728568 346.59096774153613
44 12 192.32586959720285 530.8979652365387
45 2 192.2977131862324 531.2186721673298
45 3 829.9863380135102 349.1088544353394
45 5 804.294814290112 293.8360702845078
45 11 626.5169181919491 363.7469505120739
45 12 192.32565759990015 530.9196223474278
46 2 192.29423901541023 531.2227762912738
46 3 827.159889513855 351.8612883475299
46 5 804.10577089275 293.91163354520563
46 11 658.302466694556 383.0808626914086
46 12 192.3303156374626 530.9294111968285
47 2 192.29174597011664 531.2266637950587
47 3 824.185577860132 354.7255752001158
47 5 803.9266437099157 293.9852569172319
47 11 693.8423299851142 404.84956130941873
47 12 192.3398437098902 530.9273317847405
48 2 192.2901933978843 531.2303346786847
48 3 821.0676568262782 357.7017149930971
48 5 803.7574327416088 294.0569404005865
48 11 733.4008531680606 429.30990339597656
48 12 192.35424181718287 530.9133841111642
49 2 192.28953176558687 531.2337889421518
49 3 817.8110319692438 360.7897077264737
49 5 803.5981379878297 294.1266839952696
49 11 777.2423813478349 456.7187459809616
49 12 192.3735099593408 530.8875681760993
50 2 192.28970322907844 531.2370265854598
50 3 814.4212606289924 363.9895534002457
50 5 803.448759448578 294.19448770128105
50 11 825.6312596288722 487.3329460942491
51 2 192.2906422741073 531.240047608609
51 3 810.9045519285004 367.3012520144131
51 5 803.3092971238541 294.2603515186209
51 11 878.8318331156097 521.4093607657142
52 2 192.29227642850327 531.2428520115991
52 3 807.2677667737578 370.7248035689758
52 5 803.1797510136577 294.3242754472892
52 11 937.1084469124876 559.204847025233
53 2 192.2945270456389 531.2454397944302
53 3 803.5184178537676 374.2602080639339
53 5 803.0601211179888 294.38625948728594
53 11 1000.7254461239412 600.9762619026842
53 15 1071.125663156616 213.3603112276924
53 16 806.9337157999997 351.9599609000001
54 2 192.2973101591648 531.2478109571024
54 3 799.664669640546 377.90746549928735
54 5 802.9504074368476 294.4463036386111
54 15 1050.4091118132312 211.45128865838467
54 16 803.3774413999998 354.43676760000005
55 2 192.3005374090183 531.2499654996157
55 3 795.7153383891227 381.6665758750362
55 5 802.850609970234 294.5044079012646
55 15 1029.9285182581073 209.54226608907695
55 18 192.31458761428567 530.8531011241756
56 2 192.3041170387064 531.2519034219699
56 3 791.6798921375403 385.5375391911804
56 5 802.7607287181479 294.56057227524656
56 15 1009.6838824912444 207.63324351976928
56 18 192.3301070593406 530.8276598598899
57 2 192.30795496386236 531.2536247241652
57 3 787.5684507068548 389.52035544772
57 5 802.6807636805895 294.6147967605569
57 15 989.6752045126424 205.7242209504616
57 18 192.34562650439557 530.8022185956041
58 2 192.31195591207623 531.2551294062016
58 3 783.3917857011355 393.6150246446549
58 5 802.6107148575587 294.6670813571957
58 15 969.9024843223012 203.8151983811539
58 18 192.3611459494505 530.7767773313185
59 2 192.3160246339992 531.256417468079
59 3 779.1613205074647 397.82154678198526
59 5 802.5505822490554 294.71742606516284
59 15 950.3657219202208 201.9061758118462
59 18 192.37666539450544 530.7513360670328
60 2 192.3200671857216 531.2574889097974
60 3 774.8891302959382 402.13992185971097
60 5 802.5003658550798 294.7658308844584
60 15 931.0649173064014 199.9971532425385
60 18 192.3921848395604 530.725894802747
61 2 192.3239922824251 531.2583437313568
61 3 770.5879420196648 406.570149877832
61 5 802.4600656756318 294.8122958150824
61 15 912.0000704808429 198.0881306732308
61 18 192.4077042846153 530.7004535384613
62 2 192.32771272330848 531.2589819327574
62 3 766.2711344147665 411.1122308363484
62 5 802.4296817107113 294.85682085703485
62 15 893.171181443545 196.1791081039231
62 18 192.42322372967027 530.6750122741756
63 2 192.33114688778733 531.2594035139988
63 3 761.9527380003788 415.76616473526025
63 5 802.4092139603184 294.89940601031566
63 15 874.5782501945082 194.27008553461545
63 18 192.4387431747252 530.6495710098899
64 2 192.3342203029676 531.2596084750813
64 3 757.64743507865 420.5319515745674
64 5 802.3986624244532 294.9400512749249
64 15 856.2212767337323 192.36106296530767
64 18 192.45426261978017 530.6241297456041
65 2 192.3368672823931 531.259596816005
65 3 753.3705597347422 425.40959135427
65 5 802.3980271031155 294.9787566508625
65 15 838.1002610612172 190.45204039600003
65 18 192.4697820648351 530.5986884813184
66 2 192.3390326360665 531.2593685367696
66 3 749.1380978368301 430.3990840743679
66 5 802.4073079963055 295.0155221381286
66 15 820.2152031769629 188.54301782669236
66 18 192.48530150989004 530.5732472170328
66 26 744.2376709 439.6260376
67 2 192.34067345174455 531.2589236373752
67 3 744.9666870361021 435.50042973486114
67 5 802.426505104023 295.05034773672304
67 15 802.5661030809697 186.63399525738464
67 18 192.500820954945 530.547805952747
68 2 192.34176094750725 531.2582621178219
68 3 740.8736167667596 440.7136283357498
68 5 802.4556184262681 295.0832334466459
68 15 785.152960773237 184.72497268807692
69 2 192.3422823956 531.2573839781096
69 3 736.8768282460173 446.0386798770338
69 5 802.4946479630408 295.1141792678972
69 15 767.9757762537654 182.81595011876925
70 2 192.34224311755088 531.2562892182384
70 3 732.9949144741031 451.4755843587132
70 5 802.5435937143411 295.14318520047686
70 15 751.0345495225549 180.9069275494616
71 2 192.34166855056063 531.2549778382082
71 3 729.2471202342581 457.024341780788
71 5 802.602455680169 295.170251244385
71 15 734.3292805796048 178.99790498015386
72 2 192.3406063851673 531.253449838019
72 3 725.6533420927367 462.6849521432581
72 5 802.6712338605246 295.1953773996215
72 15 717.859969424916 177.08888241084617
73 2 192.33912877418405 531.2517052176709
73 3 722.2341283988064 468.4574154461236
73 5 802.7499282554077 295.2185636661864
73 15 701.6266160584878 175.1798598415385
74 2 192.3373346129114 531.2497439771638
74 3 719.010679284748 474.34173168938446
74 5 802.8385388648184 295.2398100440798
74 15 685.6292204803203 173.2708372722308
75 2 192.335351890623 531.2475661164978
75 3 716.0048466658556 480.3379008730407
75 5 802.9370656887567 295.2591165333015
75 15 669.8677826904141 171.3618147029231
76 2 192.3333401133252 531.2451716356727
76 3 713.2391342404367 486.44592299709234
76 5 803.0455087272225 295.2764831338517
76 15 654.3423026887685 169.45279213361542
77 2 192.33149279779087 531.2425605346887
77 3 710.7366974898111 492.66579806153936
77 5 803.163867980216 295.29190984573023
77 15 639.0527804753838 167.54376956430772
78 2 192.3300400368663 531.2397328135457
78 3 708.5213436783132 498.9975260663816
78 5 803.2921434477371 295.30539666893725
78 47 621.3239136 537.3048096
79 2 192.32925113605287 531.2366884722438
79 3 706.6175318532892 505.44110701161935
79 5 803.4303351297857 295.3169436034726
80 2 192.32943732136175 531.2334275107829
80 3 705.0503728450999 511.9965408972525
80 5 803.578443026362 295.3265506493364
81 2 192.33095451844315 531.229949929163
81 3 703.8456292671186 518.663827723281
81 5 803.7364671374659 295.33421780652867
81 51 555.3565318670385 616.8896463769261
82 2 192.3342062029887 531.2262557273842
82 3 703.0297155157317 525.4429674897048
82 5 803.9044074630973 295.3399450750493
83 2 192.3396463224083 531.2223449054464
83 3 702.6296977703389 532.333960196524
83 5 804.0822640032563 295.3437324548983
83 51 534.2163331195443 639.9884957837767
84 2 192.34778228878045 531.2182174633497
84 3 702.6732939933537 539.3368058437386
84 5 804.270036757943 295.34557994607576
84 51 524.7060235078466 649.8166753882515
85 2 192.35917804307653 531.2138734010939
85 3 703.188873930202 546.4515044313484
85 5 804.4677257271572 295.3454875485816
85 51 515.9022404041816 658.4973582600924
86 2 192.37445719065903 531.2093127186793
86 3 704.2054591093237 553.6780559593539
86 5 804.6753309108991 295.3434552624159
86 51 507.8049838085494 666.0305443992993
87 2 192.39430620805328 531.2045354161056
87 3 705.752722842171 561.0164604277545
87 5 804.8928523091686 295.33948308757857
87 51 500.41425372095 672.4162338058732
87 55 192.2505798 531.1487427
88 3 707.8609902232099 568.4667178365505
88 5 805.1202899219655 295.33357102406967
88 51 493.73005014138334 677.6544264798122
89 2 192.45079385374228 531.1943309504815
89 3 710.5612381299201 576.028828185742
89 5 805.3576437492902 295.3257190718892
89 51 487.7523730698495 681.7451224211181
90 2 192.48914964968432 531.1889037874308
90 3 713.8850952227934 583.7027914753287
90 5 805.6049137911424 295.31592723103705
90 51 482.48122250634833 684.6883216297892
91 2 192.53551656319345 531.1832600042213
91 3 717.864841945336 591.4886077053109
91 5 805.8621000475222 295.3041955015134
91 51 477.91659845088 686.4840241058273
92 2 192.59094602277403 531.1773996008528
92 3 722.5334105240665 599.3862768756884
92 5 806.1292025184297 295.29052388331814
92 51 474.0585009034444 687.1322298492314
93 2 192.656573065476 531.1713225773254
93 3 727.9243849685165 607.3957989864614
93 5 806.4062212038647 295.2749123764513
93 61 1067.728516 214.8365936
93 62 192.5591125 531.2687988
