1 1 593.3240116664346 383.0792195616648
1 2 775.5433804488766 382.08895508503673
2 1 588.5869635278054 380.00207079373865
2 2 773.9225944426004 379.6028896099696
3 1 584.4641277606671 376.91637132147775
3 2 771.342348483615 377.3154693481362
4 1 580.9555043650197 374.01043640108026
4 2 767.8026425719203 375.2266942995368
5 1 578.0610933408632 371.4259288718573
5 2 763.3034767075166 373.3365644641712
5 5 400.4239945629779 352.52494095454625
6 1 575.7808946881973 369.2578591562336
6 2 757.8448508904036 371.6450798420394
6 5 391.1990593296876 350.7958769953545
7 1 574.1149084070225 367.5545852597468
7 2 751.4267651205814 370.1522404331415
7 5 383.8022288120345 349.3326279046729
8 1 573.0631344973384 366.3178127710481
8 2 744.0492193980501 368.8580462374776
8 5 377.8669231301088 348.1200045506593
9 1 572.6255729591452 365.50259486190185
9 2 735.7122137228097 367.7624972550474
9 5 373.0265624040005 347.14281780147144
10 1 572.8022237924429 365.0173322871855
10 2 726.4157480948601 366.86559348585104
10 5 368.9145667537997 346.3858785252672
11 1 573.5930869972312 364.72377338489
11 2 716.1598225142012 366.1673349298886
11 5 365.1643562995964 345.8339975902043
12 1 574.9981625735106 364.43701407611934
12 2 704.9444369808333 365.66772158716
12 5 361.4093511614806 345.4719858644407
13 1 577.0174505212807 363.925497865091
13 2 692.7695914947561 365.3667534576653
13 5 357.2829714595425 345.284654216134
14 1 579.6509508405417 362.91101583913553
14 2 679.6352860559698 365.26443054140447
14 5 352.4186373138721 345.25681351344224
15 2 665.5415206644743 365.3607528383775
15 5 346.44976884455946 345.37327462452305
16 2 650.4882953202697 365.65572034858434
16 5 339.00978617169466 345.6188484175343
17 2 634.4756100233558 366.14933307202506
17 5 329.73210941536774 345.97834576063383
17 7 1081.150268554688 374.7182312011721
18 2 617.5034647737328 366.84159100869965
18 5 318.25015869566886 346.43657752197936
18 7 1069.1510009765627 375.11621093750006
19 2 599.5718595714006 367.73249415860806
19 5 304.1973541326879 346.9783545697288
20 2 580.6807944163593 368.8220425217504
20 5 287.20711584651514 347.5884877720399
20 8 980.1971900576634 372.790295192172
21 2 560.8302693086088 370.11023609812656
21 5 266.91286395724035 348.2517879970705
21 8 933.3200555710564 374.6855749947673
22 2 540.0202842481491 371.5970748877366
22 5 242.9480185849539 348.9530661129784
22 8 886.4429210844492 374.71131853376056
22 9 696.845231598694 369.28768744530606
23 2 518.2508392349803 373.2825588905805
23 5 214.9459998497456 349.67713298792137
23 8 839.5657865978421 372.8675258091517
23 9 701.5501801710468 370.18604833638096
24 2 495.5219342691022 375.1666881066582
24 5 182.54022787170567 350.4087994900573
24 8 792.6886521112351 369.15419682094085
24 9 702.6721905619447 371.3144639320051
25 2 471.833569350515 377.2494625359698
25 5 145.36412277092415 351.1328764875439
25 8 745.8115176246279 363.571331569128
25 9 700.211262771388 372.6729342321785
25 10 145.07954025268646 348.73310343424487
26 2 447.1857444792186 379.5308821785153
26 9 694.1673967993761 374.2614592369012
26 10 115.04967498779342 347.4962259928386
27 2 421.5784596552131 382.01094703429465
27 9 684.5405926459093 376.080038946173
27 10 85.01980972290039 346.2593485514324
28 2 395.0117148784984 384.6896571033078
28 9 671.3308503109877 378.1286733599941
29 2 367.4855101490745 387.5670123855549
29 9 654.5381697946111 380.4073624783644
30 2 338.9998454669415 390.64301288103576
30 9 634.1625510967795 382.916106301284
31 2 309.55472083209924 393.91765858975054
31 9 610.2039942174931 385.6549048287528
32 2 279.15013624454787 397.3909495116992
32 9 582.6624991567517 388.6237580607708
33 2 247.7860917042873 401.0628856468817
33 9 551.5380659145551 391.8226659973381
34 2 215.46258721131755 404.933466995298
34 9 516.8306944909041 395.2516286384546
35 2 182.17962276563856 409.0026935569482
35 9 478.5403848857978 398.9106459841203
36 2 147.93719836725063 413.2705653318323
36 9 436.66713709923664 402.7997180343353
37 2 112.7353140161532 417.7370823199502
37 9 391.2109511312207 406.9188447890995
38 2 76.57396971234687 422.402244521302
38 9 342.1718269817499 411.268026248413
39 2 39.45316545583125 427.2660519358877
39 9 289.54976465082365 415.84726241227565
40 2 1.3729012466064887 432.3285045637072
40 9 233.3447641384429 420.6565532806876
40 18 219.81892797783803 435.1419480516039
41 9 173.55682544460734 425.6958988536487
41 18 187.36374407742187 434.9245442024809
41 19 1192.1304931640625 594.7911376953125
42 18 160.67258511153705 435.0947747427085
43 18 138.9161137835581 435.65263967228674
44 18 121.33017257360189 436.5981389912157
44 21 331.962705219863 538.0820626324487
45 18 107.2157837385821 437.93127269949537
45 21 332.41105036099907 534.1370953460637
46 18 95.93914931209292 439.6520407971256
46 21 337.7217439020169 530.3489843473508
47 18 86.93165110456175 441.7604432841066
47 21 345.48204071604414 526.7177296363103
48 18 79.68985070310737 444.2564801604383
48 21 353.9435785415699 523.2433312129422
49 18 73.77548947159084 447.14015142612055
49 21 361.9212740195799 519.9257890772462
50 18 68.81548855069923 450.4114570811536
50 21 368.699306405324 516.7651032292226
51 18 64.50194885777455 454.0703971255372
51 21 373.9441889556474 513.7612736688714
52 18 60.59215108701028 458.1169715592716
52 21 377.62492797797313 510.9143003961922
53 18 56.90855570924032 462.5511803823565
53 21 379.94026956299786 508.2241834111855
54 18 53.33880297217911 467.3730235947922
54 21 381.25303398026153 505.6909227138511
55 18 49.8357129001306 472.5825011965786
55 21 382.0315377492225 503.31451830418894
56 18 46.41728529433749 478.1796131877156
56 21 382.798103385896 501.0949701821991
57 18 43.16669973261742 484.1643595682033
57 21 384.0846568119596 499.0322783478815
58 18 40.232315569679486 490.5367403380417
58 21 386.39541244431166 497.1264428012362
59 18 37.82767193687687 497.2967554972306
59 21 390.1766459522187 495.3774635422633
60 18 36.23148774239962 504.4444050457704
60 21 395.7935546905501 493.7853405709626
61 18 35.787661671103706 511.9796889836608
61 21 403.5142057945486 492.3500738873343
62 21 413.50057196465787 491.07166349137816
63 21 425.8066548990319 489.9501093830944
64 21 440.3836964230868 488.98541156248285
65 21 457.0924772723811 488.1775700295436
66 21 475.7227035540273 487.5265847842768
67 21 496.0194808845408 487.0324558266821
68 21 517.7168761877692 486.6951831567599
69 21 540.5785671800259 486.5147667745098
70 21 564.4455795099493 486.4912066799321
71 21 589.2911115879542 486.6245028730266
72 21 615.2824470716296 486.9146553537935
73 21 642.8499550313572 487.36166412223264
74 21 672.7631777940551 487.96552917834407
75 21 706.2140064352425 488.7262505221279
76 21 744.9069439813611 489.6438281535839
77 21 791.1564562386484 490.7182620727122
78 21 847.9914103287738 491.9495522795128
79 21 919.266600887524 493.3376987739857
80 21 1009.7813639242086 494.8827015561309
81 21 1125.4052783620427 496.5845606259484
82 27 50.59220123291016 424.2619018554688
82 28 675.9199196377958 415.9037518653904
82 30 942.2565840314958 411.7845628781426
83 28 660.4318171732157 414.35561593784
83 30 939.8268942016476 412.2575804016154
83 32 178.25425453186108 431.22961092862215
83 33 1100.7213609695882 420.7537610707938
84 28 644.1495072144535 413.0934922009756
84 30 937.3355014406892 412.7305979250883
84 32 152.92627221309704 432.9346552068537
84 33 1098.4529090846509 420.856547051405
84 34 390.9236755371094 410.1073608398437
85 28 627.2043137695218 412.1031090885699
85 30 934.7966551048028 413.2036154485612
85 32 129.39169721892358 434.6396994850852
85 33 1096.0237968198126 420.9996307620784
86 28 609.7195286189963 411.37051189061
86 30 932.223971414465 413.6766329720341
86 32 107.65052954933708 436.3447437633167
86 33 1093.4630548977166 421.1812648878722
86 37 277.12296690881453 406.7013785967689
86 38 499.00225830078136 405.5090942382813
87 28 591.8106214716827 410.882062753305
87 30 929.6304334544336 414.149650495507
87 32 87.70276920434117 438.04978804154825
87 33 1090.7982944509167 421.3997021138448
88 28 573.5854501206704 410.624440679087
88 30 927.0283911737596 414.6226680189798
88 32 69.54841618393402 439.7548323197798
88 33 1088.055707021892 421.6531951250544
89 28 555.1444705989197 410.5846415266037
89 30 924.4295613857864 415.0956855424527
89 32 53.18747048811383 441.4598765980113
89 33 1085.26006456305 421.93999660655936
89 34 348.19171142578125 403.1781616210937
90 28 536.5809473352128 410.74997801072686
90 30 921.8450277681412 415.5687030659256
90 32 38.61993211688423 443.1649208762428
90 33 1082.4347194367165 422.2583592434177
91 28 517.9811633098434 411.1080797025484
91 30 919.2852408627448 416.0417205893985
91 32 25.845801070241578 444.8699651544744
91 33 1079.601604415142 422.60653572068776
92 28 499.4246302105748 411.6468930293795
92 30 916.7600180758016 416.5147381128713
92 32 14.865077348189516 446.5750094327059
92 33 1076.781232680496 422.9827787234279
92 44 708.52294921875 418.3512268066406
93 28 480.98429858833697 412.35468127475
93 30 914.2785436778124 416.9877556363442
93 33 1073.9926978248732 423.3853409366963
94 28 462.72676801304624 413.2200245784147
94 30 911.849368803562 417.4607731598171
94 33 1071.2536738502977 423.81247504555125
95 28 444.7124972294332 414.23181993634216
95 30 909.4804114521282 417.93379068329
95 33 1068.580415168708 424.2624337350509
96 28 426.996014312921 415.3792812007291
96 30 907.1789564868752 418.4068082067629
96 33 1065.9877566019632 424.7334696902537
97 28 409.6261268252929 416.651939079984
97 30 904.9516556354572 418.8798257302357
97 33 1063.489113381862 425.2238355962176
97 38 437.9962158203124 417.0034790039063
97 48 372.9265747070313 429.38189697265625
98 28 392.6461319706941 418.0396411387442
98 30 902.804527489817 419.3528432537086
98 33 1061.0964811501 425.7317841380009
99 28 376.09402675115416 419.5325517978613
99 30 900.7429575061904 419.8258607771815
99 33 1058.8204359583278 426.25556800066215
99 50 1260.077408055939 430.6670624217346
100 28 360.0027181227342 421.1211523344091
100 30 898.7716980050957 420.2988783006544
100 33 1056.6701342680808 426.7934398692594
100 50 1255.1617940637336 430.92413553029184
100 53 66.20574188232422 423.79345703125
101 28 344.4002331510856 422.7962408816811
101 30 896.8948681713453 420.7718958241272
101 33 1054.6533129508507 427.3436524288508
101 37 152.4857154941161 428.7852666704488
101 50 1250.2461800715282 431.181208638849
102 28 329.30992916741525 424.5489324291948
102 30 895.1159540540418 421.2449133476001
102 33 1052.7762892880355 427.9044583644948
102 37 144.17656539980285 430.2575258753608
102 50 1245.3305660793228 431.4382817474062
103 28 314.7507039240809 426.37065882268143
103 30 893.4378085665733 421.717930871073
103 33 1051.0439609709629 428.47411036124953
103 50 1240.4149520871174 431.6953548559634
104 28 300.7372057507455 428.2531687640976
104 30 891.8626514866226 422.1909483945459
104 33 1049.459806100872 429.0508611041733
104 50 1235.4993380949118 431.95242796452055
105 28 287.2800437098995 430.1885278116197
105 30 890.3920694561546 422.6639659180188
105 33 1048.0258831889396 429.6329632783244
105 50 1230.5837241027064 432.2095010730777
106 28 274.38599775274633 432.169118379642
106 30 889.0270159814256 423.1369834414916
106 33 1046.7428311562617 430.2186695687608
106 50 1225.668110110501 432.4665741816349
107 28 262.05822887504473 434.1876397387832
107 30 887.7678114329876 423.6100009649645
107 33 1045.6098693338463 430.806232660541
107 50 1220.7524961182955 432.7236472901921
108 30 886.6141430456735 424.0830184884374
108 33 1044.6247974626394 431.3939052387234
108 50 1215.83688212609 432.9807203987493
109 30 885.5650649186107 424.5560360119103
109 33 1043.7839956934977 431.97993998836586
109 50 1210.9212681338845 433.2377935073065
110 30 884.6189980152119 425.0290535353831
110 33 1043.0824245872063 432.5625895945269
110 50 1206.005654141679 433.49486661586366
111 28 218.35824935789424 442.5061084665449
111 30 883.7737301631826 425.502071058856
111 33 1042.513625114475 433.1401067422647
111 50 1201.0900401494737 433.7519397244208
111 60 412.2316766723052 425.3208692226879
112 28 208.7973282793464 444.6158628082212
112 30 883.0264160545173 425.9750885823289
112 33 1042.0697186559382 433.7107441166375
112 50 1196.174426157268 434.0090128329781
112 60 440.1859000657205 430.3366685799063
113 28 199.75742091533172 446.72639754533975
113 30 882.3735772454932 426.4481061058018
113 33 1041.7414070021375 434.2727544027037
113 50 1191.2588121650629 434.2660859415352
113 60 466.5118345423143 435.1008062053427
114 28 191.22223993625084 448.8326299420564
114 30 881.811102156689 426.9211236292747
114 33 1041.5179723535605 434.8243902855211
114 50 1186.3431981728572 434.5231590500924
114 60 491.26120235000417 439.6132820989972
115 28 183.1735603031775 450.929794118752
115 30 881.3342460729612 427.3941411527475
115 33 1041.387277320603 435.3639044501484
115 50 1181.4275841806518 434.7802321586496
115 60 514.4857257367003 443.8740962608697
116 28 175.59142942429023 453.0134410520209
116 30 880.9376311434628 427.8671586762204
116 33 1041.335764923581 435.8895495816439
116 50 1176.5119701884464 435.0373052672068
116 60 536.2371269502873 447.8832486909603
116 64 173.2940063476562 447.8367004394532
117 28 168.45437731022685 455.0794385746876
117 30 880.6152463816359 428.3401761996933
117 33 1041.3484585927508 436.3995783650655
117 50 1171.5963561962408 435.2943783757639
117 60 556.5671282386866 451.6407393892685
117 64 172.73043823242182 448.0399780273438
118 28 161.73962673008646 457.1239713757896
118 30 880.3604476652024 428.8131937231662
118 33 1041.4089621682697 436.8922434854714
118 50 1166.6807422040356 435.5514514843212
118 60 575.5274518498009 455.1465683557942
119 28 155.4233033672208 459.14354100058654
119 30 880.1659577361845 429.286211246639
119 33 1041.499459900233 437.3657976279203
119 50 1161.76512821183 435.8085245928783
119 60 593.1698200315404 458.4007355905389
120 28 149.48064597520715 461.1349658505601
120 30 880.023866200888 429.7592287701119
120 33 1041.60071644866 437.81849347747016
120 50 1156.8495142196246 436.0655977014355
120 60 609.545955031801 461.40324109350126
121 28 143.88621653336304 463.0953811834088
121 30 879.9256295299122 430.2322462935848
121 33 1041.692076883476 438.2485837191792
121 50 1151.9339002274191 436.3226708099927
121 60 624.7075790985 464.1540848646812
122 28 138.61411040269013 465.0222391130533
122 30 879.8620710581442 430.7052638170577
122 33 1041.75146668455 438.6543210381059
122 50 1147.0182862352135 436.57974391854987
122 60 638.706414479544 466.6532669040792
123 28 133.6381664816654 466.9133086096376
123 30 879.8233809847532 431.1782813405306
123 33 1041.7553917416544 439.0339581193082
123 50 1142.102672243008 436.83681702710703
123 60 651.5941834228288 468.9007872116956
124 28 128.93217736217048 468.766675499523
124 30 879.7991163732088 431.6512988640034
124 33 1041.678938354505 439.3857476478447
124 50 1137.1870582508027 437.09389013566425
124 60 663.4226081762681 470.8966457875297
125 28 124.47009948510096 470.5807424652894
125 30 879.778201151262 432.1243163874763
125 33 1041.4957732327175 439.7079423087733
125 60 674.243410987765 472.6408426315818
126 28 120.22626329644118 472.354229045739
126 30 879.748926110957 432.5973339109492
126 33 1041.178143495862 439.9987947871524
126 60 684.1083141052295 474.1333777438515
126 65 1171.3083567130816 442.41442771579904
127 28 116.17558340266989 474.0861716358968
127 30 879.6989489086311 433.0703514344221
127 33 1040.696876673388 440.2565577680402
127 60 693.0690397765648 475.37425112433925
127 65 1168.8460159501265 442.3913576028093
128 28 112.29376872705323 475.7759234870018
128 30 879.615294064896 433.5433689578949
128 33 1040.0213807047212 440.4794839364952
128 60 701.1773102496809 476.3634627730455
128 65 1166.9648663975097 442.3682874898194
129 28 108.55753266503598 477.42315470651874
129 30 879.4843529646676 434.0163864813678
129 33 1039.1196439391524 440.6658259775754
129 60 708.4848477724772 477.10101268996937
129 65 1165.5696150032018 442.3452173768296
130 28 104.94480324037433 479.0278522581348
130 30 879.2918838571466 434.4894040048407
130 33 1037.9582351359477 440.81383657633904
130 60 715.0433745928713 477.58690087511127
130 65 1164.573000098084 442.3221472638397
131 28 101.434933260658 480.59031996174735
131 30 879.0230118558222 434.9624215283136
131 33 1036.5023034642527 440.9217684178444
131 60 720.9046129587587 477.8211273284712
131 65 1163.8957913956983 442.29907715084994
132 28 98.0089104733488 482.1111784934874
132 30 878.662228938472 435.4354390517865
132 33 1034.715578503162 440.9878741871498
132 60 726.120285118046 477.8036920500488
132 65 1163.466789992075 442.2760070378601
133 28 94.64956772149162 483.5913653856924
133 30 878.1933939471603 435.9084565752593
133 33 1032.5603702416963 441.0104065693135
133 60 730.7421133186399 477.5345950398448
133 65 1163.2228283663571 442.2529369248703
134 28 91.34179309963656 485.0321350269333
134 30 877.5997325882497 436.3814740987322
134 33 1029.9975690788006 440.9876182493937
134 60 734.8218198084578 477.013836297858
134 65 1163.1087703798985 442.22986681188047
135 28 88.07274010927358 486.4350586619912
135 30 876.8638374323871 436.8544916222051
135 33 1026.9866458232882 440.91776191244855
135 60 738.4111268353918 476.2414158240897
135 65 1163.0775112770498 442.2067966988906
136 28 84.83203781522752 487.8020243918718
136 30 875.967667914507 437.32750914567794
136 33 1023.48565169398 440.7990902435365
136 60 741.561756647352 475.217333618539
136 65 1163.0899776847218 442.1837265859008
137 28 81.61200100095448 489.13523717380303
137 30 874.8925503338321 437.8005266691508
137 33 1019.4512183195602 440.6298559277158
137 60 744.3254314922451 473.9415896812068
137 65 1163.1151276124583 442.1606564729109
138 28 78.40784032474767 490.4372188212278
138 33 1014.8385577386598 440.4083116500445
138 60 746.7538736179849 472.41418401209216
138 65 1163.1299504528724 442.1375863599212
139 28 75.21787247515022 491.7108080038156
139 33 1009.6014623998316 440.1327100955808
139 50 1063.452848367721 440.949986764022
139 60 748.8988052724671 470.63511661119605
139 65 1163.1194669807592 442.1145162469313
140 28 72.04373032699368 492.9591602474525
140 33 1003.6923051615386 439.80130394938334
140 50 1058.5372343755153 441.2070598725792
140 60 750.811948703602 468.6043874785176
140 65 1163.0767293537792 442.0914461339415
141 28 68.89057309735654 494.1857479342452
141 33 997.062039292181 439.4123458965101
141 50 1053.6216203833098 441.46413298113634
141 60 752.5450261592996 466.3219966140566
141 65 1163.0028211126482 442.0683760209516
142 28 65.7672965011443 495.3943603025209
142 33 989.6601984700756 438.9640886220194
142 50 1048.7060063911044 441.7212060896935
142 60 754.149759887463 463.7879440178142
142 65 1162.9068571802054 442.04530590796185
143 28 62.686742906909785 496.5891034468245
143 33 981.434896783453 438.4547848109692
143 50 1043.7903923988988 441.97827919825073
143 60 755.6778721359951 461.0022296897894
143 65 1162.805983862272 442.022235794972
144 28 59.665911492593295 497.77440031792776
144 33 972.332828730494 437.8826871484183
144 50 1038.8747784066936 442.2353523068079
144 60 757.1810851528171 457.9648536299831
144 65 1162.7253788473463 441.99916568198216
145 28 56.72616840169212 498.9549907228179
145 33 962.2992692192674 437.24604831942446
145 50 1033.959164414488 442.49242541536506
145 60 758.7111211858028 454.6758158383939
145 65 1162.6982512065588 441.9760955689924
146 28 53.893456898593286 500.1359313247044
146 33 951.2780735678016 436.5431210090462
146 50 1029.0435504222826 442.7494985239223
146 60 760.3197024828878 451.1351163150232
146 65 1162.765841393848 441.95302545600254
147 28 51.198507524924935 501.3225956430124
147 33 939.2116775040096 435.77215790234175
147 50 1024.1279364300772 443.00657163247945
147 60 762.0585512919752 447.3427550598701
147 65 1162.9774212457269 441.9299553430127
148 28 48.67704825477995 502.5206740533959
148 33 926.0410971657566 434.9314116843692
148 50 1019.2123224378716 443.2636447410366
148 60 763.9793898609532 443.29873207293554
148 65 1163.3902939813415 441.9068852300229
149 60 766.1339404377468 439.0030473542181
150 60 768.5739252702515 434.4557009037196
150 71 1143.9223678171966 537.1619550409425
151 60 771.3510666063885 429.65669272143873
151 71 1144.010644844425 537.0197909658076
152 60 774.5170866940389 424.6060228073754
152 71 1144.098921871654 536.8834083547113
153 60 778.1237077811275 419.30369116153065
153 71 1144.1871988988828 536.7528072076534
154 60 782.2226521155644 413.74969778390346
154 71 1144.2754759261115 536.6279875246341
155 60 786.8656419452454 407.9440426744943
155 71 1144.36375295334 536.5089493056535
156 60 792.1043995180735 401.8867258333028
156 71 1144.4520299805688 536.3956925507113
157 60 797.9906470819624 395.5777472603297
157 71 1144.5403070077975 536.2882172598077
158 60 804.5761068848187 389.0171069555743
158 71 1144.6285840350265 536.1865234329426
159 60 811.9125011745455 382.2048049190373
159 71 1144.716861062255 536.0906110701162
160 71 1144.8051380894835 536.0004801713283
161 71 1144.8934151167125 535.9161307365789
161 76 587.5673369943033 398.0207624813641
162 71 1144.981692143941 535.8375627658681
162 76 555.5976965384543 397.3721770914887
163 71 1145.0699691711698 535.7647762591959
164 71 1145.1582461983985 535.6977712165622
164 79 126.58168351266067 375.93487680720136
164 81 755.9279785156195 404.8644409179683
165 71 1145.2465232256272 535.636547637967
165 79 162.56425682618283 378.571177371341
165 81 713.1600341796848 400.3702697753903
166 71 1145.3348002528558 535.5811055234105
166 79 200.4586302165408 381.19658114740014
167 71 1145.4230772800845 535.5314448728925
167 79 239.85456595977303 383.7972960229381
168 71 1145.5113543073132 535.4875656864131
168 79 280.36283735500183 386.3604109899607
169 71 1145.599631334542 535.4494679639722
169 79 321.6152287229197 388.8738961449562
170 71 1145.6879083617707 535.4171517055698
170 79 363.2645354059059 391.3266026888232
171 71 1145.7761853889992 535.390616911206
171 79 404.9845637675608 393.708262927008
171 83 40.97915249848961 328.8823043431992
172 71 1145.864462416228 535.3698635808809
172 79 446.4701311930549 396.00949026938906
172 83 51.34537112638827 329.37813428294487
173 71 1145.9527394434567 535.3548917145943
173 79 487.4370660900604 398.2217792302909
173 83 61.71158975428716 329.8739642226906
174 71 1146.0410164706857 535.3457013123461
174 79 527.6222078875871 400.3375054284916
174 83 72.07780838218605 330.3697941624363
175 71 1146.1292934979142 535.3422923741366
175 79 566.7834070357494 402.3499255872812
175 83 82.44402701008471 330.865624102182
175 84 93.52828598022428 331.9132181803388
176 71 1146.217570525143 535.3446648999657
176 79 604.6995250075124 404.2531775343814
176 83 92.8102456379836 331.3614540419277
176 84 99.89076232910143 332.13199869791686
177 71 1146.3058475523717 535.3528188898333
177 76 318.17555786991943 387.6433962433576
177 79 641.1704342962475 406.0422802020039
177 83 103.17646426588226 331.8572839816734
177 84 106.2532386779784 332.35077921549487
178 71 1146.3941245796002 535.3667543437394
178 76 318.4889131699638 386.9948108534823
178 79 676.0170184180606 407.71313362680667
178 83 113.54268289378116 332.3531139214191
179 71 1146.482401606829 535.3864712616842
179 76 320.8199557047483 386.34622546360686
179 79 709.0811719105113 409.2625189499304
179 83 123.90890152168004 332.8489438611648
180 71 1146.5706786340577 535.4119696436674
180 76 325.16868547428385 385.69764007373146
180 79 740.2258003326133 410.6880984168965
180 83 134.2751201495787 333.3447738009105
181 71 1146.6589556612864 535.4432494896893
181 79 769.3348202649504 411.9884153778549
181 83 144.6413387774776 333.8406037406561
182 71 1146.747232688515 535.4803107997496
182 79 796.3131593100261 413.1628942872776
182 83 155.00755740537625 334.33643368040185
183 71 1146.8355097157437 535.5231535738486
183 79 821.0867560919141 414.2118407041635
183 83 165.3737760332751 334.8322636201476
184 71 1146.9237867429724 535.5717778119861
184 79 843.6025602569571 415.13644129196473
184 83 175.73999466117402 335.32809355989326
185 71 1147.0120637702012 535.6261835141622
185 79 863.8285324719036 415.9387638186236
185 83 186.10621328907268 335.82392349963897
186 71 1147.10034079743 535.6863706803769
186 79 881.7536444269354 416.6217571564776
186 83 196.4724319169716 336.31975343938467
187 71 1147.1886178246584 535.75233931063
187 79 897.3878788322909 417.18925128237606
187 83 206.83865054487023 336.8155833791304
188 71 1147.2768948518872 535.8240894049218
188 79 910.762229420012 417.64595727765845
188 83 217.20486917276912 337.311413318876
189 71 1147.365171879116 535.9016209632521
189 79 921.9287009472029 417.9974673280885
189 83 227.571087800668 337.8072432586217
190 71 1147.4534489063446 535.984933985621
190 79 930.9603091866012 418.2502547239201
190 83 237.93730642856667 338.30307319836743
191 71 1147.5417259335734 536.0740284720283
191 79 937.9510809378698 418.41167385983135
191 83 248.3035250564656 338.79890313811313
192 71 1147.630002960802 536.1689044224744
192 79 943.016054019332 418.4899602350488
192 83 258.66974368436445 339.29473307785884
193 71 1147.7182799880306 536.2695618369589
193 79 946.2912772732088 418.4942304531505
193 83 269.0359623122631 339.79056301760454
194 71 1147.8065570152594 536.376000715482
194 79 947.9338105614296 418.43448222227744
194 83 279.402180940162 340.28639295735024
195 71 1147.894834042488 536.4882210580437
195 79 948.1217247686582 418.3215943549658
195 83 289.76839956806066 340.78222289709595
195 90 280.1108703613327 341.00616455078125
196 71 1147.9831110697169 536.6062228646439
196 79 947.0541018017102 418.167326768249
196 83 300.13461819595955 341.27805283684165
196 90 303.9972839355505 341.38916015624994
197 71 1148.0713880969456 536.7300061352827
197 79 944.9510345866438 417.9843204836725
197 83 310.50083682385844 341.77388277658736
198 71 1148.159665124174 536.8595708699601
198 79 942.053627075511 417.78609762716223
198 83 320.8670554517573 342.26971271633306
199 71 1148.2479421514029 536.9949170686759
199 79 938.623994237976 417.58706142915617
199 83 331.23327407965576 342.7655426560788
200 71 1148.3362191786316 537.1360447314304
200 79 934.9452620665544 417.4024962245312
200 83 341.59949270755465 343.26137259582447
200 91 377.1696777343766 345.9165039062501
201 71 1148.4244962058604 537.2829538582234
201 79 931.3215675771936 417.24856745261786
201 83 351.96571133545353 343.7572025355701
201 91 386.8080444335944 346.8175659179688
202 71 1148.512773233089 537.435644449055
202 79 928.0780588058988 417.14232165733847
202 83 362.3319299633524 344.2530324753158
203 71 1148.6010502603178 537.5941165039252
203 79 925.560894810944 417.10168648687977
203 83 372.6981485912513 344.7488624150615
204 71 1148.6893272875463 537.7583700228339
204 79 924.1372456712415 417.1454706940349
204 83 383.06436721914974 345.2446923548072
205 71 1148.777604314775 537.9284050057811
205 79 924.1952924885554 417.2933641360141
205 83 393.43058584704863 345.74052229455293
206 71 1148.8658813420038 538.104221452767
206 79 926.1442273863358 417.5659377744887
206 83 403.7968044749475 346.23635223429864
207 71 1148.9541583692326 538.2858193637913
207 79 930.4142535077408 417.9846436756634
207 83 414.1630231028464 346.73218217404434
208 71 1149.042435396461 538.4731987388543
208 79 937.456585021806 418.5718150100947
208 83 424.5292417307453 347.22801211379
209 71 1149.1307124236898 538.6663595779557
209 79 947.7434471149464 419.3506660528219
209 83 434.8954603586437 347.7238420535357
210 95 585.2424872145057 442.1779442094266
210 96 440.28408538282383 436.974070051685
210 97 359.9878896152368 425.9739769430698
210 98 252.1707066127201 437.0641043526789
211 95 574.4037196338177 447.95371988788247
211 96 443.3398173400783 437.0060366857797
211 97 362.14552930623177 427.7350191645237
211 98 214.4469620840855 440.2183942522324
212 95 568.6463358942419 451.7181976959109
212 96 447.4557399337064 437.8232412869111
212 97 360.7541691233346 429.3358445397457
212 98 176.7232175554518 443.372684151786
212 100 257.0293950212581 429.1723627857775
213 95 567.1278431843966 453.8480058461428
213 96 452.360639982624 439.0595627594739
213 97 355.8138090665016 430.7764530687359
213 98 138.99947302681812 446.5269740513395
213 100 255.32192173904696 428.1859610900126
214 95 569.0754407458007 454.67614306136966
214 96 457.7833043069113 440.4003142602742
214 97 347.3244491357764 432.0568447514952
214 98 101.27572849818444 449.681263950893
214 100 252.8486843769024 427.2512781256353
215 95 573.7835250925273 454.4950616061688
215 96 463.4525197254261 441.5822431826964
215 97 335.2860893311299 433.1770195880222
215 98 63.55198396955075 452.83555385044656
215 101 385.4132181803393 431.22285970052087
215 102 164.66132132212215 415.5199864705373
216 95 580.6111953351647 453.5596463158727
216 96 469.0970730582485 442.3935311837122
216 97 319.6987296525622 434.1369775783173
216 101 401.3771769205737 430.9580281575521
216 102 148.3885508037738 416.1354460943294
217 95 588.979758426547 452.0900894850493
217 96 474.44575112423627 442.6737941652536
217 97 300.56237010010227 434.9367187223811
217 101 417.3411356608076 430.6931966145833
217 102 132.11578028542544 416.11081259591447
217 103 350.2202452773781 433.4445730745792
218 95 598.3702344112098 450.2746613286436
218 96 479.2273407432949 442.31408226676285
218 97 277.87701067370654 435.576243020213
218 102 115.84300976707708 415.44608597528713
218 103 348.68676816491643 434.2777239643037
219 95 608.3208617698401 448.27237547189
219 96 483.1706287348643 441.2568798894063
219 97 251.64265137340408 436.0555504718127
219 102 99.57023924872874 414.141266232451
219 103 343.15602158301044 433.8572082966566
219 105 187.15054103215243 427.9314196777344
220 95 618.4246025942266 446.2155511081219
220 96 486.0044019182096 439.4961056765169
220 97 221.8592921991949 436.37464107718097
220 102 83.29746873038039 412.1963533674025
220 103 333.6280055317038 432.84494082070887
220 105 173.50236418405893 427.8341513061524
220 107 434.618098795414 416.35226865356526
221 95 628.3266479950398 444.2122700735927
221 96 487.4574471129454 437.0771125219762
221 97 188.52693315106444 436.5335148363183
221 102 67.02469821203204 409.6113473801415
221 103 320.1027200109529 431.7837071977556
221 107 430.4986880421639 413.0489958497456
222 95 637.7219232339412 442.3487297333777
222 96 487.25855113827856 434.09668756555766
222 97 151.64557422902726 436.5321717492229
222 102 50.75192769368368 406.3862482706736
222 103 302.5801650207868 431.0971640199423
222 107 428.8535282015801 410.0129491339794
223 95 646.3525931164622 440.6914917752147
223 96 485.1365008141729 430.7030521957204
223 97 111.21521543308336 436.37061181589615
223 100 196.13016452065492 421.16647435867753
223 103 281.0603405612055 431.0898388065398
223 107 428.5287417769432 407.2346109714636
223 112 553.40869140625 425.84320068359375
224 95 654.0055671446025 439.2896262407303
224 96 480.820082959719 427.095862059854
224 97 67.23585676320363 436.048835036338
224 100 185.99928635918693 420.7489787081754
224 103 255.54324663217997 431.9471299760044
224 105 118.90965679168494 427.4450778198242
224 114 324.4994761149084 418.2257741292317
225 100 175.10264411778553 420.3832017890611
225 103 226.02888323375373 433.73530690185726
225 105 105.26147994359144 427.34780944824223
225 114 320.5974833170569 417.63945515950513
225 115 448.7127431066401 420.2643901624177
226 95 665.7348213754594 437.3729693815112
226 103 192.51725036588323 436.4015098605305
226 105 91.61330309549794 427.25054107666017
226 114 316.6954905192053 417.0531361897785
226 115 423.6197427113839 421.85376469126913
227 103 155.00834802859754 439.7737500630319
227 105 77.96512624740444 427.15327270507817
227 115 398.52674231612855 423.4431392201205
228 103 113.50217622189666 443.560909634456
228 115 373.4337419208723 425.032513748972
229 100 123.85843435286006 419.4372814264784
229 103 67.9987349457515 447.3527416493744
229 115 348.34074152561607 426.62188827782336
229 126 790.067689451389 446.1061340388951
230 100 109.13297171179876 419.3300981643017
230 115 323.2477411303598 428.2112628066748
230 126 826.4032194525935 446.4407956814357
231 100 93.64174499080036 419.27463363351217
231 105 23.37241885503045 426.7641992187501
231 115 298.1547407351036 429.8006373355263
231 126 857.4049018891528 446.8671435572305
232 100 77.38475418987582 419.27088783411045
232 105 9.724242006936947 426.666930847168
232 107 387.18087899684906 392.2560591629663
232 115 273.06174033984735 431.3900118643777
232 126 883.5641315313987 447.3784690883149
233 95 662.6640424877405 440.0490644797683
233 100 60.36199930901421 419.3188607660964
233 107 374.9458255767822 391.5313421189276
233 115 247.9687399445911 432.9793863932291
233 126 905.3503313148394 447.9680636967314
234 95 656.8802025578916 441.3758344352245
234 100 42.5734803482228 419.4185524294696
234 107 361.5169711709023 390.9596407453282
234 115 222.87573954933575 434.5687609220805
234 126 923.210952332709 448.62921880451177
235 95 650.0143347084522 442.85209445282817
235 100 24.01919730749796 419.5699628242305
235 107 347.1444191336632 390.5314375073831
235 115 197.78273915407956 436.1581354509319
235 126 937.5714738308452 449.3552258337004
236 95 642.1956970766187 444.4462806619704
236 107 332.09845793247223 390.2372148702889
236 115 172.6897387588233 437.7475099797833
236 126 948.8354032142088 450.13937620632896
237 95 633.5658611115068 446.127716653049
237 107 316.65923738479614 390.0674552992277
237 115 147.59673836356706 439.33688450863485
237 126 957.3842760482804 450.9749613444419
238 95 624.2762168645859 447.86729651317
238 107 301.10741978883743 390.0126412594145
238 115 122.50373796831082 440.9262590374863
238 126 963.5776560488156 451.8552726700782
239 95 614.4854782670736 449.63806358352304
239 107 285.7158172130585 390.063255216046
239 115 97.41073757305458 442.51563356633767
239 126 967.7531350934878 452.7736016052604
240 95 604.3571884036064 451.4156854040921
240 107 270.74200105667114 390.20977963432233
240 115 72.31773717779924 444.1050080951891
240 126 970.226333215367 453.72323957204026
241 95 594.0572247952223 453.1788235455752
241 107 256.4218956232071 390.4426969794513
241 115 47.224736782543005 445.6943826240405
241 126 971.2908986038528 454.6974779924567
241 146 111.24160580709577 410.3462183177471
242 95 583.7513046376407 454.90940008312464
242 107 242.96434462070465 390.7524897166186
242 115 22.131736387286765 447.2837571528919
242 126 971.2185076051392 455.6896082885323
242 146 87.92703060433269 409.8308904469013
243 95 573.6024901680648 456.5927581451833
243 107 230.54666584730148 391.1296403110282
243 115 -2.961264007969476 448.8731316817434
243 126 970.2588647282682 456.692921882328
243 146 69.33878475241363 409.8269070535898
244 95 563.7686938084662 458.2177202552557
244 107 219.31117862463 391.56463122788045
244 126 968.6397026297636 457.700710195868
244 146 54.781009551137686 410.3268903568387
245 95 554.4001835137606 459.776540029794
245 107 209.36271047592163 392.0479449323793
245 126 966.566782125272 458.7062646511931
245 146 43.61173773184419 411.28298952430487
246 95 545.637088065967 461.2647513151169
246 107 200.76708382368088 392.5700638897215
246 126 964.22389219841 459.7028766703461
246 146 35.24289343319833 412.6155257150531
247 95 537.6069023013115 462.6809121146798
247 107 193.5505848526955 393.12147056510366
247 126 961.7728499732912 460.6838376753549
247 146 29.14029223844409 414.2216378599405
248 95 530.4219924081117 464.0262442007661
248 107 187.70040833950043 393.6926474237298
248 126 959.3535007433966 461.64243908825847
248 146 24.82364114187658 415.9839271530509
248 152 249.16696166992188 402.70452880859375
249 95 524.177101187408 465.3041689693928
249 107 183.16607975959775 394.2740769308002
249 126 957.083717954345 462.5719723311013
249 146 21.866538567468524 417.7791021987796
250 95 518.9468533731997 466.5197375863791
250 107 179.86186110973358 394.856241551508
250 126 955.0594032076187 463.4657288259077
250 146 19.896474355831742 419.4866245612502
251 95 514.7832607980818 467.6789586469531
251 107 177.67013442516327 395.4296237510644
251 126 953.354486264754 464.3169999947386
251 146 18.5948297791183 420.9973536208272
252 95 511.713227821514 468.7880199626088
252 107 176.4457620382309 395.9847059946551
252 126 952.0209250422196 465.1190772596201
252 146 17.696877531707287 422.2221913561225
253 95 509.7360564544797 469.8524065837264
253 107 176.02142751216888 396.5119707474878
253 126 951.088705613278 465.86525204257305
253 146 16.991781728342175 423.1007281318307
254 95 508.8209517467767 470.8759145326912
254 107 176.21395790576935 397.0019004747701
254 126 950.5658422121778 466.54881576566913
254 146 16.322597907856107 423.6098876073957
255 95 508.90452696569264 471.8595601022244
255 107 176.83162039518356 397.44497764168045
255 126 950.4383772229776 467.1630598509273
255 146 15.586273038759828 423.7725713327527
256 95 509.8883090279997 472.8003846369684
256 107 177.68240308761597 397.8316847134447
256 126 950.6703811944462 467.7012757203811
256 146 14.733645517379044 423.66630474478006
257 95 511.6362435258925 473.69015526399016
257 107 178.58327186107635 398.1525041552413
257 126 951.2039528270252 468.1567547960785
257 146 13.769445145502688 423.43188147991896
258 95 513.9722001738846 474.5139610394836
258 107 179.37040627002716 398.3979184322743
258 126 951.95921898121 468.5227885000495
258 146 12.752293163910508 423.28200905770063
259 95 516.677478177473 475.2487046420574
259 107 179.91041588783264 398.5584100097512
259 126 952.8343346714972 468.7926682543402
259 146 11.794702231884004 423.5099537372589
260 95 519.4883112218231 475.8614900559187
260 107 180.1125386953354 398.6244613528652
260 126 953.705483068712 468.95968548097335
260 146 11.063076440244911 424.4981855526567
261 95 522.093372957781 476.3079057447612
261 107 179.94180691242218 398.5865549268237
261 126 954.4268755083904 469.0171316020096
262 95 524.1312823146582 476.53020337596536
262 107 179.4332091808319 398.43517319682
262 126 954.8307514744812 468.9582980394771
262 157 180.07647705078108 397.8766479492188
263 95 525.1881084963679 476.4553722925484
263 107 178.70681792497635 398.16079862805054
263 126 954.7273786119184 468.7764762154002
263 157 179.47097778320304 397.81298828125
264 95 524.7948766164482 475.9931095726788
264 107 177.98390346765518 397.75391368571945
264 126 953.9050527205692 468.46495755183423
265 95 522.4250727370381 475.0336857661605
265 107 177.60402232408524 397.20500083503066
265 126 952.1300977617502 468.0170334708128
266 95 517.492149155587 473.44570617750287
266 107 178.04308712482452 396.50454254116994
266 126 949.1468658470548 467.4259953943693
267 95 509.3470297753811 471.0737684443593
267 107 179.93242019414902 395.6430212693558
267 126 944.67773724813 466.6851347445481
267 162 178.5819091796875 396.122314453125
268 164 505.3429404134076 387.0197784860502
268 165 626.0787077943678 388.0364975710586
269 164 500.7835426292149 384.0629859113397
269 165 625.1835640188656 388.30725718718367
269 167 576.8955283761024 386.5953112845812
270 164 496.5467463647801 381.34525878634304
270 165 624.4893839290671 388.5780168033088
270 167 577.3172981142998 385.1879864316997
271 164 492.6205681891297 378.85636535719095
271 165 623.9893422089226 388.8487764194339
271 167 577.9055535793304 383.7806615788182
272 164 488.9932434404036 376.5862762872712
272 165 623.6767334478718 389.119536035559
272 167 578.0890826582909 382.3733367259367
273 164 485.65322622613166 374.5251646577817
273 165 623.5449721409896 389.39029565168414
273 167 577.5441009402275 380.9660118730552
274 164 482.5891894232627 372.663405967076
274 165 623.587592688913 389.6610552678092
274 167 576.1572254300117 379.5586870201737
275 164 479.7900246780628 370.99157813127385
275 165 623.7982493978488 389.9318148839344
275 167 573.9884446263313 378.1513621672922
276 164 477.2448424059403 369.50046148382535
276 165 624.1707164795589 390.2025745000594
276 167 571.2340896725655 376.7440373144107
276 170 482.368408203125 372.8751525878906
277 164 474.9429717919411 368.1810387757723
277 165 624.6988880514109 390.47333411618456
277 167 568.1898055672646 375.33671246152926
278 164 472.8739607901807 367.0244951755885
278 165 625.3767781362694 390.7440937323097
278 167 565.2135223150253 373.9293876086477
279 164 471.0275761243101 366.0222182692669
279 165 626.1985206626487 391.0148533484348
279 167 562.688428401947 372.5220627557663
279 172 524.3909115642309 339.9227408561044
280 164 469.393803287152 365.1657980601885
280 165 627.1583694646251 391.2856129645599
280 167 560.9859379529953 371.1147379028848
280 172 526.6980941835791 341.2834405260419
280 174 353.6060795150988 364.857405876086
281 164 467.96284654099145 364.4470269693848
281 165 628.2506982817649 391.556372580685
281 167 560.4286645650864 369.7074130500033
281 172 528.4849213119596 342.6227522055365
281 174 355.6041437471431 363.7143136054801
282 164 466.7251289173 363.8578998352896
282 165 629.470000759291 391.8271321968101
282 167 561.2533905506134 368.3000881971218
282 172 529.8382079862058 343.94067589458905
282 174 354.8203094826458 363.0824666215012
283 164 465.67129221708456 363.39061391384166
283 165 630.8108904480032 392.0978918129352
283 167 563.5740418434143 366.89276334424034
283 172 530.8368078377098 345.23721159319894
283 174 351.2545767215779 362.9618649241456
284 164 464.79219701042166 363.0375688784261
284 165 632.2681008041691 392.3686514290603
284 167 567.3446542024612 365.4854384913588
284 172 531.5520193502307 346.5123593013659
284 174 344.90694546393934 363.3525085134133
285 164 464.07892263699614 362.7913668200781
285 165 633.8364851897277 392.6394110451854
285 167 572.3223513364792 364.07811363847736
285 172 532.047983000055 347.7661190190904
285 174 335.7774157097301 364.254397389308
286 164 463.5227672056498 362.64481224706105
286 165 635.5110168721585 392.9101706613105
286 167 578.0303041338921 362.6707887855959
286 172 532.3820692747831 348.9984907463722
286 174 323.86598745897936 365.667531551826
287 164 463.115247594571 362.5909120853612
287 165 637.2867890245107 393.18093027743566
287 167 583.7207161188126 361.2634639327144
287 172 532.6052572578192 350.2094744832118
287 174 309.1726607116434 367.5919110009636
288 164 462.8480994513957 362.62287567833846
288 165 639.1590147253664 393.4516898935608
288 167 588.3377851247787 359.8561390798329
288 172 532.7625043522567 351.3990702296087
288 174 291.6974354677368 370.0275357367318
289 164 462.71327719296096 362.73411478693015
289 165 641.123026958936 393.7224495096859
289 167 590.4806789159775 358.4488142269514
289 172 532.8931062221527 352.5672779855629
289 174 271.44031172728864 372.9744057591233
290 164 462.7029540055373 362.9182435894327
290 165 643.1742786149844 393.99320912581095
290 172 533.0310481376946 353.7140977510744
290 174 248.4012894902553 376.4325210681345
291 164 462.809521844596 363.16907868174894
291 165 645.30834248881 394.2639687419361
291 172 533.2053465843201 354.83952952614345
291 174 222.58036875666585 380.4018816637763
292 164 463.0255914351146 363.48063907725736
292 165 647.5209112813391 394.5347283580612
292 172 533.4403820559382 355.94357331077026
292 174 193.9775495265203 384.88248754603774
293 164 463.34399227122776 363.8471462067246
293 165 649.8077975990382 394.8054879741863
293 172 533.75622224994 357.0262291049541
293 174 162.59283179978956 389.8743387149225
293 183 354.565700918366 341.4692354653671
294 164 463.7577726165764 364.2630239185965
294 165 652.1649339538999 395.0762475903114
294 172 534.1689364053309 358.0874969086956
294 174 128.42621557650273 395.3774351704378
294 183 349.7689407440316 342.9917337197112
295 164 464.2601995039877 364.72289847859065
295 165 654.5883727635737 395.3470072064365
295 172 534.6909001357853 359.1273767219943
295 174 91.47770085664524 401.3917769125728
295 183 344.97218056969723 344.5764807789528
296 164 464.8447587357514 365.2215985700605
296 165 657.0742863512714 395.6177668225616
296 174 51.74728764024621 407.91736394133113
296 183 340.1754203953626 346.2108458917646
297 164 465.5051548833144 365.7541552938492
297 165 659.6189669456435 395.8885264386868
297 183 335.3786602210282 347.88275290702586
298 164 466.23531128773175 366.3158021682029
298 165 662.218826681099 396.15928605481184
298 183 330.5819000466938 349.58068027414265
299 164 467.02937005904096 366.9019751289743
299 165 664.8703975974495 396.4300456709369
299 183 325.7851398723592 351.2936610428733
300 164 467.8816920769168 367.5083125294186
300 165 667.5703316401996 396.70080528706205
300 183 320.9883796980248 353.0112828630372
300 186 474.21117900126666 372.9440340609162
301 164 468.7868569902348 368.1306551402231
301 165 670.3154006604018 396.9715649031872
301 172 540.4171506743878 364.917507802493
301 183 316.1916195236904 354.7236879848642
301 186 474.592552721178 373.5211346600505
302 164 469.7396632171294 368.7650461497542
302 165 673.10249641462 397.24232451931226
302 172 541.7998945433646 365.8076716826938
302 183 311.3948593493558 356.4215732594312
302 186 474.9739264410893 374.0982352591849
303 164 470.7351279452414 369.4077311637375
303 165 675.9286305650166 397.5130841354374
303 172 543.2914736047387 366.67644757245216
303 183 306.5980991750214 358.0961901373812
303 186 475.3553001610006 374.6753358583192
304 164 471.76848713144136 370.05515820540313
304 165 678.7909346793822 397.7838437515625
304 172 544.883222123608 367.5238354717676
304 183 301.801339000687 359.73934467029176
304 186 475.7366738809119 375.2524364574534
305 164 472.8351955019607 370.70397771542775
305 165 681.6866602309383 398.0546033676876
305 172 546.5653228703886 368.34983538064057
305 183 297.0045788263524 361.3433975096559
306 164 473.93092655237706 371.35104255221086
306 165 684.6131785986436 398.3253629838128
306 172 548.3270109202713 369.1544472990711
306 183 292.207818652018 362.90126390755177
306 195 631.6412099596928 383.7313562913897
307 164 475.0515725474543 371.9934079912782
307 165 687.567981066939 398.5961225999378
307 172 550.1567677985877 369.9376712270591
307 183 287.4110584776836 364.4064137162932
307 186 476.88079504064586 376.9837382548564
307 195 631.5512835872942 383.8530092615096
308 165 690.5486788258349 398.86688221606295
308 172 552.0425064656883 370.6995071646045
308 183 282.61429830334896 365.8528713887499
308 195 631.5954382670461 383.9746622316294
309 164 477.352272278149 373.2532738667505
309 165 693.5530029708971 399.137641832188
309 172 553.9717473443598 371.4399551117069
309 183 277.81753812901457 367.2352159776783
309 195 631.756707783381 384.0963152017492
310 164 478.5252043902001 373.8658969420503
310 165 696.5788045033114 399.4084014483132
310 172 555.9317849110812 372.1590150683671
310 195 632.0189260963234 384.2179681718691
311 164 479.7088081998081 374.4640658974531
311 165 699.624054329819 399.6791610644383
311 172 557.9098448958248 372.85668703458487
311 195 632.3667273423052 384.3396211419889
312 164 480.9000698185701 375.0458480962261
312 165 702.686843262738 399.94992068056337
312 172 559.8932327795774 373.5329710103599
312 195 632.7855458338745 384.4612741121088
313 164 482.09619412745815 375.60951331886463
313 165 705.7653820198539 400.2206802966885
313 172 561.8694724813104 374.1878669956923
313 195 633.2616160596954 384.5829270822286
314 164 483.2946047766163 376.1535337636451
314 165 708.8580012246966 400.4914399128136
314 172 563.8264362849295 374.82137499058217
314 195 633.7819726853049 384.7045800523484
315 164 484.4929441856948 376.67658404611575
315 165 711.963151406293 400.7621995289387
315 172 565.7524652667344 375.4334949950294
315 195 634.3344505513669 384.8262330224683
316 164 485.689073543399 377.1775411993876
316 165 715.0794029991812 401.03295914506384
316 172 567.6364805940539 376.0242270090341
316 195 634.9076846760581 384.9478859925881
317 164 486.8810728080425 377.655484674222
317 165 718.2054463435124 401.3037187611889
317 172 569.4680856615305 376.5935710325962
317 183 239.44345673433872 375.51840616058325
317 195 635.4911102524493 385.069538962708
318 164 488.0672407071543 378.1096963386808
318 165 721.3400916850078 401.574478377314
318 172 571.2376588396728 377.14152706571576
318 183 234.64669656000436 376.1712994403497
318 195 636.0749626511242 385.1911919328278
319 164 489.2460947377549 378.5396604782727
319 165 724.482269174965 401.8452379934391
319 172 572.9364372249693 377.6680951083929
319 183 229.84993638566996 376.7363731856167
319 195 636.6502774180844 385.3128449029476
320 164 490.4163711659203 378.94506379614177
320 165 727.6310288702807 402.11599760956426
320 172 574.5565910991281 378.1732751606273
320 183 225.0531762113353 377.2143070527236
320 195 637.2088902755058 385.4344978730674
321 164 491.5770250271744 379.3257954129367
321 165 730.7855407333554 402.3867572256893
321 172 576.0912888441235 378.6570672224191
321 183 220.2564160370009 377.60633529900224
321 195 637.743437122379 385.5561508431873
322 164 492.7272301264602 379.6819468666363
322 165 733.9450946322249 402.65751684181447
322 172 577.5347532369196 379.1194712937684
322 183 215.45965586266647 377.9142467819038
322 195 638.2473540331121 385.6778038133072
322 202 59.93109130859455 414.2121073404945
323 164 493.8663790380233 380.0138121127966
323 165 737.1091003404654 402.9282764579396
323 172 578.882308036089 379.56048737467495
323 183 210.6628956883319 378.14038495896966
323 195 638.7148772593937 385.799456783427
323 202 56.98391342163154 415.0712076822914
324 164 494.99408310544095 380.321887524653
324 165 740.2770875371789 403.1990360740647
324 172 580.1304154805839 379.9801154651391
324 183 205.8661355139975 378.2876478883845
324 195 639.1410432283301 385.9211097535468
324 202 54.03673553466842 415.9303080240884
325 164 496.11017244154937 380.6068718925089
325 165 743.4487058071318 403.4697956901898
325 172 581.2767047323287 380.3783555651605
325 183 201.0693753396631 378.3594882286561
325 195 639.5216885430855 386.0427627236666
326 164 497.21469592845824 380.8696664245799
326 165 746.6237246405508 403.7405553063149
326 172 582.319990793243 380.7552076747395
326 183 196.2726151653285 378.3599132381205
326 195 639.8534499843372 386.1644156937865
327 164 498.30792121794366 381.1113747463096
327 165 749.8020334333778 404.01131492244
327 172 583.2602845970541 381.1106717938758
327 183 191.4758549909941 378.2934847764554
327 195 640.1337645071326 386.2860686639064
328 164 499.3903347307496 381.3333029006753
328 165 752.9836414869642 404.2820745385651
328 172 584.0987934153527 381.4447479225696
328 183 186.6790948166597 378.16531930249766
328 195 640.3608692444977 386.4077216340262
329 164 500.4626416570536 381.5369593482901
329 165 756.1686780083401 404.55283415469023
329 172 584.8379123993218 381.75743606082096
329 183 181.88233464232508 377.9810878763383
329 195 640.5338015044108 386.529374604146
330 164 501.5257659564813 381.72405496714055
330 165 759.3573921100688 404.82359377081536
330 172 585.4812067896128 382.0487362086296
330 183 177.08557446799068 377.7470161579258
330 195 640.652398771781 386.65102757426587
331 164 502.5808503579319 381.8965030526597
331 165 762.5501528102977 405.0943533869405
331 172 586.0333848949522 382.3186483659956
331 183 172.2888142936563 377.469884407823
331 195 640.717298707983 386.7726805443857
331 206 768.213134765625 405.6593627929688
331 207 429.1814610407914 380.4463306687976
332 164 503.6292563595489 382.0564193178725
332 165 765.7474490327149 405.3651130030655
332 172 586.5002617705613 382.56717253291913
332 183 167.49205411932166 377.1570274867117
332 195 640.7299391491688 386.8943335145056
332 207 429.10039163182046 380.17892794940417
333 164 504.6725642290112 382.2061218931776
333 165 768.9498896066143 405.63587261919065
333 172 586.8887139111757 382.7943087094
333 183 162.69529394498727 376.8163348555099
333 195 640.692558109411 387.0159864846254
333 207 428.9660198426868 380.0636427124118
333 208 408.4837970894296 381.283516196956
334 164 505.7125730030675 382.34813132659474
334 165 772.1582032668666 405.9066322353158
334 172 587.2066244091839 383.0000568954383
334 183 157.89853377065265 376.456250576186
334 195 640.6081937782583 387.1376394547452
334 207 428.77834567339096 380.0917038585176
334 208 408.91354092862457 381.2509320025838
334 210 369.4115126185207 382.8052603680154
335 164 506.7513004879147 382.4851705835754
335 165 775.3732386538686 406.17739185144086
335 172 587.4628191255033 383.1844170910342
335 183 153.10177359631825 376.0857733098383
335 195 640.4806845214916 387.25929242486507
335 207 428.5373691239329 380.254340288353
335 208 408.7291421969421 381.3816663622165
335 210 366.6102298456826 383.69558830412007
336 164 507.79098325929954 382.6201650471194
336 165 778.5959643135866 406.448151467566
336 172 587.6669935602695 383.3473892961874
336 183 148.30501342198386 375.7144563191396
336 195 640.3146688813576 387.3809453949849
336 207 428.2430901943121 380.542780902666
336 208 408.1392544484697 381.6757192758541
336 210 364.0356729609921 384.5859162402247
337 164 508.834076661864 382.7562425175711
337 165 781.8274686976074 406.7189110836911
337 172 587.8296305201948 383.488973510898
337 183 143.50825324764924 375.35240746615455
337 195 640.1155855755205 387.5025983651048
337 207 427.89550888452914 380.9482546020372
337 208 407.3525312379934 382.1330907434949
337 210 361.6737692968745 385.4762441763293
338 164 509.883254809989 382.8967332128814
338 165 785.068960163022 406.9896706998162
338 172 587.9619086552411 383.609169735166
338 183 138.71149307331484 375.0102892137657
338 195 639.8896734993905 387.6242513352246
338 207 427.4946251945835 381.4619902872291
338 208 406.5776261200663 382.7537807651424
338 210 359.5104461857263 386.366572112434
338 213 785.2420043945308 401.5928955078124
339 164 510.9414105871401 383.0451697684475
339 165 788.3217669726073 407.2604303159413
339 172 588.0756012313068 383.7079779689914
339 183 133.91473289898045 374.699318625353
339 195 639.6439717232715 387.7459043053444
339 207 427.0404391244756 382.0752168588588
339 208 406.0231926490087 383.53778934079673
339 210 357.531630959973 387.2569000485386
339 213 788.4254150390623 401.8036499023436
340 164 512.0116556462453 383.2052872372151
340 172 588.1829668898135 383.7853982123743
340 183 129.11797272464582 374.4312673639797
340 195 639.3863194941077 387.86755727546426
340 207 426.532950674205 382.7791632175795
340 208 405.8978843789082 384.48511647045416
340 210 355.72325095204 388.1472279846432
341 164 513.0973204094917 383.3810230895761
341 165 794.8672392028093 407.80194954819154
341 172 588.2966295462102 383.8414304653147
341 183 124.32121255031144 374.2184616937011
341 195 639.1253562351922 387.9892102455841
341 207 425.97215984377226 383.5650582641029
341 208 406.4103548645508 385.5957621541165
341 210 354.0712334943819 389.0375559207479
342 164 514.2019540684996 383.5765172134125
342 165 798.163160676726 408.0727091643166
342 172 588.4294506311417 383.87607472781247
342 183 119.52445237597703 374.0737824784592
342 195 638.870521545934 388.110863215704
342 207 425.3580666331768 384.4241308990968
342 208 407.76925765979104 386.86972639178384
342 210 352.5615059193952 389.9278838568525
343 164 515.329324584076 383.7961119140382
343 165 801.4769096012242 408.34346878044175
343 172 588.5943910274655 383.8893309998675
343 183 114.7276922016424 374.01066518275184
343 195 638.6320552021498 388.2325161858238
343 207 424.6906710424191 385.3476100232583
343 208 410.1832463198807 388.3070091834579
343 210 351.17999555949064 390.81821179295713
344 164 516.4834186863591 384.0443519144756
344 165 804.8104137669143 408.6142283965669
344 172 588.8043644055724 383.8811992814801
344 183 109.93093202730802 374.0430998716911
344 195 638.4209971556556 388.3541691559436
344 207 423.9699730714992 386.3267245371826
344 210 349.91262974713754 391.7085397290618
345 164 517.6684418751101 384.3259843549167
345 165 808.1657208699253 408.884988012692
345 172 589.0720808785409 383.85167957265
345 183 105.13417185297362 374.1856312098389
345 195 638.2491875343258 388.47582212606346
345 207 423.1959727204167 387.35270334159577
345 210 348.7453358146886 392.5988676651664
346 164 518.8888184190291 384.6459587933059
346 165 811.544998511934 409.1557476288171
346 172 589.4098819140345 383.8007718733775
346 183 100.337411678639 374.453358463099
346 195 638.1292666427908 388.5974750961833
346 207 422.3686699891714 388.4167753371949
346 210 347.6640410946711 393.48919560127104
347 164 520.1491913563514 385.00942720496096
347 165 814.9505342001867 409.4265072449422
347 172 589.8295655529946 383.7284761836625
347 183 95.5406515043046 374.861935497378
347 195 638.0746749617392 388.7191280663032
347 207 421.4880648777644 389.5101694246114
347 210 346.6546729193942 394.3795235373757
347 220 389.963096479936 390.65903486772027
348 164 521.4544224947167 385.421743982748
348 165 818.3847353475721 409.6972668610673
348 172 590.342202771455 383.6347925035048
348 183 90.7438913299702 375.42757077829447
348 195 638.0996531479177 388.840781036423
348 207 420.5541573861942 390.6241145044914
348 210 345.703158621327 395.2698514734803
348 220 389.0637865471117 391.37402676669046
349 164 522.809592410893 385.888465936936
349 165 821.8501292724686 409.9680264771925
349 172 590.9579444397241 383.51972083290434
349 183 85.94713115563559 376.167027372896
349 195 638.2192420335487 388.9624340065428
349 207 419.5669475144623 391.7498394775976
349 210 344.7954255329096 396.16017940958494
349 220 388.16447661428737 392.0890186656606
349 221 819.8389485677086 407.1576029459636
350 164 524.2200004512852 386.4153522953857
350 165 825.3493631987876 410.2387860933175
350 172 591.6858190950006 383.3832611718617
350 183 81.1503709813012 377.09762294765096
350 195 638.44928262959 389.08408697666266
350 207 418.5264352625677 392.87857324453216
350 210 343.9174009865528 397.0505073456896
350 220 387.26516668146303 392.80401056463074
350 221 824.7818196614586 408.0622660319012
351 164 525.6911647312081 387.00836470334616
351 165 828.8852042561775 410.5095457094426
351 172 592.5335215870291 383.2254135203759
351 183 76.3536108069668 378.237229769933
351 195 638.8064161200309 389.2057399467825
351 207 417.4326206305104 394.0015447059559
351 210 343.05501231462404 397.9408352817942
351 220 386.3658567486387 393.51900246360094
351 221 829.7246907552086 408.9669291178387
352 164 527.2288221356721 387.67366722355655
352 172 593.5071922056377 383.0461778784481
352 183 71.55685063263218 379.6042747068568
352 195 639.3080838670721 389.3273929169024
352 207 416.2855036182909 395.1099827625512
352 210 342.1941868496797 398.8311632178989
352 220 385.4665468158144 394.2339943625711
353 164 528.8389283187717 388.4176263365225
353 165 836.0783758100079 411.05106494169286
353 172 594.6111869867891 382.8455542460774
353 183 66.76009045829778 381.2177392268495
353 195 639.9725274087978 389.4490458870222
353 207 415.0850842259092 396.1951163150661
353 210 341.3208519239997 399.7214911540034
353 220 384.56723688299 394.9489862615412
354 164 530.5276577043114 389.2468109398324
354 165 839.741840093433 411.32182455781793
354 172 595.8478386234492 382.62354262326426
354 183 61.96333028396339 383.0971593975264
354 195 640.8187884592335 389.570698857142
354 207 413.8313624533639 397.2481742640957
354 210 340.4209348701115 400.6118190901081
354 220 383.66792695016574 395.6639781605114
354 226 529.6160888671875 389.53326416015625
354 228 459.89202880859375 389.8469238281247
355 164 532.3014034849039 390.16799234876817
355 165 843.454179081753 411.5925841739431
355 172 597.2172079589218 382.3801430100086
355 183 57.166570109628765 385.26262588766986
355 195 641.8667089092196 389.69235182726186
355 207 412.5243383006573 398.2603855103007
355 210 339.48036302041146 401.5021470262128
355 220 382.7686170173414 396.3789700594816
356 164 534.1667776228423 391.18814429617487
356 165 847.2187594323404 411.86334379006814
356 172 598.7168265357614 382.1153554063103
356 183 52.36980993529437 387.7347839661816
356 195 643.1369308243738 389.8140047973817
356 207 411.164011767788 399.2229789543999
356 210 338.4850637072377 402.39247496231735
356 220 381.86930708451706 397.0939619584517
356 228 461.53076171875 390.5159912109373
356 229 58.21520233154297 387.0126953125
