77 32 147.86802563293168 580.5915713991553
78 32 219.47309877334555 571.352783618262
79 32 285.4151771123579 563.4545293069432
79 33 58.77880658638605 603.1077067912556
80 32 345.6942606499688 556.8968084651997
80 33 90.5884611309757 604.8080095320474
81 32 400.3103493861781 551.6796210930324
81 33 120.21550196707722 603.2978454014519
82 32 449.2634433209933 547.8029671904405
82 33 147.65992909469423 599.5778757219668
83 33 172.9217425138213 594.5132303617429
84 32 530.1806467864044 544.0712597939837
84 33 196.00094222446023 588.8335077346419
85 32 562.1447563170077 544.2162063001188
85 33 216.89752822661285 583.1327747987816
86 32 588.4458710462131 545.7016862758292
86 33 235.61150052027733 577.8695670578745
87 32 609.0839909740134 548.5276997211167
87 33 252.14285910545368 573.3668885616353
88 32 624.0591161004158 552.6942466359787
88 33 266.4916039821419 569.8122119046748
89 33 278.6577351503456 567.2574782266747
90 33 288.6412526100594 565.6190972125041
91 33 296.442156361285 564.6779470926849
92 33 302.06044640402433 564.0793746431009
93 33 305.4961227382755 563.3331951848813
94 33 306.74918536403857 561.8136925842846
95 43 99.10792617994592 600.7587685361505
96 43 108.52834866312332 597.9214537702501
97 43 122.13057812768966 598.5232900232077
98 43 139.0296211889945 600.8598379604518
99 43 158.4086345899268 603.71759904176
100 43 179.51892520015826 606.2860378921032
101 43 201.67995001742383 608.0775002650917
102 43 224.27931616670685 608.855026602745
103 43 246.772780900239 608.568061389029
104 43 268.6842515980243 607.2960579395294
105 43 289.6057857676642 605.1999791041017
106 43 309.19759104325203 602.4816933907568
107 43 327.18802518735174 599.351266771555
108 43 343.37359608971747 596.0021503269672
109 43 357.6189617671771 592.5942632369697
110 43 369.8569303639233 589.2449717968702
111 43 380.0884601525613 586.0279635190964
112 43 388.382659532188 582.9800175130367
113 43 394.8767870293814 580.115670170635
114 43 399.7762512988411 577.4497765116394
115 43 403.3546111218748 575.0279669910669
116 43 405.9535754077952 572.965000718832
117 43 407.98300319339614 571.4910133257508
118 43 409.9209036423708 571.0056609325111
