1 1 532.8597092401412 132.0844217936198
1 2 262.5979075633584 115.04874854929304
1 3 608.7035409109933 179.32271379743298
1 4 617.2188176022299 229.57808311101584
1 5 175.14008267720547 106.73940912882486
2 1 548.6548351469493 133.47772013346355
2 2 280.2293726288253 116.25155556061688
2 3 609.9876787458146 179.18567843594388
2 4 617.2192832701625 229.6227763051328
2 5 161.8528094518753 106.46786980401902
3 1 564.4499610537573 134.87101847330732
3 2 299.4972933882127 117.605914764244
3 3 611.2487214811554 179.04864307445482
3 4 617.2197489380951 229.6547366000397
3 5 148.5655362265451 106.19633047921316
4 1 580.2450869605653 136.26431681315103
4 2 320.191371913961 119.11182616017445
4 3 612.4866691170155 178.91160771296572
4 4 617.2202146060278 229.67602953737347
4 5 135.27826300121498 105.92479115440732
5 1 596.0402128673734 137.6576151529948
5 2 342.1013102785105 120.7692897484082
5 3 613.701521653395 178.77457235147662
5 4 617.2206802739604 229.68856926551464
5 5 121.9909897758848 105.65325182960149
6 1 611.8353387741814 139.05091349283853
6 2 365.0168105543014 122.57830552894526
6 3 614.8932790902941 178.63753698998752
6 4 617.2211459418929 229.69412305125235
6 5 108.70371655055465 105.38171250479564
7 2 388.7275748137741 124.53887350178564
7 3 616.0619414277126 178.50050162849843
7 4 617.2216116098256 229.69431579144904
7 5 95.41644332522448 105.1101731799898
8 2 413.023305129369 126.65099366692934
8 3 617.2075086656504 178.36346626700936
8 4 617.2220772777582 229.69063452470525
8 5 82.12917009989432 104.83863385518396
9 2 437.6937035735264 128.91466602437634
9 3 618.3299808041077 178.22643090552026
9 4 617.2225429456909 229.68443294302423
10 2 462.5284722186865 131.32989057412664
10 3 619.4293578430844 178.08939554403116
10 4 617.2230086136234 229.676935903477
11 2 487.3173131372897 133.89666731618027
11 3 620.5056397825806 177.9523601825421
11 4 617.223474281556 229.66924393986676
12 2 511.8499284017763 136.6149962505372
12 3 621.5588266225961 177.815324821053
12 4 617.2239399494887 229.66233777439388
13 2 535.9160200845866 139.48487737719742
13 3 622.5889183631311 177.6782894595639
13 4 617.2244056174212 229.65708282932067
14 2 559.3052902581611 142.506310696161
14 3 623.5959150041856 177.5412540980748
14 4 617.2248712853539 229.65423373863604
15 2 581.80744099494 145.67929620742785
15 4 617.2253369532865 229.65443885972027
16 2 603.2121743673634 149.00383391099805
16 4 617.2258026212191 229.65824478500988
17 4 617.2262682891517 229.6661008536622
18 4 617.2267339570843 229.67836366322044
18 14 594.2051300084618 137.5660422221098
19 4 617.227199625017 229.69530158127804
19 14 573.0335626789143 134.39832216972366
20 4 617.2276652929495 229.71709925714387
20 14 551.5463567705028 131.410392976693
20 15 121.61721050353208 108.98534026866272
21 4 617.2281309608821 229.7438621335066
21 14 529.8520822786854 128.59705473793363
22 4 617.2285966288148 229.77562095809975
22 14 508.0533131228431 125.95310754836136
23 4 617.2290622967474 229.8123362953664
23 14 486.2466271462801 123.473351502892
23 19 617.5042624001975 230.6789050678628
24 4 617.22952796468 229.8539030381237
24 14 464.52260611622336 121.15258669644126
24 19 617.4718567565247 229.98216817667185
25 4 617.2299936326126 229.90015491922804
25 14 442.9658357238232 118.985613223925
25 19 617.439451112852 229.48716107043583
26 4 617.2304593005452 229.95086902323948
26 14 421.6549055841528 116.96723118025903
26 19 617.4070454691793 229.1696201137729
27 4 617.2309249684779 230.00577029808667
27 14 400.6624092362082 115.09224066035917
27 15 110.10116541093704 107.73514768813598
27 19 617.3746398255065 229.00528167130116
28 4 617.2313906364104 230.0645360667316
28 14 380.05494414290894 113.35544175914112
28 15 117.0408665097084 107.95837497645452
28 19 617.3422341818338 228.9698821076384
29 4 617.2318563043431 230.12680053883437
29 14 359.89311169109703 111.75163457152074
29 15 124.76569530043888 108.25392630783878
29 19 617.309828538161 229.03915778740296
30 4 617.2323219722757 230.1921593224178
30 14 340.2315171915382 110.27561919241384
30 15 133.0200236185965 108.61242417761116
30 19 617.2774228944883 229.18884507521275
30 26 296.4661865234375 118.96782684326172
31 4 617.2327876402082 230.2601739355325
31 14 321.1187698789206 108.92219571673616
31 15 141.60583074630085 109.02449108109408
31 19 617.2450172508155 229.39468033568585
32 4 617.2332533081409 230.3303763179212
32 14 302.5974829118555 107.68616423940357
32 15 150.37287646901405 109.48074951361
32 19 617.2126116071428 229.6323999334404
32 29 328.6742553710937 120.52033233642578
33 4 617.2337189760735 230.4022733426841
33 14 284.70427337287737 106.56232485533182
33 15 159.2088741323114 109.97182197048129
33 19 617.18020596347 229.8777402330944
34 4 617.2341846440062 230.47535132794303
34 14 267.469762268444 105.54547765943671
34 15 168.02966369856858 110.4883309470304
34 19 617.1478003197973 230.10643759926583
35 4 617.2346503119387 230.54908054850657
35 14 250.9185745289356 104.63042274663404
35 15 176.7693848036988 111.02089893857972
35 19 617.1153946761245 230.2942283965729
35 32 357.6533355712888 121.78153864542637
35 33 420.5494227429158 125.18241823197911
36 4 617.2351159798714 230.6229197475347
36 14 235.06933900865567 103.81196021183963
36 15 185.3706498138863 111.56014844045173
36 32 357.34268188476534 120.97207895914708
36 33 417.6941557588989 125.51079815640212
37 4 617.235581647804 230.69632064820365
37 14 219.93468848583095 103.08489014996928
37 15 193.7747168822916 112.09670194796882
37 32 357.0320281982419 120.16261927286776
38 4 617.2360473157366 230.76873246537053
38 14 205.5212596626108 102.44401265593874
38 15 201.91166300578607 112.6211819564534
39 4 617.2365129836692 230.83960641723817
39 14 191.8296931650684 101.8841278246638
39 15 209.690557081688 113.12421096122787
39 33 416.9211243539662 126.49593792967116
40 4 617.2369786516018 230.9084002370199
40 14 178.8546335431987 101.40003575106036
40 15 216.98963296445345 113.59641145761474
40 33 418.6749118762473 126.82431785409418
41 4 617.2374443195345 230.9745826846043
41 14 166.5847292709209 100.9865365300441
41 15 223.6464625224171 114.02840594093632
41 33 421.141369131266 127.1526977785172
42 4 617.237909987467 231.03763805821984
42 14 155.00263274607664 100.63843025653084
42 15 229.44812869454108 114.41081690651508
42 33 424.1446585614899 127.4810777029402
43 4 617.2383756553996 231.09707070609997
43 14 144.08500029043023 100.35051702543647
43 15 234.12139854712404 114.73426684967347
43 33 427.5089426093846 127.80945762736322
44 4 617.2388413233323 231.15240953814737
44 14 133.8024921496708 100.11759693167669
44 15 237.3228963304637 114.98937826573388
44 33 431.05838371741584 128.13783755178622
45 4 617.2393069912649 231.20321253759928
45 14 124.1197724934076 99.93447007016736
45 15 238.62927653569204 115.16677365001874
45 33 434.6171443280473 128.46621747620924
46 4 617.2397726591975 231.24907127269185
46 14 114.9955094151752 99.79593653582418
46 33 438.00938688374936 128.79459740063226
47 4 617.2402383271301 231.28961540832503
47 14 106.38237493243092 99.69679642356304
47 33 441.0592738269838 129.12297732505527
48 4 617.2407039950627 231.3245172177275
48 14 98.22704498655366 99.63184982829968
48 33 443.59096760021794 129.45135724947826
49 4 617.2411696629953 231.35349609412108
49 14 90.47019944284716 99.59589684495
49 33 445.4286306459176 129.77973717390128
50 4 617.2416353309279 231.37632306238575
50 14 83.04652209053756 99.5837375684296
50 33 446.3964254065481 130.1081170983243
51 4 617.2421009988606 231.3928252907245
51 14 75.8847006427734 99.59017209365452
51 33 446.3185143245773 130.43649702274732
52 4 617.2425666667932 231.4028906023277
52 14 68.9074267366268 99.61000051554036
53 4 617.2430323347257 231.4064719870383
53 14 62.031395933093904 99.63802292900304
54 4 617.2434980026584 231.40359211301637
54 14 55.16730771709149 99.66903942895826
55 4 617.243963670591 231.39434783840375
56 4 617.2444293385237 231.3789147229893
57 4 617.2448950064562 231.3575515398729
58 4 617.2453606743888 231.3306047871309
59 4 617.2458263423215 231.29851319948057
60 4 617.246292010254 231.2618122599449
61 4 617.2467576781867 231.22113871151728
62 4 617.2472233461193 231.1772350688265
62 41 617.5120747884116 231.29704793294283
63 4 617.247689014052 231.13095412980127
63 41 617.5235188802085 231.36385091145848
64 4 617.2481546819845 231.0832634873352
64 41 617.5349629720055 231.43065388997408
65 4 617.2486203499171 231.03525004095133
66 4 617.2490860178498 230.9881245084669
67 4 617.2495516857824 230.9432259376586
68 4 617.250017353715 230.9020262179265
69 4 617.2504830216476 230.8661345919596
70 4 617.2509486895802 230.8373021674
71 4 617.2514143575128 230.8174264285082
71 43 45.424020767211886 110.07581456502275
71 45 407.2974252411803 126.19164191351987
71 46 99.03451165093324 107.78462575276689
72 4 617.2518800254454 230.8085557478273
72 43 46.858333587646456 110.01521046956375
72 45 408.7975542473061 126.12594201829693
72 46 101.3487936231826 107.91410586039224
73 4 617.2523456933781 230.81289389784828
73 43 48.29264640808104 109.95460637410476
73 45 409.989113679695 126.06024212307392
73 46 103.66307559543192 108.04358596801757
74 4 617.2528113613107 230.83280456267445
74 45 410.8721035383472 125.99454222785096
74 46 105.97735756768128 108.17306607564288
74 49 454.48225330171135 130.63303048270086
75 4 617.2532770292432 230.87081584968612
75 45 411.44652382326245 125.92884233262798
75 46 108.2916395399306 108.3025461832682
75 49 454.3120123000373 130.6423854282924
76 4 617.2537426971759 230.92962480120585
76 45 411.7123745344409 125.863142437405
76 46 110.60592151217996 108.43202629089352
76 49 454.1417712983632 130.6517403738839
77 4 617.2542083651085 231.01210190616263
77 45 411.6696556718826 125.79744254218204
77 46 112.92020348442932 108.56150639851886
77 49 453.9715302966891 130.66109531947544
78 4 617.254674033041 231.12129561175703
78 45 411.31836723558735 125.73174264695903
78 46 115.23448545667866 108.69098650614418
78 49 453.801289295015 130.67045026506696
79 4 617.2551397009737 231.26043683512583
79 45 410.6585092255552 125.66604275173609
79 46 117.548767428928 108.82046661376953
79 49 453.6310482933409 130.6798052106585
79 51 615.2451782226562 230.9628295898437
79 52 104.2160873413086 132.15382385253906
79 53 72.00647735595703 111.62338256835938
