35 8 1066.925071641265 230.22603774774268
35 9 593.0982555855398 176.88831318506124
35 10 476.9616040505997 47.69060527405452
35 11 558.9889453325115 75.29150724990986
35 12 622.6593570804482 191.4276410522496
35 13 455.3703614015544 140.4832099732995
35 14 541.1691055712176 164.16366215756068
35 15 155.64718485893565 556.5383709890485
35 16 375.21359215363066 139.95410992512933
35 17 716.9390908891122 65.46642032894277
35 18 692.5747203996355 169.01380738599715
35 19 135.31258148842667 396.8375671941202
36 8 1066.924393894951 230.19369836856532
36 9 592.5134668702578 176.86019662848398
36 10 476.929603206249 47.6906253933763
36 11 558.9824258874806 75.31870105654411
36 12 622.8978604375146 191.263438137673
36 13 454.0388976141701 140.60500761830014
36 14 540.5968765627671 164.1481712075002
36 15 155.33382945141776 556.5199839714018
36 16 375.6688607172303 139.72879302625876
36 17 716.828362300989 65.46643611049058
36 18 692.5755490774903 169.1160054282411
36 19 135.88507989112364 396.73175128291984
37 8 1066.923716148637 230.16135898938805
37 9 591.9720635001316 176.83208007190672
37 10 476.89760236189824 47.69064551269808
37 11 558.9759064424497 75.34444286971465
37 12 623.0551612920498 191.11997917350817
37 13 452.8014691138701 140.71850186556188
37 14 540.3328883743162 164.12744183534605
37 15 155.04157826554606 556.5015969537551
37 16 376.02718274709287 139.55453429551113
37 17 716.7377911775025 65.46645189203838
37 18 692.5763777553453 169.21315188046003
37 19 136.45757829382063 396.6888353503432
38 8 1066.9230384023228 230.12901961021072
38 9 591.4740454751611 176.80396351532946
38 10 476.8656015175475 47.690665632019865
38 11 558.969386997419 75.36873268942148
38 12 623.1429097309272 190.99639931586975
38 13 451.6580759006541 140.82369271508475
38 14 540.3284325403889 164.1014740410982
38 15 154.7698589593757 556.4832099361083
38 16 376.2997968346157 139.4255714737224
38 17 716.6664291174139 65.46646767358618
38 18 692.5772064332002 169.30524674265405
38 19 137.0300766965176 396.6737264656927
39 8 1066.9223606560088 230.0966802310334
39 9 591.0194127953464 176.77584695875217
39 10 476.8336006731967 47.69068575134164
39 11 558.962867552388 75.39157051566457
39 12 623.1722810666048 190.89183372087248
39 13 450.6087179745223 140.9205801668687
39 14 540.538283095408 164.0702678247567
39 15 154.51809919096186 556.4648229184616
39 16 376.4975063618504 139.33637323928417
39 17 716.6133277194849 65.46648345513397
39 18 692.5780351110552 169.3922900148231
39 19 137.60257509921456 396.6513316982708
40 8 1066.9216829096947 230.0643408518561
40 9 590.6081654606874 176.7477304021749
40 10 476.801599828846 47.69070587066342
40 11 558.9563481073573 75.41295634844396
40 12 623.1539758371252 190.80541754463096
40 13 449.6533953354747 141.0091642209137
40 14 540.9206965736979 164.0338231863215
40 15 154.28572661835966 556.4464359008149
40 16 376.6306795015034 139.2816392081434
40 17 716.5775385824769 65.46649923668177
40 18 692.5788637889101 169.47428169696715
41 8 1066.9210051633806 230.0320014726788
41 9 590.240303471184 176.71961384559765
41 10 476.7695989844952 47.6907259899852
41 11 558.9498286623264 75.43289018775961
41 12 623.0982198061151 190.73628594326
41 13 448.7921079835112 141.08944487721985
41 14 541.4374120094833 163.99214012579264
41 15 154.07216889962424 556.4280488831681
41 16 376.70924921693575 139.2562999338027
41 17 716.5581133051514 65.46651501822957
41 18 692.5796924667651 169.55122178908624
42 8 1066.9203274170666 229.99966209350143
42 9 589.9158268268365 176.6914972890204
42 10 476.7375981401444 47.690746109306986
42 11 558.9433092172956 75.45137203361155
42 12 623.0147639627858 190.68357407287408
42 13 448.024855918632 141.1614221357871
42 14 542.0536509368885 163.94521864317008
42 15 153.87685369281078 556.4096618655215
42 16 376.7427132621635 139.25551690732004
42 17 716.55410348627 65.46653079977737
42 18 692.58052114462 169.62311029118038
43 8 1066.9196496707525 229.9673227143241
43 9 589.6347355276446 176.6633807324431
43 10 476.70559729579367 47.69076622862876
43 11 558.9367897722647 75.46840188599975
43 12 622.9128845219328 190.646417089588
43 13 447.3516391408369 141.2250959966154
43 14 542.7381173899386 163.89305873845385
43 15 153.69920865597442 556.3912748478747
43 16 376.740134181857 139.27468255730906
43 17 716.5645607245942 65.46654658132516
43 18 692.581349822475 169.68994720324957
43 32 579.6101478689789 75.32374175848474
44 8 1066.9189719244384 229.9349833351468
44 9 589.3970295736085 176.63526417586584
44 10 476.67359645144296 47.69078634795054
44 11 558.9302703272339 75.48397974492424
44 12 622.8013829239363 190.6239501495164
44 13 446.77245765012594 141.28046645970483
44 14 543.4629979025593 163.83566041164391
44 15 153.5386614471703 556.3728878302279
44 16 376.7101393113416 139.30942024993888
44 17 716.5885366188854 65.46656236287296
44 18 692.5821785003299 169.75173252529376
44 32 579.6856272976686 75.29646747707018
45 8 1066.9182941781244 229.90264395596947
45 9 589.2027089647281 176.60714761928858
45 10 476.6415956070922 47.69080646727232
45 11 558.923750882203 75.49810561038501
45 12 622.6885858347607 190.615308408774
45 13 446.2873114464992 141.32753352505534
45 14 544.2039615085762 163.77302366274031
45 15 153.3946397244536 556.3545008125813
45 16 376.6609207765972 139.35558428893412
45 17 716.6250827679052 65.46657814442077
45 18 692.5830071781849 169.808466257313
45 32 579.7611067263583 75.26919319565562
46 8 1066.9176164318103 229.8703045767921
46 9 589.0517737010035 176.5790310627113
46 10 476.60959476274144 47.690826586594106
46 11 558.9172314371722 75.51077948238206
46 12 622.582345145955 190.6196270234754
46 13 445.8962005299566 141.36629719266696
46 14 544.9401597417154 163.70514849174305
46 15 153.26657114587948 556.3361137949345
46 16 376.6002354942584 139.40925991557486
46 17 716.6732507704149 65.46659392596857
46 18 692.5838358560397 169.86014839930726
46 32 579.836586155048 75.24191891424105
47 8 1066.9169386854962 229.8379651976148
47 9 588.9442237824346 176.55091450613403
47 10 476.5775939183907 47.69084670591589
47 11 558.9107119921413 75.5220013609154
47 12 622.4900379746523 190.6360411497353
47 13 445.59912490049817 141.39675746253968
47 14 545.6542266356039 163.63203489865208
47 15 153.15388336950303 556.3177267772877
47 16 376.53540517161474 139.46676330869678
47 17 716.7320922251764 65.46660970751635
47 18 692.5846645338947 169.90677895127658
47 32 579.9120655837378 75.21464463282649
47 42 513.5214597570655 159.86843118166712
47 44 162.89299301874064 369.3322710309711
48 8 1066.916260939182 229.80562581843748
48 9 588.8800592090215 176.52279794955678
48 10 476.5455930740399 47.69086682523766
48 11 558.9041925471105 75.531771245985
48 12 622.4185666635708 190.66368594366844
48 13 445.3960845581239 141.41891433467347
48 14 546.332278723768 163.55368288346742
48 15 153.0560040533795 556.299339759641
48 16 376.4733163066102 139.5246415846911
48 17 716.8006587309508 65.46662548906416
48 18 692.5854932117496 169.94835791322097
48 19 142.75506072348736 390.3315805016623
48 42 513.2685759105141 159.82126577205648
49 8 1066.915583192868 229.77328643926015
49 9 588.8592799807641 176.49468139297952
49 10 476.5135922296892 47.690886944559445
49 11 558.8976731020796 75.54008913759088
49 12 622.374358781012 190.7016965613894
49 13 445.2870795028339 141.43276780906837
49 14 546.9639150396362 163.47009244618908
49 15 152.97236085556395 556.2809527419943
49 16 376.4204201878433 139.57967279750443
49 17 716.8780018864999 65.46664127061196
49 18 692.5863218896046 169.9848852851403
49 19 143.32755912618433 388.30621571816033
49 42 512.9405581954052 159.7741003624458
49 49 251.29478454589844 354.59881591796875
49 50 186.2101584799748 356.4325741038602
49 51 314.9753136753925 516.9847281813795
50 8 1066.9149054465538 229.74094706008285
50 9 588.8818860976623 176.46656483640223
50 10 476.4815913853384 47.69090706388123
50 11 558.8911536570488 75.54695503573305
50 12 622.3633671208629 190.7492081590129
50 13 445.272109734628 141.4383178857244
50 14 547.542217116535 163.38126358681708
50 15 152.9023814341116 556.2625657243476
50 16 376.3827328945679 139.62886593863908
50 17 716.9631732905849 65.46665705215976
50 18 692.5871505674595 170.01636106703472
50 19 143.9000575288813 385.8875428142141
50 42 512.5672791095417 159.72693495283517
50 50 195.5389903327523 353.6169090719783
50 51 314.75738437004446 517.0414165135371
50 52 930.800678701053 70.17424887684189
51 8 1066.9142277002395 229.70860768090552
51 9 588.9478775597164 176.43844827982497
51 10 476.4495905409877 47.69092718320301
51 11 558.8846342120179 75.5523689404115
51 12 622.3910697025945 190.80535589265364
51 13 445.3511752535062 141.43556456464148
51 14 548.0637489876927 163.2871963053514
51 15 152.84549344707753 556.2441787067008
51 16 376.365835296692 139.66946093715268
51 17 717.0552245419676 65.46667283370755
51 18 692.5879792453145 170.0427852589042
51 42 512.176860861209 159.67976954322452
51 44 164.61276317778086 381.5974949428014
51 50 206.51384456290543 350.80124404009644
51 51 314.54885350297576 517.0666226150472
51 52 930.7809373576132 70.2183799165541
52 8 1066.9135499539257 229.6762683017282
52 9 589.0572543669261 176.4103317232477
52 10 476.4175896966369 47.69094730252478
52 11 558.8781147669871 75.55633085162621
52 12 622.4624697712618 190.86927491842624
52 13 445.5242760594686 141.42450784581965
52 14 548.5285571862385 163.18789060179202
52 15 152.80112455251697 556.2257916890541
52 16 376.37487305477833 139.69892865965846
52 17 717.1532072394094 65.46668861525535
52 18 692.5888079231694 170.06415786074868
52 42 511.7956753691724 159.63260413361388
52 44 165.0427057175409 384.663800920759
52 50 218.4281614227075 347.98557900821453
52 51 314.34972107418645 517.0623274348432
52 52 930.7596313240584 70.25557027807655
52 54 287.8179016113281 342.2057189941406
52 55 256.6816044458628 679.3235233097787
53 8 1066.9128722076116 229.64392892255088
53 9 589.2100165192917 176.38221516667045
53 10 476.38558885228616 47.690967421846565
53 11 558.8715953219562 75.55884076937721
53 12 622.5820957975051 190.94010039244537
53 13 445.7914121525153 141.40514772925894
53 14 548.9401707451997 163.08334647613896
53 15 152.768702408485 556.2074046714074
53 16 376.4145566200447 139.71497091032518
53 17 717.2561729816719 65.46670439680315
53 18 692.5896366010244 170.0804788725682
53 32 580.3649421558762 75.05099894433911
53 42 511.44834426267903 159.58543872400324
53 50 230.66702843358507 345.1699139763326
53 51 314.15998708367647 517.030511921858
53 52 930.7367606003884 70.28581996140923
53 55 256.6802820674029 679.2669028973193
54 8 1066.9121944612975 229.61158954337355
54 9 589.4061640168129 176.35409861009316
54 10 476.3535880079354 47.69098754116835
54 11 558.8650758769254 75.5598986936645
54 12 622.7540014775484 191.01696747082576
54 13 446.152583532646 141.37748421495934
54 14 549.3056011975061 162.97356392839222
54 15 152.74765467303686 556.1890176537606
54 16 376.4891612343633 139.71552043087718
54 17 717.3631733675163 65.46672017835095
54 18 692.5904652788793 170.09174829436273
54 32 580.440421584566 75.02372466292455
54 42 511.1577388814568 159.5382733143926
54 50 242.7071803862273 342.3542489444508
54 51 313.97965153144577 516.9731570250246
54 52 930.7123251866034 70.30912896655215
54 55 256.67895968894305 679.2169455233367
54 57 856.6182999197481 563.5940645390947
54 59 187.4283293908084 360.4284971017872
55 8 1066.9115167149837 229.57925016419625
55 9 589.6456968594898 176.3259820535159
55 10 476.32158716358464 47.69100766049013
55 11 558.8585564318945 75.55950462448806
55 12 622.9817657332003 191.09901130968208
55 13 446.6077901998609 141.3415173029208
55 14 549.6353425759885 162.8585429585518
55 15 152.73740900422763 556.1706306361139
55 16 376.6025269302612 139.69874090059415
55 17 717.4732599957044 65.46673595989874
55 18 692.5912939567343 170.09796612613232
55 32 580.5159010132558 74.99645038150999
55 42 510.9449802757144 159.49110790478196
55 50 254.11699934045464 339.53858391256887
55 51 313.80871441749446 516.8922436932764
55 52 930.6863250827032 70.3254972935053
55 55 256.67763731048325 679.1733541567711
55 57 784.6765839252912 521.5754646207351
55 59 194.79745954959208 361.22359781298496
56 8 1066.9108389686694 229.5469107850189
56 9 589.9286150473225 176.29786549693864
56 10 476.2895863192339 47.691027779811904
56 11 558.8520369868636 75.55765856184789
56 12 623.2684927118539 191.18536706512893
56 13 447.15703215416 141.29724699314335
56 14 549.9433714133745 162.7382835666177
56 15 152.73739306011248 556.1522436184672
56 16 376.7580585309199 139.6630269363115
56 17 717.5854844649975 65.46675174144654
56 18 692.5921226345891 170.09913236787696
56 32 580.5913804419455 74.96917610009542
56 42 510.8294392061432 159.4439424951713
56 50 264.5565146253357 336.72291888068696
56 51 313.64717574182254 516.7897528755464
56 52 930.658760288688 70.33492494226869
56 55 256.6763149320234 679.1358317665625
56 57 721.3669745785155 484.7601863475429
56 59 201.04414705990663 362.0186985241828
56 64 341.2891765776162 318.7367684500548
57 8 1066.910161222355 229.5145714058416
57 9 590.254918580311 176.26974894036138
57 10 476.2575854748831 47.691047899133686
57 11 558.8455175418328 75.554360505744
57 12 623.6168117864869 191.27516989328103
57 13 447.8003093955433 141.24467328562704
57 14 550.2471467422956 162.6127857525899
57 15 152.7470344987466 556.1338566008204
57 16 376.9587256501759 139.60700409241997
57 17 717.6988983741574 65.46676752299435
57 18 692.5929513124441 170.09524701959663
57 32 580.6668598706352 74.94190181868086
57 42 510.8287361439143 159.39677708556064
57 50 273.77740283900494 333.9072538488051
57 51 313.4950355044299 516.6676655207674
57 52 930.6296308045572 70.3374119128423
57 55 256.6749925535635 679.1040813216512
57 57 665.7934862288239 452.4631818321941
57 59 206.2050169355266 362.8137992353806
57 64 357.1604788643999 314.4755009242457
58 8 1066.9094834760413 229.48223202666424
58 9 590.6246074584551 176.2416323837841
58 10 476.2255846305324 47.69106801845547
58 11 558.8389980968019 75.5496104561764
58 12 624.0288775556609 191.36755495025312
58 13 448.5376219240108 141.1837961803718
58 14 550.5676100952816 162.48204951646844
58 15 152.76576097818509 556.1154695831736
58 16 377.2070626925205 139.52952886086592
58 17 717.8125533219453 65.46678330454215
58 18 692.593779990299 170.08631008129132
58 32 580.742339299325 74.9146275372663
58 42 510.9587412706809 159.34961167595
58 50 281.62298784891027 331.09158881692315
58 51 313.3522937053166 516.5279625778728
58 52 930.5989366303116 70.33295820522615
58 55 256.67367017510367 679.077805790977
58 57 617.1274899760319 424.08469679065456
58 59 210.3240149424655 363.6088999465784
58 64 371.23292105538894 310.6822880336206
58 67 151.46319580078125 555.703857421875
59 8 1066.9088057297272 229.44989264748693
59 9 591.037681681755 176.21351582720683
59 10 476.1935837861817 47.69108813777725
59 11 558.8324786517711 75.54340841314507
59 12 624.5063698435224 191.4616573921598
59 13 449.3689697395623 141.11461567737766
59 14 550.9291855047652 162.34607485825327
59 15 152.79300015648312 556.097082565527
59 16 377.5051688530992 139.42968867115115
59 17 717.9255009071228 65.46679908608994
59 18 692.594608668154 170.07232155296103
59 32 580.8178187280147 74.88735325585174
59 42 511.2335744785764 159.30244626633936
59 50 288.0282407916165 328.2759237850413
59 51 313.21895034448266 516.3726249957956
59 52 930.5666777659508 70.32156381942022
59 55 256.6723477966438 679.0567081434801
59 57 574.6050834042835 399.1022656779969
59 59 213.4516519112267 364.4040006577762
59 64 383.5065031505801 307.3571297781797
60 8 1066.9081279834131 229.4175532683096
60 9 591.4941412502106 176.18539927062957
60 10 476.1615829418309 47.69110825709903
60 11 558.8259592067402 75.53575437665002
60 12 625.050493699802 191.5566123751157
60 13 450.2943528421981 141.03713177664463
60 14 551.3597795030761 162.20486177794447
60 15 152.82817969169588 556.0786955478802
60 16 377.8547081177125 139.3068018903332
60 17 718.0367927284515 65.46681486763774
60 18 692.5954373460089 170.0532814346058
60 32 580.8932981567044 74.86007897443717
60 42 511.6656053702168 159.25528085672872
60 50 293.0197800729002 325.46025875315945
60 51 313.0950054219281 516.2036337234689
60 52 930.532854211475 70.30322875542454
60 55 256.67102541818394 679.0404913481007
60 57 537.5244603159954 377.0631000956055
60 59 215.6442480490637 365.199101368974
60 64 393.98122514997567 304.5000261579231
61 8 1066.9074502370988 229.3852138891323
61 9 591.993986163822 176.1572827140523
61 10 476.1295820974801 47.69112837642081
61 11 558.8194397617094 75.52664834669125
61 12 625.6619793998149 191.6515550552356
61 13 451.31377123191805 140.95134447817267
61 14 551.8907811224466 162.05841027554197
61 15 152.87072724187846 556.0603085302336
61 16 378.25690926281607 139.1604178230248
61 17 718.1454803846929 65.46683064918554
61 18 692.5962660238639 170.0291897262256
61 32 580.9687775853942 74.83280469302261
61 42 512.2654532586978 159.20811544711808
61 50 296.71587136772 322.6445937212775
61 51 312.9804589376528 516.0229697098259
61 52 930.497465966884 70.27795301323908
61 55 256.6697030397241 679.0288583737788
61 57 505.2432804657437 357.5768704705697
61 59 216.9631772522248 365.9942020801718
61 64 402.65708705357474 302.11097717285054
61 69 151.9471893310547 555.8036499023436
62 8 1066.9067724907848 229.35287450995497
62 9 592.5372164225892 176.12916615747503
62 10 476.09758125312936 47.69114849574259
62 11 558.8129203166785 75.51609032326876
62 12 626.3410824444609 191.74562058863413
62 13 452.4272249087222 140.85725378196182
62 14 552.5570618950078 161.90672035104575
62 15 152.92007046508604 556.0419215125868
62 16 378.7125658555192 138.99031671139437
62 17 718.2506154746083 65.46684643073334
62 18 692.5970947017188 170.00004642782045
62 32 581.0442570140839 74.80553041160805
62 42 513.041987167597 159.16095003750743
62 50 299.32642762021715 319.82892868939564
62 51 312.8753108916569 515.8326139037995
62 52 930.4605130321776 70.24573659286388
62 55 256.6683806612643 679.0215121894545
62 57 477.17603929378674 340.30888100599987
62 59 217.4741114182275 366.7893027913696
62 64 409.5340888613782 300.18998282296207
62 69 151.92532348632812 555.672119140625
62 72 103.19332317005504 56.72010775479404
63 8 1066.9060947444707 229.32053513077764
63 9 593.123832026512 176.10104960089777
63 10 476.0655804087786 47.69116861506437
63 11 558.8064008716477 75.50408030638255
63 12 627.0875835602236 191.837944131426
63 13 453.63471387261046 140.75485968801206
63 14 553.3969758527934 161.74979200445588
63 16 379.2220362535869 138.79650973516587
63 17 718.3512495969593 65.46686221228113
63 18 692.5979233795738 169.96585153939031
63 32 581.1197364427736 74.77825613019348
63 42 514.0023258309734 159.1137846278968
63 50 301.15300904373726 317.01326365751373
63 51 312.7795612839404 515.6345472543229
63 52 930.4219954073563 70.2065794942989
63 55 256.6670582828044 679.0181557640678
63 57 452.791437660504 324.97363790438976
63 59 217.24626475809876 367.5844035025674
63 72 102.92700736305927 56.57643758600408
64 8 1066.9054169981566 229.2881957516003
64 9 593.7538329755905 176.0729330443205
64 10 476.03357956442784 47.69118873438615
64 11 558.7998814266168 75.49061829603261
64 12 627.9007886991716 191.92766083972575
64 13 454.9362381235829 140.6441621963234
64 14 554.4523595277353 161.58762523577232
64 15 153.03685456279683 556.0051474772933
64 16 379.7852436054384 138.5792390116187
64 17 718.4464343505076 65.46687799382893
64 18 692.5987520574287 169.9266050609352
64 32 581.1952158714633 74.75098184877892
64 42 515.1518376933666 159.06661921828612
64 50 302.58882312073547 314.1975986256318
64 51 312.6932101145032 515.4307507103292
64 52 930.3819130924198 70.16048171754414
64 55 256.66573590434456 679.018492066559
64 57 431.60975157970097 311.3288108618144
64 59 216.3516381086415 368.3795042137653
64 72 102.66069155606355 56.43276741721414
65 8 1066.9047392518426 229.255856372423
65 9 594.4272192698248 176.04481648774322
65 10 476.0015787200771 47.69120885370793
65 11 558.793361981586 75.47570429221896
65 12 628.7795290389577 192.0139058696482
65 13 456.3317976616396 140.52516130689585
65 14 555.7685319516679 161.4202200449951
65 15 153.10315075341035 555.9867604596466
65 16 380.4016758501475 138.33897759558795
65 17 718.5352213340144 65.46689377537673
65 18 692.5995807352837 169.88230699245514
65 32 581.2706953001531 74.72370756736437
65 42 516.4941409097976 159.01945380867548
65 51 312.61625738334527 515.2232052207514
65 52 930.3402660873684 70.10744326259962
65 55 256.6644135258847 679.022224065868
65 57 413.2002019528445 299.1695878341416
65 59 214.86426324468448 369.17460492496303
65 72 102.39437574906782 56.28909724842418
65 77 294.3924346923828 315.0408172607423
66 8 1066.9040615055285 229.22351699324568
66 9 595.1439909092148 176.01669993116596
66 10 475.9695778757263 47.69122897302971
66 11 558.7868425365551 75.45933829494159
66 12 629.7221609828191 192.095814377308
66 13 457.8213924867804 140.39785701972937
66 14 557.3942946563237 161.24757643212416
66 15 153.17395324926946 555.9683734419998
66 16 381.0703857174434 138.07642947946397
66 17 718.6166621462414 65.46690955692453
66 18 692.6004094131386 169.83295733395013
66 32 581.3461747288428 74.69643328594981
66 42 518.031103345769 158.97228839906484
66 51 312.54870309046674 515.0138917345228
66 52 930.2970543922016 70.04746412946534
66 55 256.66309114742484 679.0290547309351
66 57 397.17832430283306 288.32342307583895
66 59 212.8594471913575 369.9697056361608
66 72 102.12805994207208 56.14542707963423
66 77 293.5490295410156 316.3955078125001
67 8 1066.9033837592144 229.19117761406835
67 9 595.9041478937606 175.9885833745887
67 10 475.9375770313756 47.69124909235149
67 11 558.7803230915243 75.44152030420048
67 12 630.7265661595775 192.1725215188197
67 13 459.4050225990053 140.262249334824
67 14 559.3819316733363 161.06969439715957
67 15 153.24868970842937 555.9499864243531
67 16 381.7899907277093 137.7925295931927
67 17 718.6898083859502 65.46692533847234
67 18 692.6012380909935 169.77855608542012
67 32 581.4216541575325 74.66915900453525
67 42 519.7628425772637 158.9251229894542
67 51 312.49054723586755 514.8047912005763
67 52 930.2522780069196 69.98054431814128
67 55 256.661768768965 679.0386870307002
67 57 383.203338507592 278.6451784483943
67 59 210.41301653630265 370.7648063473586
67 72 101.86174413507634 56.00175691084428
67 77 292.7056243896485 317.75019836425787
68 8 1066.9027060129004 229.15883823489105
68 9 596.7076902234621 175.96046681801144
68 10 475.9055761870249 47.69126921167327
68 11 558.7738036464934 75.42225031999567
68 12 631.7901514236389 192.2431624502982
68 13 461.0826879983144 140.1183382521797
68 14 561.7872095342401 160.88657394010127
68 15 153.32678778894518 555.9315994067064
68 16 382.5586731919831 137.48844380427573
68 17 718.753711651902 65.46694112002012
68 18 692.6020667688484 169.71910324686516
68 32 581.4971335862223 74.64188472312068
68 42 521.6877258907466 158.87795757984355
68 51 312.4417898195477 514.5978845678451
68 52 930.2059369315226 69.90668382862746
68 55 256.6604463905052 679.0508239341034
68 57 370.9755185345712 270.0126580033975
68 59 207.6005617419637 371.5599070585564
68 72 101.5954283280806 55.85808674205433
68 77 291.86221923828134 319.1048889160157
69 8 1066.9020282665865 229.1264988557137
69 9 597.5546178983193 175.93235026143415
69 10 475.8735753426741 47.69128933099505
69 11 558.7672842014626 75.40152834232713
69 12 632.9098488549939 192.306872327858
69 13 462.85438868470777 139.96612377179653
69 14 564.6693772704687 160.6982150609493
69 15 153.40767514887207 555.9132123890597
69 16 383.3741802119581 137.16556891777003
69 17 718.8074235428586 65.46695690156793
69 18 692.6028954467034 169.65459881828525
69 32 581.5726130149121 74.61461044170612
69 42 523.8023702831638 158.8307921702329
69 51 312.4024308415072 514.3951527852623
69 52 930.1580311660103 69.82588266092388
69 55 256.6591240120453 679.0651684100849
69 57 360.2335621737875 262.3225358354539
69 59 204.4966814578761 372.3550077697543
69 72 101.32911252108488 55.71441657326438
70 8 1066.9013505202722 229.0941594765364
70 9 598.4449309183323 175.9042337048569
70 10 475.8415744983233 47.69130945031683
70 11 558.7607647564317 75.37935437119486
70 12 634.0821157592172 192.3627863076138
70 13 464.7201246581852 139.80560589367445
70 14 568.0911664133611 160.50461775970365
70 15 153.49077944626518 555.8948253714129
70 16 384.2338236799816 136.82553267628825
70 17 718.8499956575812 65.46697268311573
70 18 692.6037241245583 169.58504279968037
70 32 581.6480924436019 74.58733616029156
70 42 526.1016424619422 158.78362676062227
70 51 312.37247030174603 514.198576801761
70 52 930.1085607103832 69.73814081503053
70 55 256.65780163358545 679.0814234275847
70 57 350.7519607723807 255.4866772076493
70 59 201.17422683283485 373.150108480952
70 72 101.06279671408912 55.570746404474434
71 8 1066.900672773958 229.06182009735903
71 9 599.3786292835009 175.87611714827963
71 10 475.80957365397256 47.69132956963861
71 11 558.754245311401 75.35572840659889
71 12 635.3029346674684 192.4100395456803
71 13 466.67989591874687 139.63678461781348
71 14 572.1187909941484 160.30578203636432
71 15 153.57552833917964 555.8764383537662
71 17 718.8804795948316 65.46698846466353
71 18 692.6045528024133 169.5104351910505
71 32 581.7235718722916 74.560061878877
71 42 528.5786588449896 158.7364613510116
71 51 312.35190820026423 514.0101375662741
71 52 930.0575255646406 69.64345829094741
71 55 256.6564792551256 679.099291955543
71 57 342.3383689681068 249.4288529480691
71 59 197.70354582722257 373.9452091921498
71 72 100.79648090709338 55.42707623568448
72 8 1066.899995027644 229.02948071818176
72 9 600.3557129938254 175.84800059170234
72 10 475.7775728096218 47.69134968896039
72 11 558.74772586637 75.33065044853917
72 12 636.5678133364909 192.44776719817216
72 13 468.7337024663928 139.45965994421357
72 14 576.8219475439689 160.10170789093132
72 15 153.66134948567066 555.8580513361195
72 16 386.07259148283777 136.10164178662404
72 17 718.8979269533711 65.46700424621132
72 18 692.6053814802682 169.4307759923957
72 32 581.7990513009813 74.53278759746243
72 42 531.2247855606961 158.68929594140096
72 51 312.34074453706177 513.8318160277349
72 52 930.0049257287832 69.54183508867453
72 55 256.6551568766657 679.1184769628998
72 57 334.83097442329745 244.08184711982904
72 59 194.15172752526 374.7403099033476
73 8 1066.89931728133 228.99714133900443
73 9 601.3761820493055 175.81988403512509
73 10 475.74557196527104 47.69136980828217
73 11 558.7412064213393 75.30412049701576
73 12 637.8717847486133 192.4751044212041
73 13 470.8815443011226 139.27423187287476
73 15 153.74767054379336 555.8396643184727
73 16 387.0441635556389 135.72219731144412
73 17 718.9013893319614 65.46702002775912
73 18 692.6062101581232 169.3460652037159
73 32 581.874530729671 74.50551331604787
73 42 534.0296384479309 158.64213053179031
73 51 312.33897931213863 513.6655931350765
73 52 929.9507612028104 69.43327120821188
73 55 256.65383449820587 679.1386814185951
73 57 328.0958675587608 239.38495795990457
73 59 190.58184644722127 375.5354106145454
74 8 1066.898639535016 228.9648019598271
74 9 602.4400364499414 175.79176747854785
74 10 475.7135711209203 47.69138992760395
74 11 558.7346869763084 75.27613855202861
74 12 639.2094071117479 192.49118637089077
74 13 473.1234214229368 139.08050040379706
74 15 153.8339191716029 555.821277300826
74 16 388.0447675524261 135.33441182729342
74 17 718.8899183293638 65.46703580930692
74 18 692.6070388359781 169.25630282501118
74 32 581.9500101583608 74.4782390346333
74 42 536.981083056047 158.59496512217967
74 51 312.34661252549483 513.5134498372319
74 52 929.8950319867224 69.31776664955945
74 55 256.652512119746 679.1596082915692
74 57 322.0244112874643 235.2818920938007
74 59 187.05220686174331 376.33051132574326
75 8 1066.8979617887017 228.93246258064977
75 9 603.547276195733 175.76365092197057
75 10 475.6815702765696 47.69141004692573
75 11 558.7281675312774 75.24670461357773
75 12 640.5747638593913 192.4951482033468
75 13 475.4593338318351 138.87846553698046
75 15 153.9195230271544 555.8028902831793
75 16 389.0695393188197 134.9410677645621
75 17 718.86256554434 65.46705159085472
75 18 692.6078675138331 169.16148885628144
75 32 582.0254895870505 74.45096475321874
75 51 312.3636441771304 513.3773670831341
75 52 929.8377380805196 69.19532141271726
75 55 256.6511897412862 679.180960550762
75 57 316.5306107488723 231.7190520174481
75 59 183.61558709801693 377.12561203694105
75 89 25.69923215593611 414.1706146240235
76 8 1066.8972840423876 228.90012320147247
76 9 604.6979012866803 175.73553436539328
76 10 475.6495694322188 47.69143016624751
76 11 558.7216480862467 75.21581868166315
76 12 641.9614636506254 192.48612507468687
76 13 477.8892815278177 138.66812727242495
76 15 154.00390976850306 555.7845032655325
76 16 390.11317949109593 134.5451784911957
76 17 718.8183825756513 65.46706737240251
76 18 692.608696191688 169.06162329752678
76 32 582.1009690157402 74.42369047180418
76 42 543.2664581847337 158.5006343029584
76 51 312.3900742670453 513.2593258217165
76 52 929.7788794842014 69.06593549768532
76 55 256.64986736282634 679.2024411651138
76 57 311.548483042061 228.64421685563863
76 59 180.31848385812964 377.9207127481389
76 89 25.753132025639815 414.1639115182977
77 8 1066.8966062960735 228.86778382229517
77 9 605.8919117227834 175.70741780881602
77 10 475.6175685878681 47.69145028556929
77 11 558.7151286412158 75.18348075628484
77 12 643.3626403701164 192.4632521410257
77 13 480.4132645108843 138.44948561013052
77 15 154.086507053704 555.7661162478859
77 16 391.1699534961856 134.14998831269546
77 17 718.7564210220593 65.46708315395031
77 18 692.609524869543 168.95670614874712
77 32 582.17644844443 74.39641619038962
77 42 546.5673683564132 158.45346889334775
77 51 312.42590279523955 513.1613070019121
77 52 929.718456197768 68.92960890446359
77 55 256.6485449843665 679.2237531035646
77 57 307.0294269602455 226.00561638805084
77 59 177.2003565292157 378.7158134593367
77 89 25.807031895343528 414.157208412572
78 8 1066.8959285497594 228.8354444431178
78 9 607.1293075040423 175.67930125223876
78 10 475.5855677435173 47.69147040489107
78 11 558.708609196185 75.1496908374428
78 12 644.7709531281134 192.425664558478
78 13 483.0312827810352 138.22254055009722
78 15 154.1667425408124 555.7477292302391
78 16 392.233691551673 133.7589724721179
78 17 718.6757324823255 65.46709893549811
78 18 692.6103535473978 168.8467374099425
78 32 582.2519278731197 74.36914190897505
78 42 549.9488295511921 158.4063034837371
78 51 312.47112976171314 513.0852915726538
78 52 929.6564682212196 68.7863416330521
78 55 256.6472226059066 679.2445993350544
78 57 302.9395927243022 223.7513983490062
78 59 174.2928714958039 379.5109141705345
78 89 25.860931765047237 414.15050530684624
79 8 1066.8952508034454 228.80310506394048
79 9 608.4100886304568 175.6511846956615
79 10 475.5535668991665 47.69149052421285
79 11 558.7020897511541 75.11444892513705
79 12 646.1785862604523 192.37249748315836
79 13 485.7433363382701 137.987292092325
79 15 154.2440438878834 555.7293422125923
79 16 393.2977886657986 133.3758371500752
79 17 718.5753685552115 65.46711471704592
79 18 692.6111822252528 168.73171708111295
79 32 582.3274073018094 74.34186762756049
79 42 553.3899558708281 158.35913807412643
79 51 312.52575516646607 513.0332604828748
79 52 929.5929155545562 68.63613368345085
79 55 256.6459002274468 679.2646828285234
79 57 299.25725171699014 221.82948900046176
79 59 171.61914645206934 380.30601488173227
79 89 25.914831634750943 414.1438022011205
80 8 1066.8945730571313 228.7707656847632
80 9 609.7342551020272 175.6230681390842
80 10 475.52156605481576 47.69151064353463
80 11 558.6955703061233 75.07775501936759
80 12 647.577249328551 192.30288607118143
80 13 488.5494251825893 137.74374023681386
80 15 154.31783875297214 555.7109551949457
80 16 394.35520463745735 133.00451946473532
80 17 718.4543808394786 65.4671304985937
80 18 692.6120109031077 168.6116451622584
80 32 582.4028867304992 74.31459334614593
80 42 556.8681111275603 158.3119726645158
80 51 312.5897790094984 513.0071946815082
80 52 929.5277981977774 68.47898505565983
80 55 256.6445778489869 679.2837065529116
80 57 295.97016621608054 220.18784697305816
80 59 169.19299471397017 381.10111559293006
80 89 25.96873150445465 414.1370990953948
81 8 1066.8938953108172 228.73842630558585
81 9 611.1018069187531 175.59495158250695
81 10 475.489565210465 47.69153076285641
81 11 558.6890508610924 75.03960912013439
81 12 648.9581771194139 192.215965478662
81 13 491.44954931399263 137.49188498356384
81 15 154.3875547941338 555.6925681772989
81 16 395.39846405619767 132.64918747182122
81 17 718.3118209338886 65.4671462801415
81 18 692.6128395809627 168.4865216533789
81 32 582.4783661591889 74.28731906473136
81 42 560.3589088441081 158.26480725490515
81 51 312.66320129081 513.0090751174871
81 52 929.4611161508836 68.31489574967905
81 55 256.6432554705271 679.3013734771591
81 57 293.072959128971 218.77511038324155
81 59 167.01816953169555 381.8962163041279
81 89 26.02263137415836 414.130395989669
81 91 252.1338348067948 324.59385646047303
81 92 873.8905994832194 73.87954651968852
82 8 1066.8932175645032 228.7060869264085
82 9 612.5127440806349 175.5668350259297
82 10 475.45756436611424 47.69155088217819
82 11 558.6825314160616 75.00001122743747
82 12 650.3121296456281 192.1108708617147
82 13 494.44370873248016 137.2317263325749
82 15 154.45261966942348 555.6741811596521
82 16 396.4196563022241 132.31424016461193
82 17 718.1467404372028 65.46716206168931
82 18 692.6136682588176 168.35634655447444
82 32 582.5538455878786 74.2600447833168
82 42 563.8362122536723 158.2176418452945
82 51 312.74602201040096 513.0408827397447
82 52 929.3928694138748 68.1438657655085
82 55 256.64193309206723 679.3173865702062
82 57 290.5644837262953 217.54163721820805
82 59 165.08760840176046 382.6913170153257
82 89 26.07653124386207 414.1236928839433
82 91 251.30035115088776 326.89175604248885
82 92 873.2655499291368 74.52566335070287
83 8 1066.892539818189 228.6737475472312
83 9 613.9670665876724 175.5387184693524
83 10 475.42556352176354 47.69157100149997
83 11 558.6760119710307 74.95896134127683
83 12 651.6293921453664 191.98673737645416
83 13 497.5319034380518 136.96326428384705
83 15 154.51246103689638 555.6557941420054
83 16 397.4104355463951 132.00430747394154
83 17 717.9581909481826 65.46717784323711
83 18 692.6144969366726 168.221119865545
83 32 582.6293250165684 74.23277050190224
83 42 567.2721342999359 158.17047643568387
83 51 312.8382411682712 513.1045984972138
83 52 929.3230579867504 67.96589510314818
83 55 256.6406107136074 679.3314488009927
83 57 288.44519337556267 216.4409389954817
83 59 163.38267737934393 383.4864177265235
83 89 26.130431113565777 414.1169897782176
83 91 250.13097710044804 329.3672656681738
83 92 872.8958683618121 75.06344984285141
84 8 1066.891862071875 228.64140816805389
84 9 615.4647744398656 175.51060191277514
84 10 475.3935626774128 47.69159112082175
84 11 558.6694925259999 74.91645946165248
84 12 652.8997750823862 191.84270017899507
84 13 500.7141334307077 136.68649883738033
84 15 154.56650655460766 555.6374071243587
84 16 398.3620207502238 131.7242502681995
84 17 717.7452240655897 65.4671936247849
84 18 692.6153256145275 168.0808415865906
84 42 570.6370376370623 158.12331102607322
84 51 312.9398587644209 513.2022033388279
84 52 929.2516818695112 67.78098376259808
84 55 256.6392883351475 679.343263138459
84 57 286.71451127559703 215.4315076939965
84 59 161.87241539050274 384.2815184377213
84 89 26.184330983269486 414.1102866724918
84 91 248.66102231875996 331.55500410310924
84 92 872.7459773987111 75.4929059961342
85 8 1066.891184325561 228.60906878887656
85 9 617.0058676372146 175.48248535619788
85 10 475.361561833062 47.69161124014353
85 11 558.662973080969 74.8725055885644
85 12 654.1126141460277 191.6778944254521
85 13 503.99039871044766 136.40142999317467
85 15 154.61418388061244 555.6190201067119
85 16 399.2651956658792 131.4791603533318
85 17 717.5068913881855 65.4672094063327
85 18 692.6161542923825 167.93551171761123
85 42 573.8995346296979 158.07614561646258
85 51 313.05087479884986 513.3356782135198
85 52 929.178741062157 67.58913174385823
85 55 256.63796595668765 679.3525325515448
85 57 285.3682001894922 214.4790359535691
85 59 160.51277854444606 385.0766191489191
85 89 26.2382308529732 414.103583566766
85 91 246.9257964691078 333.12013985810336
85 92 872.7802996572973 75.81403181055111
86 8 1066.890506579247 228.57672940969923
86 9 618.5903461797193 175.45436879962062
86 10 475.3295609887113 47.69163135946531
86 11 558.6564536359382 74.82709972201259
86 12 655.2567702512165 191.49145527194003
86 13 507.3606992772719 136.10805775123012
86 15 154.6549206729659 555.6006330890652
86 16 400.1103088361833 131.2743604728387
86 17 717.2422445147316 65.4672251878805
86 18 692.6169829702374 167.7851302586069
86 42 577.0264873529634 158.0289802068519
86 51 313.17128927155824 513.5070040702226
86 52 929.1042355646874 67.39033904692862
86 55 256.6366435782278 679.3589600091905
86 57 284.39573217944417 213.559030552904
86 59 159.24588444587607 385.87171986011685
86 89 26.292130722676905 414.0968804610403
86 91 244.96060921477783 333.85839119006414
86 92 872.9632577550356 76.0268272861021
87 8 1066.8898288329328 228.5443900305219
87 9 620.2182100673797 175.42625224304334
87 10 475.2975601443605 47.69165147878709
87 11 558.6499341909073 74.78024186199707
87 12 656.3206295384624 191.2825178745734
87 13 510.8250351311802 135.80638211154667
87 15 154.68814458972318 555.5822460714185
87 16 400.88727359461376 131.11540430777677
87 17 716.9503350439894 65.4672409694283
87 18 692.6178116480924 167.6296972095776
87 42 579.983007592471 157.98181479724127
87 51 313.3011021825459 513.7181618578695
87 52 929.0281653771028 67.18460567180922
87 55 256.635321199768 679.362248480336
87 57 283.777658339779 212.6598191517405
87 59 157.99925650698515 386.6668205713147
87 89 26.34603059238061 414.09017735531455
87 91 242.8007702190525 333.6960261017084
87 92 873.2592743093892 76.13129242278728
88 8 1066.8891510866183 228.5120506513446
88 9 621.8894593001958 175.39813568646608
88 10 475.2655593000097 47.69167159810887
88 11 558.6434147458765 74.73193200851783
88 12 657.292103373861 191.0502173894669
88 13 514.3834062721728 135.4964030741243
88 15 154.7132832889394 555.5638590537718
88 16 401.5855680653039 131.0080764767577
88 17 716.6302145747205 65.46725675097609
88 18 692.6186403259472 167.46921257052335
88 42 582.7324568443071 157.93464938763063
88 51 313.44031353181293 513.9711325253937
88 55 256.6339988213081 679.3621009339216
88 57 283.48297853174154 211.78595031045552
88 59 156.68506826011753 387.4619212825125
88 89 26.39993046208432 414.0834742495888
88 91 240.48158914521355 332.68986234179465
88 92 873.6327719378232 76.12742722060665
89 8 1066.8884733403045 228.4797112721673
89 9 623.6040938781676 175.37001912988882
89 10 475.23355845565897 47.69169171743065
89 11 558.6368953008456 74.68217016157486
89 12 658.1586283490899 190.79368897273525
89 13 518.0358127002494 135.17812063896304
89 15 154.72976442866977 555.545472036125
89 16 402.1942351630381 130.95839253594906
89 17 716.2809347056864 65.46727253252389
89 18 692.6194690038022 167.30367634144412
89 42 585.2364463150409 157.88748397802
89 51 313.5889233193593 514.2678970217281
89 55 256.63267644284826 679.3582203388872
89 57 283.4665111160866 210.96198677866775
89 59 155.1993876695842 388.2570219937103
89 89 26.45383033178803 414.0767711438631
89 91 238.03837565654703 331.027267405123
89 92 874.0481732578046 76.01523167956015
90 8 1066.8877955939904 228.44737189298996
90 9 625.3621138012953 175.34190257331156
90 10 475.2015576113082 47.69171183675243
90 11 558.6303758558148 74.63095632116817
90 12 658.9071662814131 190.5120677804931
90 13 521.7822544154103 134.85153480606286
90 15 154.73701566696943 555.5270850184783
90 16 402.7018825932604 130.9725989790735
90 17 715.9015470356485 65.4672883140717
90 18 692.6202976816572 167.13308852233993
90 51 313.746931545185 514.6104362958058
90 55 256.6313540643884 679.3503096641731
90 57 283.66626268859545 210.2366920568893
90 59 153.42142144426953 389.0521227049081
90 89 26.50773020149174 414.0700680381373
90 91 235.50643941633732 329.02615853160387
90 92 874.4699008867956 75.79470579964783
91 8 1066.8871178476763 228.4150325138126
91 9 627.1635190695787 175.31378601673427
91 10 475.1695567669575 47.69173195607421
91 11 558.6238564107839 74.57829048729776
91 12 659.5242042136774 190.2044889688552
91 13 525.6227314176554 134.5166455754238
91 15 154.7344646618935 555.5086980008316
91 16 403.09668285206646 131.0571732374095
91 17 715.4911031633684 65.4673040956195
91 51 313.91433820929007 515.00073129656
91 55 256.63003168592854 679.3380718787192
91 57 284.0007978121139 209.6876102296665
91 59 151.2127593497098 389.84722341610586
91 89 26.56163007119545 414.0633649324116
91 91 232.92109008786883 327.13500270823715
91 92 874.8623774422585 75.46584958086964
91 96 807.7131835937496 65.22895584106445
92 8 1066.8864401013625 228.3826931346353
92 9 629.0083096830177 175.285669460157
92 10 475.13755592260674 47.691752075396
92 11 558.617336965753 74.52417265996364
92 12 659.9957544143159 189.87008769393609
92 13 529.5572437069845 134.1734529470458
92 15 154.72153907149715 555.4903109831848
92 16 403.3663732262063 131.21882367979111
92 17 715.0486546876075 65.46731987716728
92 18 692.6219550373671 166.77675811405666
92 51 314.09114331167444 515.4407629729238
92 55 256.6287093074687 679.3212099514657
92 57 284.3666087518941 209.4260390678392
92 59 148.4166185203826 390.6423241273037
92 89 26.61552994089916 414.05666182668585
92 91 230.31763733442224 325.93281666655093
92 92 875.1900255416585 75.02866302322565
92 96 806.9153198242184 65.43262786865233
93 8 1066.8857623550482 228.350353755458
93 9 630.8964856416126 175.25755290357975
93 10 475.105555078256 47.69177219471777
93 11 558.6108175207222 74.46860283916578
93 12 660.307354377344 189.5079991118505
93 13 533.585791283398 133.82195692092893
93 15 154.69766655383555 555.471923965538
93 16 403.4982557930872 131.46448961260757
93 17 714.5732532071274 65.46733565871509
93 18 692.622783715222 166.59101552487758
93 51 314.2773468523382 515.9325122738302
93 55 256.6273869290088 679.2994268513526
93 57 284.6354852088116 209.602396409362
93 59 144.85708777196987 391.4374248385015
93 89 26.669429810602864 414.0499587209601
93 91 227.73139081928457 326.1291668851627
93 92 875.4172678024634 74.48314612671578
93 96 806.1174560546872 65.63629989624022
94 8 1066.885084608734 228.31801437628064
94 9 632.8280469453631 175.22943634700246
94 10 475.0735542339052 47.69179231403955
94 11 558.6042980756913 74.41158102490422
94 12 660.4440668223633 189.1173583787132
94 13 537.7083741468955 133.46215749707315
94 15 154.6622747669638 555.4535369478914
94 16 403.4791974207687 131.80134127980375
94 17 714.0639503206897 65.46735144026289
94 18 692.623612393077 166.40022134567351
94 51 314.47294883128126 516.4779601482123
94 55 256.626064550549 679.27242554732
94 57 284.6518840530334 210.41197980406287
94 59 140.33837191356997 392.2325255496993
94 89 26.723329680306573 414.0432556152344
94 91 225.1976602057412 328.5641695880331
94 92 875.5085268421362 73.8292988913401
94 96 805.3195922851561 65.83997192382812
