1 1 1200.128228055514 396.2365134808255
1 2 192.4484355011957 260.47754676525415
1 3 131.1216209663907 228.19764714241023
1 4 28.12651084936582 270.7527401117178
2 1 1200.1283109839585 396.22348668099977
2 2 191.7733733077376 260.4809588582525
2 3 130.7234266397266 228.22249814634355
2 4 28.141748622878566 270.79102094042435
3 1 1200.1283939124028 396.21190962478187
3 2 191.1411403098238 260.48437095125087
3 3 130.36222566306944 228.24626807175412
3 4 28.15698639639131 270.82930176913084
3 5 230.45869000949864 151.25919606400893
4 1 1200.1284768408473 396.2017228420412
4 2 190.55056140263048 260.4877830442492
4 3 130.0359530393145 228.26895691864203
4 4 28.17222416990406 270.8675825978373
4 5 233.22674982039803 152.56920592000785
5 1 1200.1285597692915 396.1928668626473
5 2 190.0004614813338 260.4911951372476
5 3 129.7425999005376 228.2905646870072
5 4 28.187461943416803 270.9058634265439
5 5 235.9439849348264 153.9883511260982
6 1 1200.128642697736 396.18528221646966
6 2 189.4896654411099 260.4946072302459
6 3 129.48021350799482 228.31109137684965
6 4 28.20269971692955 270.9441442552504
6 5 238.5871362781696 155.47055184704055
7 1 1200.1287256261803 396.1789094333777
7 2 189.01699817713495 260.49801932324425
7 3 129.24689725212275 228.3305369881694
7 4 28.217937490442296 270.9824250839569
7 5 241.13672070018063 156.97633202982712
8 1 1200.1288085546248 396.173689043241
8 2 188.5812845845852 260.5014314162426
8 3 129.04081065253837 228.34890152096645
8 4 28.23317526395504 271.0207059126634
8 5 243.57674519162407 158.4723108967893
9 1 1200.1288914830693 396.169561575929
9 2 188.18134955863667 260.50484350924097
9 3 128.86016935803912 228.3661849752408
9 4 28.248413037467788 271.0589867413699
9 5 245.89443056862075 159.9307120325739
10 1 1200.1289744115138 396.1664675613111
10 2 187.8160179944656 260.5082556022393
10 3 128.70324514660282 228.3823873509924
10 4 28.263650810980533 271.09726757007644
10 5 248.0799446246949 161.32889006498698
11 1 1200.129057339958 396.1643475292569
11 2 187.4841147872482 260.51166769523763
11 3 128.56836592538775 228.39750864822133
11 4 28.27888858449328 271.13554839878293
11 5 250.12614475052263 162.64887493970642
12 1 1200.1291402684026 396.16314200963575
12 2 187.18446483216053 260.515079788236
12 3 128.4539157307326 228.41154886692755
12 4 28.294126358006025 271.1738292274894
12 5 252.02833002138144 163.87693378886246
13 1 1200.129223196847 396.16279153231727
13 2 186.91589302437885 260.51849188123435
13 3 128.3583347281565 228.42450800711103
13 4 28.30936413151877 271.212110056196
13 5 253.78400275230172 165.00315039348646
14 1 1200.1293061252914 396.1632366271708
14 2 186.67722425907928 260.5219039742327
14 3 128.28011921235898 228.43638606877184
14 4 28.32460190503152 271.25039088490246
14 5 255.39263952091972 166.02102223982814
15 1 1200.1293890537358 396.1644178240659
15 2 186.467283431438 260.5253160672311
15 3 128.21782160721995 228.44718305190992
15 4 28.339839678544266 271.288671713609
15 5 256.85547165803166 166.92707516954067
16 1 1200.1294719821803 396.166275652872
16 2 186.28489543663116 260.5287281602294
16 3 128.1700504657999 228.4568989565253
16 4 28.35507745205701 271.3269525423155
16 5 258.17527520584974 167.72049562373422
17 1 1200.1295549106246 396.1687506434587
17 2 186.1288851698349 260.53214025322774
17 3 128.13547047033956 228.46553378261797
17 4 28.370315225569755 271.365233371022
17 5 259.3561703439594 168.40278048089775
18 1 1200.1296378390691 396.1717833256953
18 2 185.99807752622544 260.5355523462261
18 3 128.11280243226017 228.47308753018788
18 4 28.385552999082503 271.40351419972853
18 5 260.4034302829782 168.977404488689
18 8 1229.0775961741783 564.970602089073
19 1 1200.1297207675136 396.1753142294514
19 2 185.8912974009789 260.53896443922446
19 3 128.10082329216337 228.47956019923512
19 4 28.400790772595247 271.441795028435
19 5 261.3232996259164 169.44950528959245
19 8 1182.7052075632523 533.8468146642905
20 1 1200.129803695958 396.1792838845964
20 2 185.80736968927152 260.5423765322228
20 3 128.09836611983127 228.4849517897597
20 4 28.41602854610799 271.4800758571415
20 5 262.1228221972383 169.8255860404461
20 8 1131.8630127706278 504.2085250322263
21 1 1200.1298866244024 396.1836328209999
21 2 185.7451192862794 260.5457886252212
21 3 128.1043201142264 228.4892623017615
21 4 28.43126631962074 271.51835668584806
21 5 262.80967833962615 170.11323562583567
21 8 1078.1947446607533 476.0941001542375
22 1 1200.129969552847 396.1883015685312
22 2 185.70337108717868 260.5492007182195
22 3 128.1176306034916 228.4924917352406
22 4 28.446504093133484 271.5566375145545
22 5 263.3920316784447 170.3208664653579
22 8 1023.1229657258764 449.53039325046734
23 1 1200.1300524812912 396.1932306570599
23 2 185.6809499871456 260.55261281121784
23 3 128.13729904495028 228.494640090197
23 4 28.461741866646232 271.59491834326104
23 5 263.87838535390773 170.45746991475127
23 8 967.8651180917176 424.5333503378117
24 1 1200.1301354097357 396.1983606164556
24 2 185.67668088135625 260.5560249042162
24 3 128.16238302510624 228.4957073666307
24 4 28.476979640158977 271.6331991719676
24 5 264.27744772094576 170.53238926089557
24 8 913.4490575581932 401.1086167678832
25 1 1200.1302183381802 396.2036319765875
25 2 185.6893886649869 260.55943699721456
25 3 128.1919962596436 228.49569356454168
25 4 28.492217413671725 271.6714800006741
25 5 264.5980075167756 170.5551103106793
25 8 860.7280716751625 379.2521437649796
26 1 1200.1303012666244 396.2089852673252
26 2 185.7178982332136 260.5628490902129
26 3 128.22530859342703 228.49459868393
26 4 28.50745518718447 271.7097608293806
26 5 264.8488184961711 170.5350695737355
26 8 810.3953818531768 358.9507949640466
27 1 1200.130384195069 396.2143610185382
27 2 185.76103448121253 260.5662611832113
27 3 128.26154600050154 228.49242272479557
27 4 28.522692960697213 271.7480416580871
27 5 265.0384935344355 170.48148003904572
27 8 762.9981295093125 340.18295294864674
28 1 1200.1304671235134 396.219699760096
28 2 185.81762230415995 260.5696732762096
28 3 128.29999058409263 228.4891656871384
28 4 28.53793073420996 271.7863224867936
28 5 265.17540819807544 170.40317454541213
28 8 718.9508462479926 322.91912578892266
29 1 1200.1305500519577 396.22494202186806
29 2 185.8864865972319 260.57308536920794
29 3 128.3399805766062 228.48482757095852
29 4 28.553168507722702 271.82460331550016
29 5 265.26761378317644 170.3084667457983
29 8 678.5484080768306 307.1225535795644
30 1 1200.1306329804022 396.2300283337239
30 2 185.96645225560465 260.5764974622063
30 3 128.38091033962854 228.479408376256
30 4 28.56840628123545 271.86288414420665
30 5 265.3227598214794 170.20502966553755
30 8 641.9784736575598 292.7498149777746
31 1 1200.1307159088467 396.2348992255328
31 2 186.0563441744543 260.57990955520467
31 3 128.42223036392636 228.4729081030307
31 4 28.5836440547482 271.90116497291314
31 5 265.34802605415945 170.09979185440983
31 8 609.3334065919103 279.75143374123536
32 1 1200.130798837291 396.23949522716447
32 2 186.15498724895704 260.583321648203
32 3 128.46344726944687 228.46532675128276
32 4 28.598881828260943 271.9394458016197
32 5 265.35006387330543 169.99885113258705
32 8 580.6216817425648 268.0724852660719
33 1 1200.1308817657357 396.2437568684883
33 2 186.26120637428903 260.5867337412014
33 3 128.50412380531765 228.45666432101208
33 4 28.61411960177369 271.9777266303262
33 5 265.3349472311016 169.9074059304464
33 8 555.778775589185 257.65320312482095
34 1 1200.13096469418 396.24762467937376
34 2 186.3738264456265 260.59014583419975
34 3 128.54387884984666 228.44692081221865
34 4 28.629357375286435 272.01600745903266
34 5 265.3081330167104 169.8297042222519
34 8 534.6775406193642 248.42958560439456
35 1 1200.1310476226242 396.2510391896904
35 2 186.49167235814545 260.59355792719805
35 3 128.5823874105224 228.4360962249025
35 4 28.644595148799183 272.0542882877392
35 5 265.2744309008569 169.76901005370405
35 8 517.1380637546877 240.33400224404767
36 1 1200.1311305510687 396.25394092930753
36 2 186.61356900702225 260.5969700201964
36 3 128.61938062401367 228.42419055906373
36 4 28.659832922311928 272.0925691164457
36 5 265.2379826481145 169.72758766335784
36 8 502.93700881179575 233.29580037334236
37 1 1200.1312134795132 396.2562704280948
37 2 186.7383412874329 260.6003821131948
37 3 128.65464575616977 228.4112038147022
37 4 28.67507069582468 272.13084994515225
37 5 265.2022508968929 169.70670319790955
37 8 491.8164429984736 227.24191165011325
38 1 1200.1312964079575 396.2579682159216
38 2 186.8648140945536 260.6037942061932
38 3 128.68802620202038 228.397135991818
38 4 28.69030846933742 272.16913077385874
38 5 265.17001740712635 169.70664402135046
38 8 483.4921474448111 222.09745859843656
38 9 332.6444569075925 207.9691316527449
38 10 1265.9525065165085 197.3554763451308
39 1 1200.131379336402 396.2589748226574
39 2 186.9918123235606 260.6072062991915
39 3 128.71942148577568 228.38198709041103
39 4 28.705546242850165 272.20741160256523
39 5 265.1433907756644 169.72675561798997
39 8 477.6614117693061 217.78636114659253
39 9 367.439743490203 205.1409359180298
39 10 1254.7992010364042 196.27005813507265
40 1 1200.1314622648465 396.2592307781717
40 2 187.11816086963 260.61061839218985
40 3 128.7487872608262 228.36575711048135
40 4 28.720784016362916 272.2456924312718
40 5 265.1238236193636 169.76549608934673
40 8 474.010312680105 214.2319431650328
40 9 400.17091732462 202.3577237707977
40 10 1243.6458955563 195.1846399250145
41 1 1200.1315451932908 396.25867661233406
41 2 187.24268462793796 260.6140304851881
41 3 128.77613530974287 228.348446052029
41 4 28.736021789875657 272.28397325997827
41 5 265.1121392258813 169.82050824490727
41 8 472.22047661114175 211.3575390043452
41 9 430.8822515311231 199.64670887777464
41 10 1232.4925900761957 194.09922171495637
42 1 1200.1316281217353 396.25725285501386
42 2 187.36420849366064 260.6174425781865
42 3 128.8015335442771 228.33005391505392
42 4 28.751259563388405 272.3222540886848
42 5 265.1085676721704 169.88870928675388
42 8 471.9753263934562 209.08710003322108
42 9 459.618019229988 197.0322063039516
42 10 1221.3392845960916 193.0138035048982
43 1 1200.1317110501798 396.2549000360806
43 2 187.48155736197424 260.6208546711849
43 3 128.82510600536077 228.3105806995561
43 4 28.76649733690115 272.3605349173913
43 5 265.1127914106757 169.9663980880598
43 8 472.9658119614387 207.3458011764208
43 9 486.4224935414936 194.53563251258464
43 10 1210.1859791159873 191.92838529484
44 1 1200.131793978624 396.2515586854038
44 2 187.5935561280549 260.62426676418323
44 3 128.84703286310605 228.29002640553568
44 4 28.781735110413894 272.3988157460978
44 5 265.1240003232315 170.0493800654536
44 8 474.8956250941169 206.0606474527376
44 9 511.3399475859183 192.17550536519627
44 10 1199.032673635883 190.84296708478183
45 1 1200.1318769070683 396.2471693328528
45 2 187.6990296870788 260.6276788571816
45 3 128.86755041680567 228.26839103299247
45 4 28.79697288392664 272.43709657480434
45 5 265.14095624266184 170.13310964525027
45 8 477.4858981915122 205.1610805129667
45 9 534.4146544835394 189.96744412157332
45 10 1187.8793681557786 189.7575488747237
46 1 1200.131959835513 396.24167250829726
46 2 187.7968029342221 260.63109095017995
46 3 128.88695109493267 228.24567458192652
46 4 28.812210657439387 272.47537740351083
46 5 265.1620669420808 170.21285032355266
46 8 480.4793870859439 204.5795851778676
46 9 555.6908873546349 187.9241694397681
46 10 1176.7260626756745 188.67213066466556
47 1 1200.132042763957 396.2350087416066
47 2 187.88570076466095 260.63450304317826
47 3 128.90558345514057 228.22187705233796
47 4 28.82744843095213 272.5136582322173
47 5 265.185469591895 170.28385232021984
47 8 483.644137888537 204.2522959761327
47 9 575.2129193194828 186.0555033760985
47 10 1165.57275719557 187.58671245460735
48 1 1200.1321256924018 396.2271185626502
48 2 187.9645480735716 260.6379151361766
48 3 128.92385218426332 228.1969984442266
48 4 28.84268620446488 272.55193906092387
48 5 265.20912368450786 170.34154782670257
48 8 486.7766378705437 204.11960368235304
48 9 593.025023498361 184.36836938514784
48 10 1154.4194517154658 186.50129424454923
49 1 1200.1322086208463 396.21794250129767
49 2 188.03216975613003 260.641327229175
49 3 128.9422180983153 228.17103875759256
49 4 28.857923977977627 272.5902198896304
49 5 265.2309134267247 170.3817638477496
49 8 489.7044503797442 204.12676185498003
49 9 609.1714730115464 182.86679231976416
49 10 1143.2661462353617 185.41587603449108
49 14 1230.716934652888 565.5117081328062
50 1 1200.1322915492906 396.2074210874184
50 2 188.08739070751255 260.64473932217334
50 3 128.96119814249127 228.14399799243583
50 4 28.87316175149037 272.62850071833685
50 5 265.2487595998599 170.40095263698058
50 8 492.28833379212847 204.22449337429816
50 9 623.6965409793193 181.5518984310613
50 14 1195.8760873233557 560.0103236703435
51 1 1200.132374477735 396.1954948508819
51 2 188.12903582289533 260.6481514151717
51 3 128.98136539116643 228.1158761487564
51 4 28.88839952500312 272.6667815470434
51 5 265.2607408875451 170.39643972632734
51 8 494.4238444981052 204.3695969803857
51 9 636.6445005219557 180.42191536841904
51 10 1120.959535275153 183.24503961437475
51 14 1161.035239993823 545.2716972893104
52 1 1200.1324574061796 396.1821043215577
52 2 188.1559299974545 260.65156350817006
52 3 129.00334904789645 228.0866732265542
52 4 28.903637298515864 272.7050623757499
52 5 265.2652246712395 170.36668954934373
52 8 496.0424239244262 204.52555381107985
52 9 648.0596247597341 179.47217217948037
52 10 1109.8062297950487 182.1596214043166
52 14 1126.1943926642907 525.1100096191512
53 1 1200.132540334624 396.1671900293152
53 2 188.1668981263662 260.6549756011684
53 3 129.02783444541734 228.0563892258293
53 4 28.91887507202861 272.7433432044564
53 5 265.2610072934411 170.31158865838236
53 8 497.1119695903553 204.6631339399487
53 9 657.9861868129324 178.69509931015625
53 10 1098.6529243149444 181.07420319425844
53 14 1091.3535453347583 502.4335853221128
54 1 1200.1326232630684 396.1506925040239
54 2 188.1607651048066 260.6583876941667
54 3 129.0555630456456 228.02502414658173
54 4 28.93411284554136 272.7816240331629
54 5 265.2474637885995 170.2327465356428
54 8 497.63689019946287 204.7610029142479
54 9 666.4684598018289 178.0802286046221
54 10 1087.4996188348402 179.9887849842003
54 14 1056.512698005226 479.352422437747
55 1 1200.1327061915129 396.1325522755533
55 2 188.13635582795192 260.6617997871651
55 3 129.08733243967816 227.99257798881143
55 4 28.9493506190541 272.8199048618694
55 5 265.22470708173057 170.13381399808412
55 8 497.6576447663033 204.8063282928972
55 9 673.5507168467002 177.6141933053168
55 10 1076.346313354736 178.9033667741421
55 14 1021.6718506756938 457.2857217186829
56 1 1200.1327891199571 396.1127098737728
56 2 188.09249519097827 260.66521188016344
56 3 129.1239963477923 227.95905075251844
56 4 28.96458839256685 272.858185690576
56 5 265.1937566547332 170.02081919620844
56 8 497.2497657779668 204.79538618443507
56 9 679.2772310678256 177.28072805294772
56 14 986.8310033461614 437.069415970589
57 1 1200.1328720484016 396.091105828552
57 2 188.02800808906184 260.6686239731618
57 3 129.1664646194458 227.92444243770277
57 4 28.979826166079597 272.89646651928246
57 5 265.15671668040414 169.902521206711
57 8 496.5223663907664 204.7341677849952
57 9 683.6922755854812 177.06066888648434
57 14 951.990156016629 419.063699388993
58 1 1200.132954976846 396.0676806697603
58 2 187.9417194173788 260.67203606616016
58 3 129.21570323327683 227.8887530443643
58 4 28.995063939592335 272.93474734798895
58 5 265.1169636241609 169.79078121899926
58 8 495.6161316620437 204.6389859162639
58 9 686.8401235199472 176.9319532431643
58 14 917.1493086870968 403.2605569000589
59 1 1200.1330379052904 396.0423749272673
59 2 187.83245407110527 260.67544815915846
59 3 129.27273429710397 227.8519825725032
59 4 29.01030171310509 272.9730281766955
59 5 265.0793433134584 169.70095131558082
59 8 494.7007938167267 204.53708156345124
59 9 688.7650479915005 176.86961995848844
59 14 882.3084613575643 389.39129349729046
60 1 1200.133120833735 396.0151291309422
60 2 187.69903694541745 260.6788602521568
60 3 129.33863604792623 227.8141310221193
60 4 29.02553948661783 273.011309005402
60 5 265.05037747491366 169.65228084631894
60 8 493.9720915493426 204.4672304132532
60 9 689.5113221204192 176.8458092662239
60 14 847.4676140280321 377.0340635845205
61 1 1200.1332037621794 395.98588381065474
61 2 187.54029293549152 260.6822723451552
61 3 129.41454285192307 227.7751983932128
61 4 29.04077726013058 273.0495898341085
61 5 265.0384797391277 169.6683403965546
61 8 493.6482133606678 204.48034939181863
61 9 689.1232190269802 176.82976279840386
61 14 812.6267666984995 365.7214003088884
62 1 1200.1332866906237 395.95457949627433
62 2 187.3550469365036 260.68568443815354
62 3 129.50164520445438 227.73518468578357
62 4 29.056015033643323 273.087870662815
62 5 265.05418111321126 169.77746334910074
62 8 493.9657249295078 204.64010320272
62 9 687.6450118314624 176.7878235853252
62 14 777.7859193689674 355.0477449041791
63 1 1200.1333696190682 395.9211567176704
63 2 187.14212384362992 260.6890965311519
63 3 129.60118973006044 227.6940898998316
63 4 29.07125280715607 273.1261514915215
63 5 265.1103649210109 170.01320504009914
63 8 495.1749805197405 205.02351086490967
63 9 685.1209736541437 176.68343605555106
63 14 742.9450720394348 344.77697602671105
64 1 1200.133452547513 395.8855560047125
64 2 186.9003485520466 260.69250862415026
64 3 129.71447918246193 227.6519140353569
64 4 29.086490580668816 273.164432320228
64 5 265.2225112110377 170.41481950875306
64 8 497.5350184221188 205.7215522506933
64 9 681.5953776153028 176.47714603591055
64 14 708.1042247099026 334.9499390969286
