1 1 466.7083524052848 648.4956164420464
1 2 1099.1902135635398 532.0162326375485
1 3 643.1246758627934 277.9704443725734
1 4 548.8017552654014 255.88675379447997
1 5 784.3254359899628 310.93120106714747
1 6 622.3364961743109 270.80652177325845
2 1 466.72102073153536 648.5151930999982
2 2 1103.5420084808625 531.5693905882615
2 3 643.1289490755244 278.0230406342909
2 4 548.8522970143732 255.8223928298561
2 5 784.3285991520194 310.9233114682594
2 6 622.3415910875831 270.7790551273793
3 1 466.7331476395653 648.5333172208075
3 2 1108.6237060621108 531.2352315600074
3 3 643.1332222882552 278.06837587135647
3 4 548.8999095083283 255.76248477928968
3 5 784.331762314076 310.92970576842873
3 6 622.3466860008551 270.75252307087266
4 1 466.7447331293747 648.5500256296921
4 2 1114.1772772184147 531.0137555527859
4 3 643.1374955009861 278.1073176662734
4 4 548.9446642483529 255.7069118372339
4 5 784.3349254761325 310.9473590600592
4 6 622.3517809141273 270.7269256037385
5 1 466.7557772009635 648.5653551518699
5 2 1120.017800803941 530.9049625665973
5 3 643.1417687137169 278.1406691215139
5 4 548.9866327355334 255.6555561981421
5 5 784.3380886381891 310.9735807417629
5 6 622.3568758273993 270.702262725977
6 1 466.7662798543317 648.579342612559
6 2 1126.0231691274853 530.9088526014415
6 3 643.1460419264479 278.16917103795384
6 4 549.0258864709559 255.60830005646775
6 5 784.3412518002457 311.00599351331726
6 6 622.3619707406714 270.6785344375879
7 1 466.7762410894794 648.5920248369771
7 2 1132.1237934640578 531.0254256573184
7 3 643.1503151391787 278.193504093307
7 4 549.0624969557069 255.56502560666425
7 5 784.3444149623023 311.0425129742799
7 6 622.3670656539435 270.6557407385714
8 1 466.7856609064066 648.6034386503421
8 2 1138.2923095664748 531.254681734228
8 3 643.1545883519096 278.2142910205596
8 4 549.0965356908725 255.5256150431848
8 5 784.3475781243588 311.08132782626086
8 6 622.3721605672156 270.6338816289274
9 1 466.7945393051131 648.6136208778721
9 2 1144.533283176946 531.5966208321705
9 3 643.1588615646405 278.23209878640466
9 4 549.1280741775391 255.48995056048287
9 5 784.3507412864154 311.1208806788547
9 6 622.3772554804877 270.6129571086559
10 1 466.8028762855991 648.6226083447849
10 2 1150.872915538663 532.0512429511457
10 3 643.1631347773713 278.2474407696771
10 4 549.157183916793 255.4579143530118
10 5 784.353904448472 311.15984945922906
10 6 622.3823503937598 270.592967177757
11 1 466.8106718478645 648.6304378762983
11 2 1157.348748907389 532.6185480911537
11 3 643.1674079901022 278.2607789397874
11 4 549.1839364097203 255.42938861522495
11 5 784.3570676105286 311.1971294253729
11 6 622.387445307032 270.5739118362306
12 1 466.81792599190936 648.6371462976304
12 2 1163.9993720630473 533.2985362521945
12 3 643.171681202833 278.2725260351565
12 4 549.2084031574074 255.40425554157576
12 5 784.3602307725852 311.23181578300193
12 6 622.392540220304 270.5557910840767
13 1 466.8246387177337 648.6427704339989
13 2 1170.8541258213097 534.091207434268
13 3 643.175954415564 278.2830477416505
13 4 549.2306556609404 255.38239732651752
13 5 784.3633939346417 311.26318690612305
13 6 622.397635133576 270.5386049212953
14 1 466.8308100253373 648.6473471106217
14 2 1177.9228085451848 534.9965616373743
14 3 643.1802276282948 278.29266487101467
14 4 549.250765421406 255.3636961645036
14 5 784.3665570966983 311.2906881612563
14 6 622.4027300468482 270.52235334788645
15 1 466.8364399147205 648.6509131527168
15 2 1185.1853816566088 536.0145988615133
15 3 643.1845008410257 278.3016555393083
15 4 549.26880393989 255.34803424998745
15 5 784.3697202587549 311.3139163353156
15 6 622.4078249601203 270.50703636385015
15 19 640.426891482254 316.1981422791506
16 1 466.8415283858831 648.6535053855023
16 2 1192.5816751480324 537.1453191066851
16 3 643.1887740537566 278.31025734533915
16 4 549.2848427174788 255.3352937774223
16 5 784.3728834208115 311.3326046671474
16 6 622.4129198733924 270.4926539691864
16 19 650.4325519720255 319.16559227112134
17 1 466.8460754388251 648.6551606341957
17 2 1200.0010930940095 538.3887223728897
17 3 643.1930472664874 278.3186695490977
17 4 549.2989532552589 255.3253569412616
17 5 784.3760465828681 311.3466084827277
17 6 622.4180147866645 270.4792061638951
17 19 661.0294440355905 322.26742625517
18 1 466.8500810735465 648.6559157240151
18 2 1207.2723191627877 539.744808660127
18 3 643.1973204792183 278.327055250192
18 4 549.3112070543162 255.31810593595867
18 5 784.3792097449247 311.3558914340172
18 6 622.4231096999365 270.4666929479764
18 19 672.1562667505641 325.5036442312964
19 1 466.8535452900474 648.6558074801785
19 2 1214.1530221278945 541.2135779683971
19 3 643.2015936919491 278.33554356628173
19 4 549.3216756157375 255.31342295596693
19 5 784.3823729069812 311.3605123414748
19 6 622.4282046132087 270.4551143214302
19 19 683.7517191945615 328.87424619950065
20 1 466.8564680883277 648.6548727279037
20 2 1220.3195613797288 542.7950302977
20 3 643.2058669046801 278.3442318115132
20 4 549.3304304406086 255.3111901957397
20 5 784.3855360690378 311.36061264022914
20 6 622.4332995264807 270.4444702842565
21 1 466.85884946838746 648.6531482924086
21 2 1225.3566924371478 544.4891656480356
21 3 643.2101401174109 278.35318767495346
21 4 549.3375430300159 255.3112898497304
21 5 784.3886992310944 311.3564044299085
21 6 622.4383944397529 270.4347608364553
21 19 708.1033095800874 336.0186021121428
22 1 466.8606894302266 648.650670998911
22 2 1228.747272459056 546.295984019404
22 3 643.2144133301418 278.36245139902485
22 4 549.3430848850458 255.31360411239237
22 5 784.391862393151 311.348159128129
22 6 622.4434893530249 270.42598597802674
22 19 720.7368456768462 339.7923560565805
23 1 466.86198797384526 648.647477672629
23 3 643.2186865428727 278.37203795793965
23 4 549.3471275067844 255.3180151781789
23 5 784.3950255552076 311.33619672764075
23 6 622.4485842662971 270.4181457089706
23 19 733.593807813089 343.7004939930961
24 1 466.86274509924334 648.6436051387803
24 3 643.2229597556036 278.3819392361344
24 4 549.3497423963181 255.3244052415435
24 5 784.3981887172641 311.32087565713243
24 6 622.4536791795691 270.41124002928706
24 19 746.612895066431 347.7430159216895
25 1 466.8629608064208 648.639090222583
25 3 643.2272329683344 278.3921262067044
25 4 549.3510010547332 255.33265649693945
25 5 784.4013518793207 311.3025832456942
25 6 622.4587740928412 270.405268938976
25 19 759.7328065144872 351.9199218423608
26 1 466.8626350953777 648.6339697492549
26 3 643.2315061810652 278.4025511098385
26 4 549.3509749831159 255.3426511388201
26 5 784.4045150413773 311.28172679093865
26 6 622.4638690061133 270.4002324380375
27 1 466.861767966114 648.6282805440139
27 3 643.2357793937962 278.4131496312531
27 4 549.3497356825525 255.35427136163884
27 5 784.4076782034339 311.25872523077965
27 6 622.4689639193854 270.3961305264715
28 1 466.86035941862986 648.622059432078
28 3 643.240052606527 278.4238430806269
28 4 549.3473546541292 255.36739935984903
28 5 784.4108413654905 311.2340014188704
28 6 622.4740588326575 270.39296320427803
28 30 595.7878304845103 265.5950319640985
29 1 466.85840945292506 648.615343238665
29 3 643.2443258192579 278.4345405700357
29 4 549.3439033989324 255.3819173279041
29 5 784.414004527547 311.20797500369866
29 6 622.4791537459296 270.3907304714571
29 30 595.7706415147017 265.5960970607564
30 1 466.8559180689997 648.6081687889928
30 3 643.2485990319888 278.4451411923862
30 4 549.3394534180483 255.3977074602573
30 5 784.4171676896036 311.1810559113408
30 6 622.4842486592016 270.3894323280087
30 30 595.7552334920722 265.5971621574143
31 1 466.8528852668538 648.6005729082793
31 3 643.2528722447197 278.45553619985105
31 4 549.3340762125632 255.4146519513621
31 5 784.4203308516602 311.1536384318739
31 6 622.4893435724738 270.3890687739328
31 30 595.7416064166218 265.5982272540721
31 32 925.4770413699722 559.3356644279665
32 1 466.8493110464873 648.5925924217424
32 3 643.2571454574505 278.4656111823031
32 4 549.3278432835633 255.43263299567184
32 5 784.4234940137168 311.126095909446
32 6 622.4944384857458 270.38963980922944
32 30 595.7297602883505 265.59929235073
32 32 943.84488416214 547.9119060558987
33 1 466.8451954079002 648.5842641546001
33 3 643.2614186701813 278.47524824575004
33 4 549.320826132135 255.45153278763985
33 5 784.4266571757734 311.0987760360048
33 6 622.499533399018 270.3911454338986
33 30 595.7196951072584 265.60035744738786
33 32 960.8995206303032 536.7150876886953
34 1 466.8405383510926 648.5756249320702
34 3 643.2656918829123 278.4843281907687
34 4 549.3130962593646 255.47123352171948
34 5 784.4298203378299 311.07199674868434
34 6 622.50462831229 270.3935856479403
34 30 595.7114108733454 265.6014225440457
34 32 976.6877770421936 525.94421595727
35 1 466.8353398760645 648.5667115793707
35 3 643.2699650956431 278.4927326909397
35 4 549.3047251663382 255.49161739236416
35 5 784.4329834998865 311.04604273085016
35 6 622.5097232255621 270.3969604513545
35 30 595.7049075866115 265.6024876407036
35 32 991.2564796655456 515.7532266529943
36 1 466.8295999828157 648.5575609217194
36 3 643.274238308374 278.50034647128183
36 4 549.2957843541421 255.5125665940272
36 5 784.4361466619431 311.0211625168023
36 6 622.5148181388342 270.40126984414127
36 30 595.7001852470568 265.60355273736144
36 32 1004.6524547680918 506.25593723504153
37 1 466.8233186713464 648.5482097843342
37 3 643.2785115211049 278.50705948668667
37 4 549.2863453238629 255.533963321162
37 5 784.4393098239997 310.99756620013693
37 6 622.5199130521063 270.40651382630057
37 30 595.6972438546811 265.6046178340193
37 32 1016.9225286175651 497.5307554283863
38 1 466.81649594165646 648.5386949924331
38 3 643.2827847338358 278.5127691003529
38 4 549.2764795765863 255.55568976822195
38 5 784.4424729860563 310.975423745766
38 6 622.5250079653784 270.4126923978324
38 30 595.6960834094847 265.6056829306772
38 32 1028.1135274816995 489.62514391246896
39 1 466.809131793746 648.5290533712339
39 3 643.2870579465666 278.5173822622211
39 4 549.266258613399 255.5776281296604
39 5 784.4456361481128 310.9548639055953
39 6 622.5301028786505 270.4198055587367
39 30 595.6967039114674 265.606748027335
39 32 1038.272277628228 482.5598411005758
40 1 466.801226227615 648.5193217459546
40 3 643.2913311592976 278.5208176874077
40 4 549.2557539353872 255.59966059993064
40 5 784.4487993101694 310.9359737378602
40 6 622.5351977919227 270.4278533090135
40 30 595.6991053606291 265.6078131239929
40 32 1047.4456053248837 476.3328380097792
41 1 466.7927792432634 648.5095369418129
41 3 643.2956043720284 278.5230080346402
41 4 549.2450370436372 255.62166937348613
41 5 784.451962472226 310.91879873012044
41 6 622.5402927051947 270.4368356486629
41 30 595.70328775697 265.60887822065075
41 32 1055.6803368393994 470.9231112216849
42 1 466.78379084069127 648.499735784027
42 3 643.2998775847592 278.523902084691
42 4 549.2341794392352 255.64353664478017
42 5 784.4551256342826 310.9033435259125
42 6 622.5453876184667 270.44675257768483
42 30 595.7092511004901 265.6099433173086
42 32 1063.0232984395088 466.2941119337038
43 1 466.7742610198985 648.4899550978147
43 3 643.3041507974901 278.5234669188122
43 4 549.2232526232675 255.6651446082662
43 5 784.4582887963392 310.88957325506027
43 6 622.5504825317389 270.45760409607925
43 30 595.7169953911892 265.6110084139665
44 1 466.76418978088526 648.4802317083937
44 3 643.308424010221 278.5216900971701
44 4 549.2123280968203 255.68637545839752
44 5 784.4614519583957 310.87741546764454
44 6 622.555577445011 270.4693902038462
44 30 595.7265206290675 265.6120735106243
44 32 1075.2212169674408 459.1737006698404
45 1 466.7535771236514 648.4706024409821
45 3 643.3126972229519 278.5185818372797
45 4 549.20147736098 255.70711138962756
45 5 784.4646151204523 310.8667626716298
45 6 622.5606723582831 270.48211090098573
45 30 595.7378268141249 265.6131386072822
45 32 1080.1698264307297 456.559550899472
46 1 466.742423048197 648.4611041207978
46 3 643.3169704356827 278.5141771924391
46 4 549.1907719168328 255.7272345964096
46 5 784.4677782825089 310.85747547414985
46 6 622.5657672715552 270.49576618749774
46 30 595.7509139463615 265.61420370394006
46 32 1084.413971050545 454.48592377763634
47 1 466.730727554522 648.4517735730587
47 3 643.3212436484137 278.5085382301639
47 4 549.1802832654649 255.74662727319705
47 5 784.4709414445655 310.84938632645174
47 6 622.5708621848272 270.5103560633823
47 30 595.7657820257772 265.6152688005979
47 32 1088.0004770946198 452.8824425245021
48 1 466.7184906426264 648.4426476229826
48 3 643.3255168611445 278.5017562106219
48 4 549.1700829079628 255.7651716144433
48 5 784.4741046066221 310.8423038724973
48 6 622.5759570980994 270.52588052863933
48 30 595.782431052372 265.6163338972558
48 32 1090.976170830687 451.6790171881548
49 1 466.7057123125103 648.4337630957875
49 3 643.3297900738753 278.4939537650677
49 4 549.1602423454126 255.7827498146017
49 5 784.4772677686786 310.83601790122367
49 6 622.5810520113714 270.5423395832689
49 30 595.8008610261459 265.61739899391364
49 32 1093.3878785264806 450.8076263306184
50 1 466.6923925641736 648.4251568166912
50 3 643.3340632866062 278.4852870742767
50 4 549.1508330789006 255.7992440681256
50 5 784.4804309307352 310.83030490246153
50 6 622.5861469246436 270.55973322727107
50 30 595.821071947099 265.61846409057154
50 32 1095.2824264497326 450.203854804553
51 1 466.6785313976164 648.4168656109118
51 3 643.3383364993371 278.47594804698
51 4 549.1419266095131 255.81453656946837
51 5 784.4835940927918 310.8249342265115
51 6 622.5912418379156 270.5780614606457
51 30 595.8430638152312 265.6195291872294
51 32 1096.7066408681771 449.8081876205552
51 49 676.3901472080615 419.95757053920215
52 1 466.66412881283856 648.408926303667
52 3 643.342609712068 278.46616649829883
52 4 549.1335944383363 255.82850951308333
52 5 784.4867572548484 310.8196748473794
52 6 622.5963367511877 270.5973242833929
52 30 595.8668366305426 265.6205942838872
52 32 1097.7073480495474 449.5670599052264
52 49 676.8481405154198 420.5410215908425
53 1 466.64918480984016 648.4013757201748
53 3 643.3468829247988 278.456212328179
53 4 549.1259080664566 255.841045093424
53 5 784.489920416905 310.814302729669
53 6 622.6014316644598 270.6175216955126
53 30 595.892390393033 265.6216593805451
53 32 1098.3313742615765 449.4336629499076
53 49 677.0338701463297 421.1244726424828
54 1 466.6336993886212 648.394250685653
54 3 643.3511561375298 278.4463976998253
54 4 549.1189389949603 255.85202550494355
54 5 784.4930835789615 310.80860879913325
54 6 622.6065265777319 270.6386536970048
54 30 595.9197251027026 265.6227244772029
54 32 1098.6255457719967 449.36850634983057
54 49 677.0532889318092 421.7079236941231
55 1 466.6176725491817 648.3875880253197
55 3 643.3554293502606 278.4370792181361
55 4 549.1127587249335 255.8613329420955
55 5 784.4962467410181 310.8024075168841
55 6 622.611621491004 270.6607202878696
55 30 595.9488407595513 265.62378957386085
55 32 1098.6366888485422 449.3397362344649
55 49 676.9876206782938 422.29137474576345
56 1 466.6011042915216 648.3814245643927
56 3 643.3597025629915 278.42866010813793
56 4 549.1074387574627 255.86884959933312
56 5 784.4994099030747 310.79554605726
56 6 622.6167164042761 270.68372146810685
56 30 595.9797373635791 265.6248546705187
56 32 1098.4116297589458 449.3232095878111
56 49 676.8959640801586 422.8748257974038
57 1 466.5839946156409 648.3757971280897
57 3 643.3639757757223 278.4215923934197
57 4 549.1030505936338 255.87445767110984
57 5 784.5025730651313 310.7879140893516
57 6 622.6218113175482 270.70765723771666
57 30 596.0124149147862 265.6259197671765
57 32 1097.997194770941 449.3023246601561
57 49 676.8178966322448 423.4582768490441
58 1 466.5663435215397 648.3707425416289
58 3 643.3682489884532 278.41637907456743
58 4 549.0996657345336 255.87803935187895
58 5 784.5057362271879 310.7794541621867
58 6 622.6269062308203 270.732527596699
58 30 596.0468734131723 265.6269848638344
58 32 1097.440210152261 449.26760746979016
58 49 676.7760785424616 424.04172790068446
59 1 466.5481510092179 648.3662976302281
59 3 643.3725222011841 278.4135763075987
59 4 549.0973556812479 255.87947683609397
59 5 784.5088993892444 310.7701726935718
59 6 622.6320011440923 270.75833254505386
59 30 596.0831128587375 265.62804996049226
59 32 1096.7875021706382 449.2160543958562
59 49 676.7788566445051 424.6251789523248
59 55 581.6840468186593 299.16382297054764
60 1 466.5294170786756 648.3624992191052
60 3 643.3767954139149 278.413795582397
60 4 549.0961919348632 255.87865231820803
60 5 784.512062551301 310.76015156259325
60 6 622.6370960573645 270.78507208278126
60 30 596.121133251482 265.62911505715016
60 32 1096.0858970938066 449.1502308616909
60 49 676.8228683102388 425.2086300039651
60 55 588.779928354116 301.3375012210081
61 1 466.5101417299126 648.3593841334781
61 3 643.3810686266459 278.41770590114635
61 4 549.0962459964658 255.8754479926747
61 5 784.5152257133576 310.7495603057759
61 6 622.6421909706365 270.8127462098812
61 30 596.1609345914054 265.630180153808
61 32 1095.3822211894994 449.0771261087193
61 49 676.8956453623832 425.7920810556054
61 55 595.8758098895728 303.54287215927394
62 1 466.4903249629292 648.3569891985646
62 3 643.3853418393767 278.4260359567658
62 4 549.0975893671418 255.86974605394727
62 5 784.5183888754142 310.7386689169002
62 6 622.6472858839087 270.84135492635363
62 30 596.202516878508 265.63124525046584
62 32 1094.72330072545 449.0067640614434
62 49 676.9782179870781 426.37553210724576
62 55 602.9716914250296 305.7799357853452
63 1 466.4699667777251 648.3553512395829
63 3 643.3896150521076 278.4395763113439
63 4 549.1002935479777 255.8614286964791
63 5 784.5215520374708 310.7278612504777
63 6 622.6523807971807 270.8708982321986
63 30 596.2458801127898 265.63231034712373
63 32 1094.1559619693908 448.9505702824727
63 49 677.0477186464122 426.9589831588861
63 55 610.0675729604864 308.04869209922174
64 1 466.44906717430047 648.3545070817505
64 3 643.3938882648384 278.4591815745732
64 4 549.1044300400597 255.85037811472355
64 5 784.5247151995273 310.71764902888407
64 6 622.6574757104528 270.9013761274161
64 30 596.2910242942507 265.6333754437816
64 32 1093.7270311890552 448.9194950187448
64 49 677.0799859911676 427.5424342105264
64 55 617.163454495943 310.3491411009036
65 1 466.4276261526553 648.3544935502856
65 3 643.3981614775693 278.4857725821845
65 4 549.1100703444739 255.836476503134
65 5 784.5278783615839 310.7086864531515
65 6 622.662570623725 270.9327886120061
65 30 596.3379494228908 265.6344405404394
65 32 1093.4833346521764 448.921892338155
65 49 677.0521687731889 428.1258852621667
65 55 624.2593360313998 312.68128279039087
66 1 466.4056437127895 648.3553474704061
66 3 643.4024346903002 278.5203385743819
66 4 549.1172859623068 255.81960605616385
66 5 784.5310415236405 310.7017854174182
66 6 622.667665536997 270.9651356859687
66 30 596.38665549871 265.6355056370973
66 32 1093.471698626488 448.9611553570003
66 49 676.9453297580185 428.7093363138071
66 55 631.3552175668566 315.0451171676835
67 1 466.3831198547032 648.3571056673296
67 3 643.406707903031 278.56393937427674
67 4 549.1261483946446 255.7996489682664
67 5 784.5342046856971 310.69793132703666
67 6 622.6727604502692 270.99841734930374
67 30 596.4371425217082 265.63657073375515
67 32 1093.7389493797232 449.0331075578233
67 49 676.7470496376773 429.2927873654474
67 55 638.4510991023133 317.4406442327815
68 1 466.36005457839633 648.3598049662743
68 3 643.410981115762 278.6177075663223
68 4 549.1367291425736 255.77648743389503
68 5 784.5373678477537 310.69829952034047
68 6 622.6778553635412 271.03263360201134
68 30 596.4894104918857 265.63763583041305
68 32 1094.3319131796145 449.1231501984457
68 49 676.4540309428812 429.8762384170877
68 55 645.54698063777 319.86786398568483
69 1 466.33644788386886 648.363482192458
69 3 643.4152543284928 278.6828506747483
69 4 549.14909970718 255.75000364750315
69 5 784.5405310098103 310.7042722940683
69 6 622.6829502768134 271.0677844440915
69 30 596.5434594092421 265.6387009270709
69 32 1095.2974162938958 449.2031658109654
69 49 676.0747019559931 430.459689468728
69 55 652.6428621732268 322.3267764263935
70 1 466.3122997711208 648.3681741710986
70 3 643.4195275412237 278.76065334199546
70 4 549.1633315895501 255.72007980354408
70 5 784.5436941718668 310.7174565324474
70 6 622.6880451900854 271.1038698755441
70 30 596.5992892737779 265.6397660237287
70 32 1096.6822849903 449.2281777919452
70 49 675.6318206232863 431.0431405203684
70 55 659.7387437086835 324.8173815549076
