215 195 189.56830379206983 83.5012666138332
216 195 189.33624640648668 83.21523130484638
217 195 189.06259073053843 82.92498278171888
218 195 188.7506935317324 82.63109569755215
219 195 188.40380660400297 82.33412593589537
220 195 188.0250767677153 82.03461061073585
221 195 187.61754586968345 81.73306806650771
222 195 187.1841507830959 81.42999787808367
222 202 32.69774389690792 174.42001765475567
223 195 186.7277234076464 81.12588085077778
224 195 186.25099066939947 80.82117902034952
224 202 48.40600823755085 172.28488530843953
224 208 144.0812988 207.2605743
225 195 185.7565745208758 80.51633565299744
225 202 56.40177463860164 171.2308983714384
226 195 185.24699194100504 80.21177524536324
226 202 64.48390817562358 170.18596425854184
227 195 184.7246549351803 79.90790352452996
227 202 72.64636708524267 169.15008296974975
228 195 184.19187053518365 79.60510744802832
228 202 80.8831096040667 168.12325450506228
229 195 183.65084079925876 79.30375520382177
230 195 183.1036628120601 79.0041962103196
231 195 182.55232868469105 78.70676111637704
232 195 181.9987255546457 78.41176180128514
232 202 114.45208050379551 164.1064688873584
232 218 185.8297882 200.7461548
233 195 181.4446355858909 78.11949137478405
233 202 122.9696146179176 163.12490454319385
234 195 180.8917359688112 77.83022417704797
234 202 131.5251817609569 162.15239302313392
235 195 180.341598920184 77.54421577869925
236 195 179.79569168329 77.26170298080297
237 195 179.25537652774983 76.98290381485958
238 195 178.72191074969305 76.70801754281638
239 195 178.19644667162538 76.4372246570615
240 195 177.68003164250695 76.17068688043128
241 195 177.17360803773408 75.90854716619378
241 202 191.97156844754136 155.59829145764263
242 195 176.67801325909568 75.6509296980621
242 202 200.613896340079 154.6982025304194
243 195 176.19397973485138 75.39793989019518
244 195 175.72213491966977 75.14966438719557
245 195 175.263001294652 74.90617106410082
246 195 174.81699636732083 74.66750902639251
247 195 174.38443267165712 74.43370860999948
248 195 173.96551776801425 74.20478138128965
249 195 173.5603542432582 73.98072013707088
249 202 260.3142532753918 148.6510591147847
250 195 173.16893971059653 73.76149890459055
250 202 268.6566690609216 147.82339278039808
251 195 172.7911668097313 73.54707294154787
251 202 276.9344078978502 147.004779270116
252 195 172.42682320675522 73.33737873607697
252 202 285.1414280227982 146.19521858393853
253 195 172.0755915942118 73.13233400675563
253 202 293.27168767237526 145.39471072186564
254 202 301.31914508320915 144.60325568389737
254 235 57.39308167 142.3299408
255 202 309.2777584919113 143.82085347003363
256 202 317.1414861350986 143.0475040802745
257 202 324.90428624938977 142.28320751461996
258 195 170.49765947679043 72.17265878354874
258 202 332.5601170713999 141.52796377306998
259 195 170.2125578301384 71.9927319060098
259 202 340.1029368377458 140.78177285562464
259 243 43.69312992691994 171.09502455554684
259 244 83.20829061154018 135.50154008681318
260 195 169.93540776170448 71.81635298704305
260 202 347.52670378504445 140.0446347622838
260 243 51.16173967719078 170.16466619025596
260 244 86.81478664143106 134.33294316593407
261 195 169.66505217543818 71.64328958876513
261 202 354.8253761499145 139.31654949304755
261 243 60.77741681039333 169.14973655341237
261 244 90.2464094420502 133.16434624505496
261 247 265.0769652999993 109.92365260000004
262 195 169.40022900177064 71.47329050372309
262 202 361.9929121689747 138.59751704791591
262 243 71.99109148979187 168.0584499466204
262 244 93.50315901339854 131.99574932417585
262 247 259.3374328999996 110.45426940000002
262 248 421.2256530329672 169.26848126593404
263 195 169.13957119748738 71.3060857549226
263 202 369.02327007884014 137.88753742688883
263 243 84.33548358082771 166.89902067158982
263 244 96.58503535547698 130.82715240329668
263 248 421.303058687912 169.25781822032965
264 195 168.88160674589926 71.14138659580476
264 202 375.9104081161258 137.18661062996637
264 243 97.41911076009274 165.67966302994682
264 244 99.4920384682846 129.65855548241757
264 248 421.3589776207791 169.24715517472526
264 250 232.6109161 111.3040771
265 195 168.6247586566515 70.97888551025244
265 202 382.648284517456 136.4947366571485
265 243 110.92029571533205 164.4085913233721
265 244 102.22416835182048 128.48995856153846
265 248 421.39340983156814 169.23649212912085
266 195 168.36734496589995 70.81825621258395
266 202 389.2308575194384 135.81191550843516
266 243 124.58117431402206 163.0940198535318
266 244 104.78142500608736 127.32136164065936
266 248 421.4063553202794 169.22582908351646
266 251 207.2953339 112.2824783
267 195 168.10757873615512 70.65915364757257
267 202 395.65208535868805 135.13814718382645
267 243 138.2017028927803 161.74416292208116
267 244 107.16380843108254 126.15276471978024
267 248 421.3978140869127 169.21516603791207
268 195 167.8435680564162 70.50121399042473
268 202 401.90592627183287 134.47343168332225
268 243 151.63366656005385 160.36723483068272
268 244 109.371318626806 124.98416779890108
268 248 421.367786131468 169.20450299230765
269 195 167.57331604208957 70.3440546467923
269 243 164.77468609809875 158.97144988098808
269 244 111.40395559326043 123.81557087802196
269 248 421.3162714539456 169.19383994670326
270 195 167.29472083501423 70.18727425276529
270 243 177.56222596764565 157.5650223746925
270 244 113.26171933044408 122.64697395714283
270 248 421.2432700543452 169.18317690109888
271 195 167.0055756034435 70.03045267488369
271 202 419.6027098207797 132.53360212643736
271 243 189.96760262548923 156.15616661341846
271 244 114.94460983835688 121.47837703626374
271 248 421.14878193266696 169.17251385549446
271 255 37.38796612473948 201.39039729312933
272 195 166.70356854207603 69.87315101011973
272 202 425.1265853956557 131.9050979223515
272 243 201.98999097943303 154.75309689886126
272 248 421.0328070889106 169.16185080989007
272 255 39.10918957158128 201.64398620238356
273 243 213.65043346583843 153.3640275326543
273 248 420.8953455230766 169.15118776428568
273 255 40.88188221851851 202.07444864412537
274 243 224.98584626615047 151.99717281648554
274 248 420.7363972351646 169.14052471868126
274 255 42.70604406555094 202.65306621204945
274 264 117.63141524384264 119.98736584746268
275 243 236.04302854835987 150.66074705200663
275 255 44.58167511267925 203.35112049979216
275 264 112.7084378108193 119.48705955985074
276 243 246.87266896665096 149.36296454087642
276 255 46.50877535990298 204.1398931010044
276 264 108.0311532558062 118.9867532722388
277 243 257.52335384488106 148.11203958476472
277 255 48.487344807222144 204.99066560936623
277 264 103.5995615788088 118.48644698462684
278 243 268.0355749875307 146.9161864853304
278 255 50.51738345463673 205.8747196185141
279 243 278.4357368052006 145.78361954423963
279 255 52.59889130214697 206.7633367220551
279 264 95.47345685885377 117.48583440940295
280 243 288.73016507923603 144.72255306313673
280 255 54.73186834975263 207.62779851371303
280 264 91.77894381589611 116.98552812179102
281 243 298.8991130590439 143.74120134371697
281 255 56.91631459745349 208.43938658713887
281 274 175.1854502666664 207.6524429333334
282 243 308.89077094197273 142.84777868761012
282 255 59.15223004525001 209.1693825358525
282 274 179.30302449761882 207.20065525595243
282 276 109.82431449051 120.06053106785706
283 243 318.6152722686529 142.05049939651144
283 255 61.439614693142175 209.78906795369403
283 274 183.42059872857124 206.7488675785715
283 276 108.43096052144938 120.0658580214285
284 195 161.0914750265656 67.76270310938708
284 243 327.9387019276619 141.35757777204708
284 255 63.77846854112977 210.2697244341689
284 274 187.53817295952345 206.29707990119053
284 276 107.392841335728 120.07118497499994
285 195 160.36412692043996 67.55067999124094
285 243 336.6771043539047 140.77722811590138
285 255 66.16879158921279 210.5826335710153
285 274 191.65574719047584 205.8452922238096
285 276 106.70995693334226 120.07651192857138
286 195 159.58052948532713 67.33006134030984
286 243 344.59049063920975 140.3176647297405
286 255 68.61058383739146 210.6990769578697
286 264 74.77141599643801 113.9836903961194
286 274 195.77332142142825 205.39350454642863
286 276 106.38230731429394 120.0818388821428
287 195 158.73679631237246 67.10012671019967
287 243 351.3768464028836 139.98710191521968
287 255 71.10384528566556 210.59033618835383
287 264 72.79675309957565 113.48338410850744
287 274 199.89089565238064 204.94171686904767
287 276 106.40989247857942 120.08716583571425
287 279 350.9128417999999 279.1876831
288 195 157.82893601912292 66.8601368849695
288 243 356.6661394685507 139.7937539739978
288 255 73.64857593403485 210.2276928561041
288 274 204.00846988333308 204.4899291916667
288 276 106.79271242620416 120.09249278928569
288 279 350.95443729999994 279.1875
