1 1 233.5193788011128 326.01410059958505
1 2 65.07807191002546 399.9087963917734
1 3 21.308433532714844 504.8566894531251
1 4 141.12412297549463 356.0005742478322
1 5 1178.5121774097277 305.9191566276301
1 6 397.2328696069956 241.14786307800367
1 7 1183.800048828125 307.77569580078125
1 8 452.6428561258113 204.23301226775249
1 9 503.9396749357481 183.1507273951808
2 1 233.47648489053927 326.0084458283886
2 2 64.75959921666946 399.89127752796304
2 3 19.2111873626709 512.7575683593751
2 4 140.7140314467206 356.83273133874144
2 5 1166.724280109115 308.59939211029234
2 6 397.4011526288459 241.34776504770903
2 8 452.6181234592168 204.1374636679756
2 9 504.6813822383911 182.59692123458905
3 1 233.43359097996571 326.00279105719216
3 2 64.48173141073875 399.8737586641527
3 4 140.30393991794656 357.5089077678243
3 5 1153.4508419760714 311.3133839501591
3 6 397.5643019442419 241.54766701741443
3 8 452.5933907926224 204.04728278388075
3 9 505.2599018584999 182.0431150739973
3 10 615.8851365084855 283.20910765516885
3 11 120.8892032585285 377.3544535329107
3 12 341.2727973612684 288.4883964746223
4 1 233.3906970693922 325.99713628599574
4 2 64.24307286661318 399.8562398003423
4 4 139.89384838917255 358.0408206214095
4 5 1138.979437246971 313.87110029910474
4 6 397.72231755318353 241.74756898711976
4 8 452.568658126028 203.9624696154679
4 9 505.695586161869 181.4893089134056
4 10 614.8083351050078 282.74626899835727
4 11 120.57865159192129 376.7568927832631
4 12 339.8958765782273 288.41581199585715
4 14 651.7551918009505 173.10997558058352
4 15 42.565987666983176 294.1221958572077
5 1 233.34780315881864 325.99148151479926
5 2 64.04222795867263 399.8387209365319
5 4 139.48375686039853 358.440186985826
5 5 1123.5976401581872 316.1175147276504
5 6 397.8751994556707 241.94747095682516
5 8 452.5439254594335 203.88302416273703
5 9 506.0077147604636 180.93550275281385
5 10 612.8102380344754 283.51582503609274
5 11 120.29318241293132 376.1681351906176
5 12 338.59916152080365 288.34322751709203
5 14 651.474743349048 174.38152664389278
5 15 39.50323950374396 295.2478952172345
5 18 73.38426916939875 281.79242924281533
6 1 233.30490924824517 325.98582674360284
6 2 63.877801061296935 399.8212020727215
6 4 139.0736653316245 358.71872394740234
6 5 1107.5930249460937 317.93260622496405
6 6 398.0229476517036 242.1473729265305
6 8 452.5191927928391 203.80894642568825
6 9 506.2144945124195 180.38169659222208
6 10 610.0376939101631 285.34127369484054
6 11 120.03279572155864 375.5881807549742
6 12 337.38101363609434 288.2706430383269
6 14 650.9189327461999 175.552948688944
6 15 36.60671288630466 296.3414386934084
6 18 75.54320199148998 283.43405805315297
7 1 233.2620153376716 325.9801719724064
7 2 63.74839654886597 399.8036832089111
7 4 138.66357380285046 358.8881485924674
7 5 1091.2531658470643 319.2313591988604
7 6 398.16556214128207 242.34727489623583
7 8 452.4944601262447 203.74023640432145
7 9 506.3330595220434 179.82789043163035
7 10 606.6375513453456 288.0461129010659
7 11 119.79749151780328 375.0170294763329
7 12 336.2397943711961 288.1980585595618
7 14 650.176077188767 176.62424171573727
7 18 77.70213481358121 285.07568686349055
8 1 233.2191214270981 325.97451720120995
8 2 63.65261879575959 399.7861643451007
8 4 138.25348227407645 358.96017800735
8 5 1074.8656370974722 319.96376347580093
8 6 398.3030429244062 242.5471768659412
8 8 452.46972745965024 203.67689409863664
8 9 506.3794711398128 179.2740842710386
8 10 602.756658953298 291.4538405812341
8 11 119.58726980166516 374.45468135469366
8 12 335.1738651732059 288.12547408079666
8 14 649.3237414257603 177.5954057242725
8 15 31.31232428882586 298.4320579941977
8 18 79.86106763567244 286.7173156738282
9 1 233.17622751652456 325.9688624300136
9 2 63.58907217635765 399.7686454812903
9 4 137.84339074530243 358.94652927837893
9 5 1058.7180129336914 320.11481430089395
9 6 398.4353900010759 242.74707883564653
9 8 452.4449947930558 203.6189195086339
9 9 506.3687179623756 178.72027811044686
9 10 598.541865347295 295.38795466181045
9 11 119.40213057314436 373.9011363900565
9 12 334.1815874892204 288.05288960203154
9 14 648.428737758841 178.4664407145497
9 15 28.914462308786348 299.4291338188132
9 18 82.02000045776369 288.35894448416576
9 25 434.8141099185609 234.93924597537884
10 1 233.13333360595104 325.9632076588171
10 2 63.55636106504002 399.75112661748
10 4 137.4332992165284 358.85891949188294
10 5 1043.0978675920956 319.7045123378946
10 6 398.5626033712913 242.9469808053519
10 8 452.42026212646135 203.56631263431308
10 9 506.3147158325506 178.16647194985512
10 10 594.1400191406115 299.67195306926027
10 11 119.24207383224082 373.3563945824216
10 12 333.26132276633643 287.9803051232664
10 14 647.54712604232 179.23734668656888
10 15 26.682821874546768 300.3940537595758
10 18 84.17893327985492 290.0005732945034
10 25 435.55969679416194 235.00549361323905
11 1 233.09043969537748 325.95755288762064
11 2 63.55308983618656 399.7336077536696
11 4 137.02320768775436 358.70906573419074
11 5 1028.292775309058 318.7878636692046
11 6 398.68468303505233 243.14688277505724
11 8 452.39552945986696 203.51907347567436
11 9 506.2303078393276 177.61266578926336
11 10 589.6979689465221 304.1293337300487
11 11 119.10709957895456 372.8204559317887
11 12 332.41143245165085 287.90772064450124
11 14 646.7242136831584 179.90812364033007
11 15 24.61740298610712 301.3268178164855
11 18 86.33786610194616 291.642202104841
11 25 436.2196733070633 235.0717412510992
12 1 233.047545784804 325.9518981164242
12 2 63.57786286417711 399.7160888898592
12 4 136.61311615898035 358.50868509163126
12 5 1014.5903103209524 317.4548797958727
12 6 398.8016289923589 243.3467847447626
12 8 452.3707967932725 203.4772020327176
12 9 506.1272643178667 177.05885962867163
12 10 585.3625633783018 308.58359457064114
12 11 118.9972078132856 372.2933204381579
12 12 331.6302779922604 287.8351361657361
12 14 645.9945556409671 180.47877157583324
12 15 22.718205643467392 302.22742598954244
12 25 436.79403945726494 235.1379888889594
13 1 233.00465187423043 325.9462433452278
13 2 63.62928452339155 399.6985700260488
13 4 136.20302463020633 358.26949465053315
13 5 1002.2780468641524 315.8305776375944
13 6 398.9134412432112 243.546686714468
13 8 452.3460641266781 203.44069830544288
13 9 506.016282849499 176.50505346807986
13 10 581.2806510492256 312.85823351750287
13 11 118.91239853523392 371.7749881015292
13 12 330.916220835262 287.762551686971
13 14 645.3819544280071 180.9492904930784
13 15 20.9852298466276 303.09587827874657
13 25 437.2827952447669 235.2042365268196
14 1 232.9617579636569 325.9405885740314
14 2 63.70595918820973 399.6810511622384
14 4 135.7929331014323 358.0032114972252
14 5 991.643559175032 314.0749795327116
14 6 399.0201197876091 243.7465886841733
14 8 452.3213314600836 203.40956229385017
14 9 505.9069882617263 175.95124730748813
14 10 577.599080572568 316.77674849709905
14 11 118.85267174479952 371.2654589219026
14 12 330.2676224277523 287.68996720820587
14 14 644.8994601091897 181.31968039206552
14 15 19.41847559558772 303.9321746840978
14 25 437.68594066956905 235.27048416467977
15 1 232.91886405308335 325.9349338028349
15 2 63.80649123301151 399.663532298428
15 4 135.38284157265826 357.72155271803626
15 5 982.9744214899644 312.38311323821364
15 6 399.1216646255526 243.94649065387867
15 8 452.2965987934893 203.38379399793948
15 9 505.8079326282209 175.3974411468964
15 10 574.4647005616041 320.162637435895
15 11 118.8180274419824 370.76473289927816
15 12 329.68284421682824 287.61738272944075
15 14 644.5493703020757 181.58994127279465
15 15 18.017942890347783 304.7363152055962
15 25 438.0034757316716 235.33673180254
16 1 232.87597014250983 325.9292790316385
16 2 63.92948503217674 399.64601343461766
16 4 134.97275004388425 357.4362353992952
16 5 976.5582080453232 310.98501192973606
16 6 399.2180757570417 244.146392623584
16 8 452.2718661268948 203.3633934177108
16 9 505.7265952688262 174.84363498630464
16 10 572.0243596296086 322.839398260356
16 11 118.80846562678258 370.2728100336558
16 12 329.1602476495865 287.5447982506756
16 14 644.323230176876 181.76007313526577
16 15 16.78363173090777 305.5082998432418
16 25 438.2354004310744 235.40297944040012
17 1 232.83307623193636 325.92362426044207
17 2 64.0735449600853 399.6284945708073
17 4 134.56265851511023 357.1589766273305
17 5 972.6824930774824 310.14571420156153
17 6 399.3093531820765 244.34629459328937
17 8 452.2471334603004 203.34836055316413
17 9 505.6693827495561 174.2898288257129
17 10 570.4249063898565 324.6305288969474
17 11 118.82398629920004 369.7896903250355
17 12 328.6981941731241 287.4722137719105
17 14 644.2018324564517 181.8300759794789
17 15 15.715542117267688 306.24812859703457
17 25 438.3817147677775 235.46922707826036
18 1 232.7901823213628 325.9179694892456
18 2 64.23727539111704 399.6109757069969
18 4 134.1525669863362 356.90149348847115
18 5 971.6348508228152 310.16526406661933
18 6 399.39549690065695 244.5461965629947
18 8 452.2224007937059 203.33869540429947
18 9 505.64162888259534 173.73602266512117
18 10 569.8131894556223 325.3595272721344
18 11 118.86458945923476 369.3153737734174
18 12 328.2950452345376 287.3996292931454
18 14 644.1552174163138 181.79994980543395
18 15 14.81367404942754 306.95580146697444
18 25 438.4424187417809 235.5354747161205
19 1 232.74728841078925 325.9123147180492
19 2 64.41928069965182 399.59345684318646
19 4 133.74247545756216 356.675503069046
19 5 973.7028555176956 311.37871095648563
19 6 399.47650691278295 244.74609853270007
19 8 452.1976681271115 203.33439797111683
19 9 505.6475947262992 173.1822165045294
19 10 570.3360574401811 324.8498913123823
19 11 118.93027510688678 368.8498603788013
19 12 327.949162280924 287.32704481438026
19 14 644.1426728846234 181.669694613131
19 15 14.078027527387306 307.6313184530616
19 25 438.4175123530847 235.6017223539807
20 1 232.70439450021573 325.9066599468528
20 2 64.61816526006949 399.5759379793761
20 4 133.33238392878815 356.4927224553836
20 5 979.174081398497 314.1561097213833
20 6 399.5523832184546 244.94600050240544
20 8 452.17293546051707 203.3354682536162
20 9 505.6904685851939 172.62841034393767
20 10 572.1403589568076 322.9251189441563
20 11 119.02104324215608 368.3931501411873
20 12 327.65890675938 287.25446033561514
20 14 644.1127342421912 181.43931040257007
20 15 13.50860255114702 308.2746795552958
20 25 438.30699560168864 235.6679699918409
21 1 232.6615005896422 325.9010051756563
21 2 64.83253344674992 399.5584191155657
21 4 132.92229240001413 356.3648687338129
21 5 988.336102701593 318.90252063018204
21 6 399.6231258176719 245.1459024721108
21 8 452.1482027939226 203.3419062517976
21 9 505.7723660099764 172.07460418334594
21 10 575.3729426187767 319.40870809392175
21 11 119.13689386504268 367.9452430605755
21 12 327.42264011700235 287.18187585685
21 14 644.0031844224784 181.1087971737511
21 15 13.105399120706643 308.8858847736772
21 25 438.11086848759294 235.73421762970105
22 1 232.61860667906868 325.89535040445986
22 2 65.06098963407295 399.5409002517553
22 4 132.5122008712401 356.3036589906628
22 8 452.1234701273282 203.353711965661
22 9 505.89432979751416 171.52079802275418
22 11 119.27782697554656 367.50613913696577
22 12 327.238723800888 287.1092913780849
22 25 437.8291310107975 235.80046526756124
22 35 1176.2156176131807 237.07713360126183
23 1 232.57571276849515 325.88969563326344
23 2 65.30213819641848 399.52338138794494
23 4 132.10210934246606 356.32081031226176
23 8 452.0987374607338 203.3708853952064
23 9 506.0563299908456 170.96699186216244
23 11 119.4438425736677 367.0758383703581
23 12 327.1055192581337 287.03670689931977
23 25 437.4617831713024 235.86671290542145
23 35 1176.844966571514 237.2015956937348
23 36 722.1474540720421 338.3550205013724
23 37 518.3610578264515 356.7448261805943
24 1 232.53281885792163 325.88404086206697
24 2 65.55458350816633 399.50586252413456
24 4 131.69201781369205 356.42803978493873
24 8 452.07400479413934 203.39342654043384
24 9 506.2572638791798 170.4131857015707
24 11 119.63494065940614 366.6543407607526
24 12 327.0213879358363 286.96412242055465
24 25 437.00882496910754 235.9329605432816
24 35 1177.3824263332197 237.3260577862077
24 36 702.5043781779701 338.8266660368281
24 37 518.8419145856592 360.7181810651507
25 1 232.48992494734807 325.8783860908705
25 2 65.81692994369637 399.4883436603242
25 4 131.28192628491803 356.63706449502257
25 8 452.0492721275449 203.4213354013433
25 9 506.4949559978965 169.85937954097895
25 11 119.85112123276186 366.24164630814914
25 12 326.9846912810925 286.8915379417895
25 25 436.47025640421305 235.9992081811418
25 35 1177.827996898298 237.4505198786807
25 36 684.1268889861783 339.4429876670114
25 37 516.2357657296325 364.6915359497071
26 1 232.44703103677452 325.87273131967413
26 2 66.08778187738847 399.4708247965138
26 4 130.871834756144 356.9596015288419
26 8 452.0245394609505 203.45461197793475
26 9 506.7661581285463 169.30557338038722
26 11 120.09238429373488 365.8377550125478
26 12 326.99379074099926 286.8189534630244
26 25 435.8460774766188 236.065455819002
26 35 1178.181678266748 237.57498197115365
26 36 666.9737766320256 340.1967855726665
26 37 510.5426112583714 368.6648908342635
27 1 232.40413712620105 325.86707654847766
27 2 66.36574368362248 399.4533059327034
27 4 130.46174322736996 357.40736797272564
27 8 451.99980679435606 203.49325627020824
27 9 507.0665492988505 168.75176721979545
27 11 120.35872984232516 365.44266687394855
27 12 327.0470477626532 286.7463689842593
27 15 14.176830999862917 311.8778425230561
27 25 435.13628818632486 236.13170345686217
27 35 1178.443470438571 237.6994440636266
27 36 651.0038312508709 341.0808599345378
27 37 501.7624511718757 372.6382457188198
28 1 232.3612432156275 325.86142177728124
28 2 66.64941973677826 399.435787068893
28 4 130.05165169859595 357.99208091300244
28 8 451.9750741277616 203.5372682781637
28 9 507.390735782701 168.19796105920372
28 11 120.65015787853272 365.05638189235145
28 12 327.14282379315136 286.6737845054941
28 15 14.93717839002204 312.26395655446765
28 25 434.3408885333312 236.1979510947224
28 35 1178.613373413766 237.82390615609955
28 36 636.1758429780732 342.0880109333696
28 37 489.8952854701459 376.6116006033762
29 1 232.318349305054 325.8557670060848
29 2 66.93741441123568 399.41826820508265
29 4 129.64156016982193 358.7254574360012
29 6 400.00425317905285 246.7451182297536
29 8 451.9503414611672 203.5866480018012
29 9 507.73225110016057 167.644154898612
29 11 120.96666840235758 364.6789000677565
29 12 327.2794802795903 286.60120002672903
29 15 15.863747325981096 312.6179147020264
29 25 433.4598785176379 236.2641987325825
29 35 1178.6913871923337 237.9483682485725
29 36 622.4486019489909 343.2110387499061
29 37 474.9411141531816 380.5849554879326
29 47 652.1729787190934 342.0176178903207
30 1 232.27545539448045 325.85011223488834
30 2 67.22833208137457 399.4007493412723
30 4 129.2314686410479 359.6192146280506
30 6 400.0287924201808 246.94502019945892
30 8 451.9256087945727 203.64139544112072
30 9 508.0835560174627 167.09034873802025
30 11 121.30826141379973 364.3102214001635
30 12 327.45537866906704 286.5286155479639
30 15 16.95653780774009 312.93971696573226
30 35 1178.6775117742734 238.0728303410455
30 36 609.7808982989837 344.44274356489166
30 47 614.6086374918741 347.13057084516686
31 1 232.2325614839069 325.8444574636919
31 2 67.52077712157482 399.3832304774618
31 4 128.82137711227386 360.68506957547953
31 6 400.0481979548544 247.14492216916432
31 8 451.9008761279783 203.70151059612223
31 9 508.4360385470115 166.5365425774285
31 11 121.67493691285917 363.9503458895727
31 12 327.6688804086782 286.4560310691988
31 15 18.215549835299 313.22936334558534
31 35 1178.5717471595856 238.19729243351844
31 36 598.1315221634097 345.7759255590705
31 47 588.3783547537732 349.70471792509807
32 1 232.1896675733334 325.8388026924955
32 2 67.81335390621629 399.36571161365146
32 6 400.0624697830736 247.34482413886968
32 8 451.8761434613839 203.7669934668058
32 9 508.780013947382 165.98273641683676
32 11 122.06669489953586 363.599273535984
32 12 327.91834694552074 286.3834465904336
32 15 19.64078340865784 313.4868538415856
32 35 1178.37409334827 238.3217545259914
32 36 587.4592636776283 347.20338491318705
32 47 573.4821305047917 350.3737862326848
33 1 232.14677366275984 325.83314792129903
33 2 68.10466680967882 399.3481927498411
33 4 128.00119405472583 363.3799410817908
33 6 400.0716079048384 247.54472610857505
33 8 451.85141079478944 203.83784405317132
33 9 509.1047247233198 165.428930256245
33 11 122.48353537382984 363.2570043393974
33 12 328.2021397266914 286.3108621116685
33 15 21.232238527816605 313.7121884537329
33 35 1178.0845503403268 238.44621661846435
33 36 577.722912976998 348.7179218079854
33 47 569.9199647449286 349.77150287049744
34 1 232.10387975218632 325.8274931501026
34 2 68.39332020634227 399.3306738860307
34 4 127.5911025259518 365.0323918133308
34 6 400.0756123201489 247.7446280782804
34 8 451.826678128195 203.91406235521893
34 9 509.3983406257413 164.87512409565326
34 11 122.92545833574113 362.9235382998129
34 12 328.518620199287 286.23827763290336
34 15 22.9899151927753 313.9053671820275
34 35 1177.703118135756 238.5706787109373
34 36 568.881260196878 350.31233642421006
34 47 577.691857474184 348.5315949411038
35 1 232.0609858416128 325.8218383789062
35 2 68.6779184705865 399.3131550222203
35 6 400.07448302900497 247.9445300479857
35 8 451.80194546160055 203.99564837294847
35 9 509.6479586517336 164.32131793506153
35 11 123.39246378526968 362.59887541723054
35 12 328.86614981040435 286.16569315413824
35 15 24.913813403533936 314.0663900264692
35 35 1177.2297967345576 238.69514080341028
35 36 560.8930954726268 351.97942894260524
35 47 596.7978086925577 347.28778954707604
36 1 232.0180919310393 325.8161836077098
36 2 68.9570659767914 399.29563615840993
36 4 126.77091946840376 369.0059086648234
36 6 400.06822003140667 248.1444320176911
36 8 451.77721279500616 204.08260210636013
36 9 509.83960304455456 163.76751177446977
36 11 123.88455172241554 362.28301569165023
36 12 329.24309000714027 286.0931086753731
36 15 27.003933160092487 314.1952569870581
36 35 1176.6645861367315 238.81960289588324
36 36 553.7172089396038 353.7119995439151
36 47 627.2378184000518 346.67381379098106
37 1 231.9751980204657 325.8105288365133
37 2 69.22936709933678 399.2781172945996
37 4 126.36082793962971 371.3504089574335
37 6 400.0568233273541 248.3443339873964
37 8 451.7524801284117 204.17492355545372
37 11 124.40172214717866 361.9759591230721
37 12 329.6478022365915 286.020524196608
37 35 1176.0074863422778 238.9440649883562
37 36 547.3123907331671 355.5028484088841
38 1 231.9323041098922 325.8048740653169
38 2 69.49342621260254 399.2605984307892
38 6 400.04029291684697 248.5442359571018
38 11 124.94397505955908 361.677705711496
38 12 330.0786479458549 285.94793971784287
38 35 1175.2584973511964 239.06852708082917
38 36 541.6374309886762 357.3447757182565
38 53 330.3488396538629 451.4916666666667
39 1 231.8894101993187 325.79921929412046
39 2 69.74784769096853 399.2430795669788
39 6 400.0186287998856 248.7441379268072
39 11 125.51131045955675 361.388255456922
39 12 330.53398858202735 285.8753552390777
39 35 1174.4176191634872 239.1929891733021
39 36 536.6511198414901 359.2305816527766
39 53 326.9134046766493 452.5626612345378
40 1 231.84651628874516 325.793564522924
40 2 69.99123590881459 399.2255607031684
40 6 399.9918309764698 248.9440398965125
40 11 126.10372834717174 361.1076083593501
40 12 331.0121855922055 285.8027707603126
40 35 1173.4848517791506 239.31745126577505
40 36 532.3122474269674 361.1530663931886
40 53 323.4779696994358 453.6336558024089
41 1 231.8036223781716 325.7879097517276
41 2 70.22219524052059 399.208041839358
41 6 399.9598994465997 249.14394186621783
41 11 126.721228722404 360.83576441878034
41 12 331.5116004234863 285.7301862815475
41 35 1172.4601951981865 239.44191335824803
41 36 528.5796038804667 363.1050301202369
41 53 320.0425347222223 454.70465037028
42 1 231.76072846759808 325.78225498053115
42 2 70.4393300604664 399.1905229755477
42 6 399.9228342102752 249.3438438359232
42 11 127.36381158525354 360.5727236352127
42 12 332.03059452296645 285.6576018027824
42 35 1171.343649420594 239.56637545072095
42 36 525.4119793373472 365.07927301466566
42 53 316.6070997450087 455.7756449381511
42 64 604.0227973760702 236.817784691666
43 1 231.71783455702456 325.7766002093347
43 2 70.64124474303186 399.1730041117372
43 6 399.8806352674963 249.54374580562856
43 11 128.03147693572038 360.3184860086472
43 12 332.5675293377428 285.58501732401726
43 35 1170.1352144463744 239.69083754319396
43 36 522.7681639329676 367.0685952572193
43 53 313.1716647677952 456.8466395060222
43 64 607.4144023759654 234.37427083458897
43 66 438.8482439514061 225.5639309920865
43 67 596.6231811523431 126.85036621093744
44 1 231.67494064645103 325.77094543813826
44 2 70.82654366259685 399.1554852479268
44 6 399.8333026182631 249.7436477753339
44 11 128.72422477380448 360.0730515390837
44 12 333.12076631491226 285.51243284525214
44 35 1168.8348902755272 239.8152996356669
44 36 520.6069478026873 369.06579702864207
44 53 309.73622979058166 457.9176340738933
44 64 606.6419246761288 234.7945279935666
44 66 439.0016336560295 225.55520809257848
44 67 596.5730224609371 127.08537216186518
45 1 231.6320467358775 325.76529066694184
45 2 70.99383119354123 399.13796638411645
45 6 399.7808362625754 249.9435497450393
45 11 129.4420550995059 359.8364202265223
45 12 333.6886669015715 285.439848366487
45 35 1167.4426769080524 239.93976172813984
45 36 518.8871210818645 371.0636785096783
45 53 306.30079481336816 458.9886286417644
45 64 603.0957025481475 237.0618869696773
45 66 439.1201800793319 225.5022154317678
45 67 596.5228637695309 127.32037811279292
46 1 231.589152825304 325.75963589574536
46 2 71.14171171024482 399.1204475203061
46 6 399.7232362004334 250.14345171474463
46 11 130.18496791282456 359.6085920709631
46 12 334.2695925448173 285.3672638877219
46 35 1165.9585743439495 240.0642238206128
46 36 517.5674739058584 373.0550398810722
46 53 302.8653598361546 460.0596232096356
46 64 597.9641325982666 240.3179046469668
46 66 439.20388322131305 225.42179919541425
46 67 596.4727050781247 127.55538406372064
47 1 231.54625891473043 325.75398112454894
47 2 71.26878958708753 399.1029286564957
47 6 399.6605024318371 250.34335368445
47 11 130.95296321376054 359.38956707240595
47 12 334.8619046917466 285.2946794089568
47 36 516.606796410028 375.03268132356806
47 64 592.2336697671781 243.8623639923826
47 66 439.2527430819731 225.32863150263188
48 1 231.5033650041569 325.7483263533525
48 2 71.37366919844919 399.0854097926853
48 6 399.5926349567863 250.54325565415533
48 11 131.74604100231377 359.1793452308509
48 12 335.46396478945616 285.22209493019164
48 36 515.9638787297317 376.9894030179103
48 64 586.6888273305449 247.15327405573044
48 66 439.2667596613121 225.23521040589185
48 68 175.47972254897832 508.5554920543324
49 1 231.46047109358335 325.74267158215605
49 2 71.45495491870966 399.0678909288749
49 6 399.5196337752812 250.74315762386067
49 11 132.56420127848432 358.977926546298
49 12 336.0741342850427 285.1495104514265
49 36 515.5975110003285 378.9180051448431
49 64 581.9121768983314 249.8068699696596
49 66 439.2459329593298 225.1518598910178
49 68 164.82859127160555 513.0124437736739
49 71 1208.18930669801 401.4687416672426
50 1 231.41757718300985 325.73701681095963
50 2 71.51125112224881 399.05037206506455
50 6 399.44149888732176 250.94305959356603
50 11 133.40744404227212 358.7853110187471
50 12 336.6907746256032 285.0769259726614
50 36 515.4664833571778 380.81128788511074
50 64 578.28434841532 251.59761294977943
50 66 439.1902629760265 225.08672987718967
50 68 156.23699807171488 516.6512666512357
50 71 1201.499973220407 398.7383093964684
51 1 231.37468327243636 325.7313620397632
51 2 71.5411621834465 399.03285320125417
51 6 399.3582302929079 251.1429615632714
51 11 134.27576929367723 358.6014986481984
51 12 337.31224725823427 285.0043414938962
51 36 515.5295859356384 382.6620514194576
51 64 575.9840301608783 252.4581902945938
51 66 439.099749711402 225.04579621694225
51 68 149.70494294930631 519.4719606870177
51 71 1194.8106397428037 396.007877125694
52 1 231.3317893618628 325.72570726856674
52 2 71.54329247668258 399.0153343374438
52 6 399.26982799203967 251.34286353297676
52 11 135.1691770326996 358.4264894346518
52 12 337.9369136300329 284.9317570151311
52 36 515.7456088710687 384.4630959286279
52 64 574.9879687490102 252.4795153854357
52 66 438.9743931654564 225.03286069616524
52 68 145.2324259043803 521.4745258810195
52 71 1188.1213062652007 393.2774448549196
53 1 231.28889545128928 325.7200524973703
53 2 71.51624637633691 398.9978154736334
53 6 399.17629198471707 251.5427655026821
53 11 136.08766725933927 358.26028337810726
53 12 338.56313518809577 284.859172536366
53 36 516.0733422988278 386.207221593366
53 64 575.0709691284137 251.9107276865907
53 66 438.8141933381897 225.0495510341032
53 68 142.8194469369364 522.6589622332416
53 71 1181.4319727875975 390.5470125841453
54 1 231.24600154071567 325.7143977261739
54 2 71.45862825678935 398.98029660982303
54 6 399.0776222709401 251.74266747238744
54 11 137.03123997359623 358.1028804785648
54 12 339.18927337951976 284.78658805760085
54 36 516.4715763542742 387.8872285944161
54 64 575.8058945823213 251.1591927451445
54 66 438.6191502296018 225.09532088335536
54 68 142.46600604697505 523.0252697436837
54 71 1174.7426393099945 387.816580313371
55 1 231.2031076301422 325.7087429549774
55 2 71.36904249241978 398.9627777460126
55 6 398.9738188507088 251.9425694420928
55 11 137.99989517547044 357.95428073602454
55 12 339.8136896514016 284.71400357883573
55 36 516.8991011727676 389.4959171125226
55 64 576.5636667286235 250.79050219115013
55 66 438.3892638396928 225.167449829877
55 68 144.1721032344958 522.5734484123458
55 71 1168.0533058323913 385.0861480425966
56 1 231.16021371956867 325.703088183781
56 2 71.24609345760804 398.9452588822022
56 6 398.8648817240231 252.14247141179817
56 11 138.99363286496197 357.8144841504863
56 12 340.4347454508382 284.6414191000706
56 36 517.314706889666 391.0260873284296
56 64 576.5132655198977 251.52847373754048
56 66 438.12453416846273 225.26104339297703
56 68 147.93773849949912 521.3034982392284
56 71 1161.3639723547883 382.3557157718223
57 1 231.11731980899515 325.6974334125846
57 2 71.08838552673397 398.92774001839183
57 6 398.750810890883 252.3423733815035
57 11 140.01245304207075 357.6834907219502
57 12 341.0508022249263 284.5688346213055
57 36 517.6771836403291 392.4705394228816
57 66 437.82496121591146 225.36903302532016
58 1 231.0744258984216 325.6917786413881
58 2 70.89452307417747 398.9102211545815
58 6 398.63160635128855 252.54227535120887
58 11 141.05635570679686 357.56130045041624
58 12 341.6602214207627 284.4962501425404
58 36 517.9453215601152 393.82207357662287
58 66 437.4905449820391 225.48217611292625
58 71 1147.985305399582 376.8948512302736
59 1 231.0315319878481 325.6861238701917
59 2 70.66311047431837 398.8927022907711
59 6 398.5072681052397 252.7421773209142
59 11 142.1253408591402 357.4479133358843
59 12 342.2613644854443 284.42366566377524
59 36 518.0779107843837 395.0734899703977
59 66 437.1212854668456 225.58905597516943
59 71 1141.295971921979 374.1644189594992
59 75 46.43340546744208 575.7035289945998
60 1 230.98863807727457 325.6804690989953
60 2 70.39275210153654 398.8751834269607
60 6 398.3777961527365 252.9420792906196
60 11 143.2194084991009 357.3433293783545
60 12 342.85259286606777 284.3510811850101
60 36 518.033741448492 396.2175887849501
60 66 436.7171826703309 225.67608186477912
60 71 1134.606638444376 371.4339866887249
60 75 45.5396554129464 580.9367690313666
60 79 547.7223881312784 256.2295779273624
60 80 503.4944430264557 177.33223405317827
61 1 230.94574416670105 325.67481432779886
61 2 70.08205233021184 398.8576645631503
61 6 398.24319049377897 253.1419812603249
61 11 144.3385586266788 357.2475485778268
61 12 343.43226800973 284.278496706245
61 36 517.7716036878014 397.2471702010248
61 66 436.2782365924952 225.72748896784012
61 71 1127.917304966773 368.7035544179506
61 75 44.64590535845072 583.3354332333911
61 79 546.7803427559994 255.83434608096172
61 80 503.3927536473127 177.52304252855706
61 81 593.8034660570529 240.45596381293404
62 1 230.9028502561275 325.6691595566024
62 2 69.72961553472413 398.8401456993399
62 6 398.103451128367 253.34188323003028
62 11 145.48279124187405 357.1605709343013
62 12 343.9987513635278 284.20591222747987
62 36 517.2502876376686 398.1550343993658
62 66 435.80444723333824 225.7253384037915
62 71 1121.2279714891697 365.9731221471762
62 75 43.75215530395504 583.8246111189001
62 79 546.2004690987727 255.4391142345611
62 80 503.29106426816975 177.71385100393584
62 81 594.0977028586628 243.04233517116973
63 1 230.859956345554 325.663504785406
63 2 69.33404608945325 398.8226268355296
63 6 397.9585780565007 253.54178519973564
63 11 146.65210634468653 357.0823964477778
63 12 344.550404374558 284.13332774871475
63 36 516.4285834334539 398.9339815607175
63 66 435.2958145928602 225.6495172254273
63 71 1114.5386380115667 363.2426898764019
63 75 42.85840524945936 583.3293922061275
63 79 545.9827671595987 255.04388238816043
63 80 503.18937488902674 177.90465947931463
63 81 593.6650125346641 245.6287065294054
63 83 129.88136709304 357.9552641369082
64 1 230.81706243498044 325.65785001420954
64 2 68.89394836877909 398.8051079717192
64 6 397.80857127818 253.74168716944095
64 11 147.84650393511632 357.0130251182564
64 12 345.0855884899173 284.0607432699496
64 36 515.2652812105155 399.57681186582414
64 66 434.752338671061 225.47773841889816
64 71 1107.8493045339635 360.5122576056276
64 75 41.96465519496368 582.7748660133147
64 79 546.127236938477 254.64865054175976
64 80 503.0876855098838 178.09546795469342
64 81 592.5053950850563 248.2150778876411
64 83 130.17983736310657 356.9694039481051
65 1 230.7741685244069 325.65219524301307
65 2 68.4079267470815 398.7875891079088
65 6 397.653430793405 253.94158913914637
65 11 149.0659840131634 356.95245694573714
65 12 345.6026651567026 283.9881587911845
65 36 513.7191711042124 400.07632549543007
65 66 434.1740194679407 225.18554090370765
65 71 1101.1599710563603 357.78182533485324
65 75 41.07090514046801 583.086122058703
65 79 546.633878435408 254.2534186953591
65 80 502.9859961307408 178.28627643007218
65 81 590.6188505098398 250.8014492458768
65 83 130.0046452113561 357.14801025390807
66 1 230.7312746138334 325.64654047181665
66 2 67.87458559874032 398.7700702440984
66 6 397.49315660217553 254.14149110885168
66 11 150.31054657882774 356.90069193022
66 12 346.0999958220107 283.9155743124194
66 36 511.7490432499035 400.42532263027954
66 66 433.56085698349926 224.7462895327143
66 71 1094.4706375787573 355.05139306407887
66 80 502.8843067515978 178.47708490545097
66 81 588.0053788090147 253.38782060411245
66 83 129.35579063778857 358.49108305431673
67 1 230.68838070325987 325.64088570062023
67 2 67.29252929813543 398.752551380288
67 6 397.3277487044917 254.34139307855705
67 11 151.58019163210938 356.8577300717049
67 12 346.5759419329384 283.84298983365426
67 36 509.31368778294745 400.6166034511169
67 66 432.9128512177367 224.1311750921335
67 71 1087.7813041011543 352.3209607933046
67 80 502.7826173724548 178.66789338082975
67 81 584.6649799825807 255.97419196234813
67 83 128.233273642404 360.9986223493315
68 1 230.6454867926863 325.63523092942376
68 2 66.66036221964669 398.7350325164776
68 6 397.1572071003536 254.5412950482624
68 11 152.8749191730083 356.823571370192
68 12 347.02886493658247 283.77040535488914
68 36 506.3718948387034 400.6429681386863
68 66 432.230002170653 223.30921430153387
68 71 1081.091970623551 349.59052852253024
68 80 502.6809279933119 178.85870185620854
68 81 580.5976540305378 258.5605633205838
68 83 126.63709422520242 364.670628138952
68 87 506.3368835449217 268.8360595703124
69 1 230.6025928821128 325.62957615822734
69 2 65.97668873765396 398.7175136526672
69 6 396.98153178976105 254.74119701796772
69 11 154.19472920152452 356.7982158256811
69 12 347.45712628003974 283.697820876124
69 36 502.8824545525301 400.49721687373216
69 66 431.51230984224816 222.2472498138408
69 71 1074.402637145948 346.86009625175586
69 80 502.5792386141688 179.04951033158733
69 81 575.803400952886 261.1469346788195
69 83 124.567252386184 369.5071004231791
69 87 505.8602294921874 269.9466552734374
