1 1 49.90110704800674 281.11052959687026
1 2 1030.975702473721 423.7402149705743
1 3 1184.130871588207 474.46773294661983
1 4 16.271624347650143 312.50299496617083
1 5 771.4957270782384 253.73377588619317
1 6 509.6316106931738 163.76366350326447
1 7 98.62150897128788 267.99682978645137
1 8 707.540023300144 150.58004864303064
1 9 559.1749991909343 142.6792791975275
1 10 743.80936920149 154.20427095682044
1 11 1200.0681085672709 684.2216719914833
1 12 10.878155719210469 369.2827054917934
1 13 528.4553659055618 137.99625504822828
1 14 762.2150831857991 170.46070897534722
2 1 53.79985842576163 283.3113188247859
2 2 1031.547572324812 423.99173176847256
2 3 1191.1230909562917 475.1178736099285
2 4 16.27072325114622 312.5108552398766
2 5 771.9082909219326 254.7002533638417
2 6 509.6305690028975 163.7733977661508
2 7 99.08289683325924 267.9466003762581
2 8 707.3351497496044 150.14399301096503
2 9 559.5130005458793 142.57255546216288
2 10 743.8641254990614 154.22278453181053
2 11 1200.0577929595208 684.2138252582844
2 12 10.903299306013094 369.3353597377257
2 13 528.3802744402271 137.94629790320363
2 14 762.2224597995532 170.54625174320208
3 1 57.24044951523689 285.06200036295235
3 2 1032.0134710331176 424.2284516345728
3 3 1196.5657855719903 475.5701501303106
3 4 16.269822154642295 312.51871551358244
3 5 772.2745073800343 255.60316354920724
3 6 509.6296033304729 163.7831320290371
3 7 99.5442846952306 267.90182964082936
3 8 707.1370858594888 149.70793737889946
3 9 559.7243866943808 142.49745892345155
3 10 743.9125958886392 154.24083518314808
3 11 1200.0476502763768 684.206041651788
3 12 10.92679671119348 369.3804498204455
3 13 528.3365427881739 137.89779010921688
3 14 762.2298364133072 170.62092194885497
3 15 822.0838166953578 299.1314397006299
4 1 60.24847541008042 286.4174809426735
4 2 1032.3842328894627 424.45037456887496
4 3 1200.6481363473902 475.8517357613847
4 4 16.26892105813837 312.52657578728827
4 5 772.5990823271328 256.4450348615934
4 6 509.6287136759001 163.79286629192342
4 7 100.00567255720196 267.86200819652146
4 8 706.9514410508178 149.27188174683386
4 9 559.8091576364387 142.4539895813936
4 10 743.9551938782048 154.2584275373444
4 11 1200.0376805178385 684.1983211719943
4 12 10.948705416672489 369.4183658358413
4 13 528.3200247297759 137.85078493689542
4 14 762.2372130270613 170.68547216564113
4 15 821.2272427542312 298.1980665640457
5 1 62.84901941755416 287.4284804761315
5 2 1032.670193377365 424.6575005713792
5 3 1203.545169758553 475.9876462479898
5 4 16.268019961634447 312.53443606099404
5 5 772.8861471803473 257.2283485019205
5 6 509.6279000391791 163.80260055480971
5 7 100.4670604191733 267.8266537393023
5 8 706.7827957965565 148.83582611476825
5 9 559.7673133720531 142.442147435989
5 10 743.9923183031492 154.27556622091083
5 11 1200.0278836839057 684.1906638189032
5 12 10.969082062587844 369.4494904129568
5 13 528.3268844629686 137.80533038623287
5 14 762.2445896408154 170.7406265929661
5 15 820.3706688131044 297.29602865640106
6 1 65.06665305853417 288.14171993783384
6 2 1032.881189173034 424.8498296420853
6 3 1205.4183478385978 476.00083294239977
6 4 16.267118865130524 312.54229633469987
6 5 773.1392996233902 257.95553845272565
6 6 509.6271624203098 163.81233481769604
6 7 100.92844828114464 267.79531046117955
6 8 706.6347924506834 148.39977048270265
6 9 559.598853901224 142.46193248723776
6 10 744.0243535567447 154.29225586035864
6 11 1200.0182597745788 684.1830695925147
6 12 10.987982447294147 369.4741987139904
6 13 528.353583307848 137.7614693113829
6 14 762.2519662545695 170.78708152959192
6 15 819.5140948719778 296.4242896591738
6 18 153.65328753619934 237.27878456652385
7 1 66.92543606751063 288.600105508378
7 2 1033.0265581453734 425.02736178099343
7 3 1206.416147381921 475.91227417571145
7 4 16.2662177686266 312.5501566084057
7 5 773.3616431185669 258.6289914781625
7 6 509.6265008192923 163.82206908058234
7 7 101.389836143116 267.7675484666297
7 8 706.5102225629412 147.96371485063705
7 9 559.3037792239512 142.51334473513987
7 10 744.0516698206167 154.30850108219914
7 11 1200.0088087898575 684.1755384928288
7 12 11.005461527362868 369.4928584342958
7 13 528.3968666687686 137.71923954545315
7 14 762.2593428683236 170.8255058469233
7 15 818.6575209308511 295.5818304253924
7 18 157.67321813043273 237.11586425259696
8 1 68.44891639258776 288.84290898053337
8 2 1033.1151393559785 425.1900969881036
8 3 1206.6746283595523 475.7410648844077
8 4 16.265316672122676 312.5580168821115
8 5 773.5558252067082 259.25104712400145
8 6 509.62591523612656 163.83180334346866
8 7 101.85122400508736 267.74296318902634
8 8 706.4111106792673 147.52765921857147
8 9 558.882089340235 142.59638417969532
8 10 744.0746232952148 154.32430651294368
8 11 1199.9995307297418 684.1680705198455
8 12 11.021573417582337 369.5058298023815
8 13 528.4537512539368 137.67867402529893
8 14 762.2667194820776 170.85654146229396
8 15 817.8009469897244 294.76764897963625
8 18 161.65262964083024 236.9554908351989
8 22 303.8315059161945 226.27911500364385
9 1 69.66013019548392 288.9059444276412
9 2 1033.1552730591368 425.3380352634156
9 3 1206.3179915456465 475.5045044920949
9 4 16.264415575618752 312.5658771558173
9 5 773.7240745950377 259.82399771762954
9 6 509.6254056708126 163.84153760635496
9 7 102.3126118670587 267.721174807069
9 8 706.3387946279058 147.09160358650587
9 9 558.3337842500752 142.71105082090415
9 10 744.0935564302857 154.33967677910354
9 11 1199.990425594232 684.1606656735648
9 12 11.036371390957752 369.51346557991104
9 13 528.5215125525036 137.63980091631709
9 14 762.2740960958317 170.8808038122525
9 15 816.9443730485978 293.9807605180357
9 18 165.5987499972859 236.79766431432964
9 22 303.94682811731053 226.32043300287788
10 1 70.58160185153153 288.8217411343324
10 2 1033.15480070183 425.4711766069297
10 3 1205.4591253551112 475.2181830464145
10 4 16.26351447911483 312.57373742952313
10 5 773.8682370329736 260.35008836805054
10 6 509.62497212335046 163.8512718692413
10 7 102.77399972903004 267.7018276612116
10 8 706.2940022912006 146.65554795444027
10 9 557.6588639534717 142.8573446587663
10 10 744.108798155344 154.35461650719006
10 11 1199.9814933833277 684.1533239539868
10 12 11.049907878711188 369.51611106170304
10 13 528.5976725691532 137.60264373723982
10 14 762.2814727095858 170.89888232584906
10 15 816.087799107471 293.2201974082717
10 18 169.51783027343848 236.6423846899892
10 22 304.06215031842663 226.36175100211196
11 1 71.23534394967712 288.61971278956213
11 2 1033.1210649237314 425.58952101864577
11 3 1204.200141892372 474.89606561112976
11 4 16.262613382610905 312.58159770322897
11 5 773.9898099758647 260.8315169658849
11 6 509.62461459374 163.8610061321276
11 7 103.2353875910014 267.6845896700912
11 8 706.2769248630681 146.21949232237466
11 9 556.8573284504248 143.0352656932818
11 10 744.1206641101442 154.36913032371453
11 11 1199.9727340970292 684.1460453611114
11 12 11.062234470281584 369.514104075731
11 13 528.67998781619 137.5672214849285
11 14 762.28884932334 170.9113408979211
11 15 815.2312251663444 292.48500918957643
11 18 173.4151990561238 236.4896519621776
11 22 304.17747251954273 226.40306900134595
12 1 71.64285729248132 288.326322941963
12 2 1033.0609095572072 425.6930684985638
12 3 1202.632902211273 474.5505749133864
12 4 16.26171228610698 312.58945797693474
12 5 774.0899760366597 261.2704341833696
12 6 509.62433308198143 163.8707403950139
12 7 103.69677545297276 267.6691517469566
12 8 706.287286592152 145.78343669030906
12 9 555.9291777409344 143.24481392445068
12 10 744.1294568751528 154.38322285518828
12 11 1199.9641477353362 684.1388298949386
12 12 11.07340191332474 369.5077749831235
12 13 528.7664375631217 137.53354875916745
12 14 762.2962259370939 170.91871836237985
12 15 814.3746512252177 291.77426257273254
12 18 177.2953156400922 236.33946613089472
12 22 304.29279472065883 226.44438700058
12 24 559.7516027064333 142.66953642701412
13 1 71.82513089611886 287.9652467175154
13 2 1032.9806796273162 425.7818190466838
13 3 1200.839530786112 474.1926722461478
13 4 16.260811189603057 312.59731825064057
13 5 774.1696352255126 261.6689434743585
13 6 509.6241275880746 163.8804746579002
13 7 104.15816331494412 267.6552272160968
13 8 706.3244110106589 145.34738105824346
13 10 744.1354662020196 154.39689872812258
13 11 1199.955734298249 684.1316775554684
13 12 11.083460113713334 369.4974466781641
13 13 528.855212343742 137.5016358874579
13 14 762.303602550848 170.92152896549646
13 15 813.5180772840911 291.08704144007385
13 18 181.16182204799227 236.19182719614068
13 22 304.40811692177493 226.4857049998141
13 24 559.6146920292351 142.67523512182592
14 1 71.80264199037855 287.5575287995354
14 2 1032.88622135181 425.8557726630058
14 3 1198.8929191938155 473.8319366258051
14 4 16.259910093099133 312.6051785243464
14 5 774.2294359773205 262.029101074322
14 6 509.62399811201954 163.8902089207865
14 7 104.61955117691546 267.6425512292697
14 8 706.3872836488733 144.91132542617788
14 10 744.1389692440497 154.4101625690288
14 11 1199.9474937857674 684.1245883427008
14 12 11.092458135536909 369.4834345882914
14 13 528.9447027207084 137.47148904981157
14 14 762.3109791646021 170.92026283918815
14 15 812.6615033429644 290.4224468454849
14 18 185.01759387562015 236.04673515791544
14 22 304.523439122891 226.5270229990481
14 24 559.4815247229926 142.68189872456855
15 1 71.59535601866328 287.1217376709806
15 2 1032.782882141133 425.9149293475297
15 3 1196.8572190072462 473.4766422049609
15 4 16.259008996595206 312.6130387980522
15 5 774.2698049671968 262.35291600034725
15 6 509.6239446538162 163.89994318367283
15 7 105.0809390388868 267.630880182131
15 8 706.4746112353557 144.47526979411228
15 10 744.1402307866751 154.42301900441822
15 11 1199.9394261978916 684.1175622566359
15 12 11.100444201101867 369.4660466740989
15 13 529.0334883076185 137.4431104035447
15 14 762.3183557783562 170.91538647430448
15 15 811.8049294018376 289.7795970144011
15 18 188.86478996243488 235.90419001621905
15 22 304.6387613240071 226.56834099828217
15 24 559.3521007877059 142.68948279064566
16 1 71.22272663799009 286.67411611907346
16 2 1032.6755105984223 425.95928910025566
16 3 1194.7883238996487 473.1338339403888
16 4 16.258107900091282 312.620899071758
16 5 774.2909757138784 262.64235005113807
16 6 509.6239672134647 163.90967744655916
16 7 105.54232690085816 267.6199911306624
16 8 706.5848773828193 144.03921416204668
16 10 744.1395034779267 154.4354726608022
16 11 1199.9315315346214 684.1105992972736
16 12 11.107465690931493 369.4455834293352
16 13 529.1203270485842 137.41649820807177
16 14 762.3257323921104 170.90734319391348
16 15 810.948355460711 289.15762734380866
16 18 192.70490088733908 235.76419177105143
16 22 304.7540835251232 226.60965899751625
16 24 559.226420223375 142.6979428754608
16 28 787.6885320758179 256.07898080847133
17 1 70.70369571899005 286.228728002242
17 2 1032.568456519507 425.9888519211836
17 3 1192.734340960231 472.8094015161658
17 4 16.25720680358736 312.62875934546383
17 5 774.293015971067 262.8993178070149
17 6 509.62406579096495 163.91941170944546
17 7 106.00371476282952 267.6096812076004
17 8 706.7163947596887 143.60315852998107
17 10 744.1370280589057 154.44752816469196
17 11 1199.9238097959571 684.1036994646138
17 12 11.113569143765927 369.4223378809038
17 13 529.2041447553015 137.39164694969938
17 14 762.3331090058643 170.89655362658792
17 15 810.0917815195843 288.5556904022448
17 18 196.53879628972615 235.62674042241267
17 22 304.8694057262393 226.65097699675027
17 24 559.10448303 142.70723453441755
17 28 788.4992628036557 256.21544828626736
18 1 70.05669334590834 285.79760127937897
18 2 1032.4655708929097 426.0036178103135
18 3 1190.7360512208827 472.5081515219806
18 4 16.256305707083435 312.6366196191696
18 5 774.2758539067047 263.1256866299149
18 6 509.624240386317 163.92914597233178
18 7 106.46510262480088 267.59976703886485
18 8 706.8673537473398 143.16710289791547
18 10 744.1330335942556 154.45919014259889
18 11 1199.9162609818982 684.0968627586567
18 12 11.118800256562189 369.39659558886336
18 13 529.2840249016202 137.36854746641993
18 14 762.3404856196184 170.8834161796914
18 15 809.2352075784577 287.9729559297975
18 18 200.36677101579275 235.49183597030267
18 22 304.9847279273554 226.69229499598435
18 24 558.9862892075807 142.71731332291952
18 28 789.284580931222 256.349590251967
18 35 131.02001949999996 226.06032813333331
19 1 69.29963781660429 285.3908673014176
19 2 1032.370205899845 426.0035867676453
19 3 1188.8273593940266 472.2338778866154
19 4 16.25540461057951 312.64447989287544
19 5 774.239303070184 263.3232766633919
19 6 509.6244909995208 163.93888023521808
19 7 106.92649048677222 267.5900841599877
19 8 707.0358675830197 142.7310472658499
19 10 744.1277377026339 154.4704632210343
19 11 1199.9088850924452 684.0900891794022
19 12 11.123203884494153 369.3686346464274
19 13 529.3591986756086 137.34718707270562
19 14 762.3478622333726 170.8683075126648
19 15 808.378633637331 287.4086108381056
19 18 204.1885900901171 235.3594784147215
19 22 305.1000501284715 226.73361299521835
19 24 558.8718387561173 142.72813479637028
19 28 790.0444864585165 256.48140670557035
19 35 133.84118649999996 227.25342813333333
20 1 68.44993564255125 285.0168963652256
20 2 1032.285214914221 425.9887587931792
20 3 1187.0357328216112 471.9894305666028
20 4 16.254503514075587 312.65234016658127
20 5 774.1830861474918 263.4938608326164
20 6 509.6248176305764 163.9486144981044
20 7 107.38787834874358 267.5804864325416
20 8 707.2200139884475 142.2949916337843
20 10 744.1213467871839 154.4813520265094
20 11 1199.9016821275975 684.0833787268504
20 12 11.126824040952574 369.3387256799645
20 13 529.4290352891173 137.32754968430214
20 14 762.3552388471267 170.8515830103121
20 15 807.5220596962043 286.86185921035883
20 18 208.00353251250343 235.22966775566917
20 22 305.2153723295875 226.7749309944524
20 24 558.7611316756097 142.73965451017347
20 28 790.7789793855394 256.6108976470773
20 35 136.66235349999997 228.4465281333333
21 1 67.52448154883669 284.682429529817
21 2 1032.2129525026376 425.959133886915
21 3 1185.3826296352354 471.7767824900568
21 4 16.253602417571663 312.66020044028704
21 5 774.1068575042883 263.6391648443756
21 6 509.62522027948376 163.9583487609907
21 7 107.84926621071492 267.57084546056825
21 8 707.4178732840962 141.8589360017187
21 10 744.1140562660064 154.49186118553564
21 11 1199.894652087356 684.0767314010011
21 12 11.129703897545063 369.30713184899815
21 13 529.4930325448394 137.30961594302252
21 14 762.3626154608808 170.83357725608695
21 15 806.6654857550776 286.3319223012977
21 18 211.810433880092 235.1024039931456
21 22 305.3306945307036 226.8162489936865
21 24 558.6541679660578 142.7518280197326
21 28 791.4880597122906 256.7380630764879
22 1 66.53965847416221 284.39270669488104
22 2 1032.1552744243882 425.9147120488528
22 3 1183.8839161274109 471.5970947556784
22 4 16.25270132106774 312.6680607139929
22 5 774.0102245169192 263.76086718707336
22 6 509.6256989462429 163.96808302387703
22 7 108.31065407268628 267.5610500070074
22 8 707.6275629891561 141.4228803696531
22 10 744.1060508026311 154.50199532462426
22 11 1199.88779497172 684.0701472018544
22 12 11.131885784096117 369.274108846207
22 13 529.5508076608684 137.29336334154098
22 14 762.3699920746348 170.81460450537867
22 15 805.8089118139509 285.81803853721374
22 18 215.6077278347348 234.9776871271508
22 22 305.4460167318197 226.8575669929205
22 24 558.5509476274618 142.76461088045136
22 28 792.1717274387702 256.8629029938021
22 39 711.1778134264924 102.23674973536974
23 1 65.51133757084344 284.1515909416289
23 2 1032.113537631458 425.8554932789926
23 3 1182.5502733339606 471.4507800869357
23 4 16.251800224563816 312.6759209876987
23 5 773.8927676913627 263.86059913073024
23 6 509.6262536308538 163.97781728676333
23 7 108.77204193465764 267.5510054101252
23 8 707.8472689071774 140.98682473758748
23 10 744.0975045364892 154.5117590702866
23 11 1199.8811107806896 684.0636261294104
23 12 11.133411188647075 369.2399048974246
23 13 529.6020883527542 137.2787663481867
23 14 762.3773686883889 170.79495915879846
23 15 804.9523378728243 285.3194635159492
23 18 219.39348633563765 234.8555171576849
23 22 305.5613389329358 226.89888499215456
23 24 558.4514706598216 142.77795864773324
23 28 792.8299825649781 256.98541739902004
23 39 708.1274652587356 104.56313548279051
24 1 64.45487820481017 283.96168913595864
24 2 1032.0886002685254 425.78147757733433
24 3 1181.3875928275538 471.33756454141854
24 4 16.250899128059892 312.6837812614045
24 5 773.7540595701109 263.9399447269834
24 6 509.62688433331647 163.98755154964965
24 7 109.23342979662898 267.5406329999429
24 8 708.0752726973953 140.5507691055219
24 10 744.0885813133843 154.52115704903397
24 11 1199.8745995142651 684.057168183669
24 12 11.134320757456168 369.2047607616395
24 13 529.6467041730549 137.26579653173772
24 14 762.384745302143 170.7749162354657
24 15 804.0957639316975 284.83547000689725
24 18 223.16545875726712 234.7358940847477
24 22 305.6766611340519 226.94020299138865
24 24 558.3557370631371 142.7918268769819
24 28 793.4628250909143 257.10560629214154
24 39 705.0771170909787 106.71285764681411
25 1 63.38512795560624 283.8244687939367
25 2 1032.0808216729615 425.69266494387807
25 3 1180.397361722377 471.2565474753674
25 4 16.24999803155597 312.6916415351103
25 5 773.5936824269855 264.00044080908674
25 6 509.6275910536309 163.99728581253595
25 7 109.69481765860034 267.5298695146655
25 8 708.3099759317348 140.1147134734563
25 10 744.0794349159646 154.53019388737764
25 11 1199.868261172446 684.0507733646302
25 12 11.13465429499848 369.16890973099527
25 13 529.6845781083878 137.2544226862146
25 14 762.3921219158971 170.754731846294
25 15 803.2391899905709 284.36534795100187
25 18 226.92110981252432 234.6188179083394
25 22 305.791983335168 226.98152099062267
25 39 702.0267689232219 108.69497410346918
26 1 62.31642261638958 283.74037120959804
26 2 1032.09006237483 425.5890553786238
26 3 1179.577036889939 471.206259763377
26 4 16.249096935052044 312.69950180881614
26 5 773.411244749887 264.04357699191087
26 6 509.6283737917971 164.00702007542228
26 7 110.15620552057167 267.5186665171104
26 8 708.5499206374968 139.6786578413907
26 10 744.0702092941946 154.53887421182895
26 11 1199.8620957552328 684.044441672294
26 12 11.13445076396597 369.1325776307904
26 13 529.7157184339762 137.24461095567446
26 14 762.3994985296512 170.73464366727757
26 15 802.3826160494442 283.908404460758
26 18 230.6576563011838 234.50428862845988
26 22 305.90730553628407 227.0228389898567
26 39 698.976420755465 110.51854272878435
27 1 61.26258619393227 283.7089208450635
27 2 1032.1156840968874 425.4706488815715
27 3 1178.920408386018 471.1847202732744
27 4 16.24819583854812 312.7073620825219
27 5 773.206396511479 264.070795671943
27 6 509.6292325478152 164.01675433830857
27 7 110.61759338254303 267.50698981113584
27 8 708.7938063257254 139.2426022093251
27 10 744.0610387958267 154.54720264889926
27 11 1199.856103262625 684.0381731066605
27 12 11.133748285267464 369.0959828194786
27 13 529.7402108256949 137.23632495900455
27 14 762.4068751434052 170.7148714127773
27 15 801.5260421083176 283.46396382021123
27 18 234.37210268359848 234.39230624510915
27 22 306.02262773740017 227.06415698909075
27 39 695.9260725877082 112.19262139878823
27 60 164.54020853570788 228.46479373382607
28 1 60.23693090862042 283.7288309829747
28 2 1032.1565497545823 425.3374454527212
28 3 1178.417952088736 471.18949059617125
28 4 16.247294742044197 312.71522235622774
28 5 772.9788432278064 264.0834920272871
28 6 509.6301673216849 164.0264886011949
28 7 111.0789812445144 267.49481885806966
28 8 709.0405035052551 138.8065465772595
28 10 744.0520483968729 154.55518382509982
28 11 1199.8502836946232 684.0319676677295
28 12 11.132584138028657 369.05933618866834
28 13 529.7582107296123 137.22952591471628
28 14 762.4142517571593 170.69561730880704
28 15 800.6694681671909 283.0313674849583
28 18 238.06127547967057 234.2828707582873
28 22 306.1379499385163 227.1054749883248
28 39 692.8757244199513 113.72626798950952
28 60 167.47452519233846 228.41384485776837
29 1 59.25225719445426 283.7981056412468
29 2 1032.2110234560566 425.1894450920728
29 3 1178.0571715477784 471.2177280316908
29 4 16.246393645540273 312.7230826299336
29 5 772.7283588048479 264.0830140176637
29 6 509.63117811340646 164.0362228640812
29 7 111.54036910648574 267.482146193138
29 8 709.2890636824394 138.37049094519392
29 10 744.0433539320773 154.56282236694196
29 11 1199.844637051227 684.0258253555012
29 12 11.1309947595921 369.0228411631232
29 13 529.7699359890302 137.22417276573893
29 14 762.4216283709134 170.6770665663197
29 15 799.8128942260641 282.60997408214666
29 18 241.7218564930878 234.17598216799416
29 22 306.2532721396324 227.14679298755885
29 39 689.8253762521945 115.12854037697682
29 60 170.46608213762875 228.36289598171064
30 1 58.32085369904814 283.9141377501384
30 2 1032.2769705021446 425.0266477996264
30 3 1177.8229290447434 471.2662368283695
30 4 16.24549254903635 312.7309429036394
30 5 772.4547971730027 264.07066238441007
30 6 509.6322649229797 164.04595712696752
30 7 112.0017569684571 267.46897684189355
30 8 709.538725846561 137.93443531312832
30 10 744.0350623253863 154.57012290093698
30 11 1199.8391633324363 684.0197461699754
30 12 11.129015745517233 368.9866937007618
30 13 529.7756597290206 137.22022230421348
30 14 762.4290049846675 170.6593878544936
30 15 798.9563202849375 282.1991594104745
30 18 245.3504148608261 234.07164047422987
30 22 306.3685943407485 227.1881109867929
30 39 686.7750280844376 116.40849643721872
30 60 173.50973939444185 228.3119471056529
31 1 57.45449728363046 284.0738035916405
31 2 1032.3517573863735 424.849053575382
31 3 1177.697765864631 471.3315176792326
31 4 16.244591452532426 312.7388031773452
31 5 772.1581027095118 264.04769065048026
31 6 509.6334277504049 164.05569138985382
31 7 112.46314483042843 267.45532773664473
31 10 744.0272718204222 154.57709005359624
31 11 1199.8338625382517 684.0137301111523
31 12 11.126681849580349 368.9510822926576
31 13 529.7757034984611 137.21762929628642
31 14 762.4363815984215 170.64273377401847
31 15 798.0997463438108 281.7983164401911
31 18 248.94343792791764 233.9698456769944
31 22 306.4839165418645 227.22942898602696
31 39 683.7246799166808 117.5751940462639
31 60 176.6003569856408 228.2609982295952
32 1 56.66445302304379 284.27355350118086
32 2 1032.432251794963 424.6566624193396
32 3 1177.662211778466 471.409815472545
32 4 16.2436903560285 312.746663451051
32 5 771.8383194488132 264.01530512044485
32 6 509.6346665956817 164.06542565274017
32 7 112.9245326923998 267.4412271328838
32 10 744.0200722109536 154.583728451431
32 11 1199.8287346686725 684.0077771790318
32 12 11.12402698377461 368.9161879630393
32 13 529.7704306695657 137.21634660690364
32 14 762.4437582121756 170.62724133038188
32 15 797.2431724026842 281.40685531309646
32 22 306.5992387429806 227.270746985261
32 24 557.7246296440707 142.9161759902051
32 39 680.6743317489239 118.63769108014095
32 60 179.73279493408876 228.21004935353747
33 1 55.96147420574466 284.50949883164805
33 2 1032.514822606825 424.4494743314992
33 3 1177.6950837370598 471.4971652977356
33 4 16.242789259524578 312.75452372475684
33 5 771.4955990808312 263.9746648804911
33 6 509.6359814588104 164.07515991562644
33 7 113.38592055437115 267.4267140257157
33 10 744.0135450713675 154.5900427209526
33 11 1199.8237797236989 684.001887373614
33 12 11.121084218310054 368.8821842692904
33 13 529.7602400949148 137.21632532460416
33 14 762.4511348259297 170.61303240715526
33 15 796.3865984615575 281.0242033425415
33 22 306.7145609440967 227.31206498449504
33 24 557.6625863859886 142.93272837031608
33 39 677.6239835811671 119.6050454148786
34 1 55.35580233380378 284.7774951797321
34 2 1032.595339893565 424.2274893118607
34 3 1177.7737737759048 471.589436706497
34 4 16.241888163020654 312.7623839984626
34 5 771.1302077372003 263.9268817984231
34 6 509.6373723397908 164.08489417851277
34 7 113.84730841634251 267.41183756628664
34 10 744.0077639871415 154.59603748867232
34 11 1199.818997703331 683.9960606948987
34 12 11.11788578161358 368.84923730194936
34 13 529.7455600219821 137.21751488631398
34 14 762.4585114396838 170.6002142392802
34 15 795.5300245204309 280.6498050134279
34 22 306.8298831452128 227.3533829837291
34 24 557.6042864988622 142.94935676642976
34 39 674.5736354134102 120.4863149265054
34 60 186.10257199418396 228.108151601422
35 1 54.85716712290599 285.0732218745829
35 2 1032.6691749194808 423.9907073604242
35 3 1177.874526131209 471.682376229059
35 4 16.24098706651673 312.77024427216844
35 5 770.7425315654235 263.8730205236614
35 6 509.638839238623 164.09462844139907
35 7 114.30869627831386 267.39665647821283
35 8 710.7901340556666 135.75415715280033
35 10 744.002794785315 154.60171738110154
35 11 1199.814388607569 683.9902971428861
35 12 11.114463060328951 368.81750568470994
35 13 529.726842265158 137.2198632021399
35 14 762.4658880534379 170.58887988635462
35 15 794.6734505793041 280.2831219822083
35 22 306.9452053463289 227.39470098296317
35 24 557.5497299826916 142.96601673394966
35 39 671.5232872456534 121.29055749104992
35 60 189.3296311515573 228.0572027253643
36 1 54.47478650235016 285.39225772878655
36 2 1032.7312001415626 423.7391284771897
36 3 1177.972703567062 471.7716481456373
36 4 16.240085970012807 312.77810454587427
36 5 770.3330810909647 263.81409848724337
36 6 509.64038215530695 164.10436270428536
36 7 114.7700841402852 267.38123847400885
36 8 711.0408575134951 135.31810152073473
36 10 743.9986957649611 154.6070870247515
36 11 1199.8099524364125 683.984596717576
36 12 11.110846599316812 368.7871405744206
36 13 529.7045566352716 137.22331678016332
36 14 762.4732646671919 170.57910870591897
36 15 793.8168766381775 279.9236330768862
36 22 307.060527547445 227.4360189821972
36 24 557.4989168374768 142.9826638282794
36 39 668.4729390778965 122.026830984541
36 60 192.57795075763204 228.00625384930655
37 1 54.2173666150493 285.7301530516588
37 2 1032.7757892094935 423.4727526621572
37 3 1178.043042913744 471.8528735130558
37 4 16.239184873508883 312.78596481958004
37 5 769.9024943672747 263.7510859018231
37 6 509.6420010898427 164.1140969671717
37 7 115.23147200225657 267.3656596715164
37 8 711.2924121726023 134.88204588866913
37 10 743.9955179276586 154.61215104613353
37 11 1199.8056891898618 683.9789594189687
37 12 11.107066101654665 368.7582856610849
37 13 529.6791856266099 137.2278208512341
37 14 762.480641280946 170.5709668267424
37 15 792.9603026970508 279.5708342970159
37 18 269.5555582681548 233.41256172068643
37 22 307.17584974856106 227.47733698143125
37 24 557.4518470632179 142.99925360482257
37 39 665.4225909101397 122.70419328300704
37 60 195.8423908352712 227.95530497324884
38 1 54.09310181753051 286.0824979248571
38 2 1032.7968169656497 423.1915799153266
38 3 1178.0598998171624 471.9216674465444
38 4 16.23828377700496 312.7938250932859
38 5 769.4515389137526 263.68490576167113
38 6 509.6436960422303 164.123831230058
38 7 115.69285986422793 267.3500040103331
38 8 711.5453486421382 134.44599025660352
38 10 743.9933052079634 154.616914071759
38 11 1199.8015988679167 683.9733852470638
38 12 11.103150428636877 368.7310771678616
38 13 529.651219361433 137.23331949376438
38 14 762.4880178947001 170.56450762210903
38 15 792.1037287559241 279.2242388137026
38 18 272.8005503424643 233.32859519915263
38 22 307.2911719496772 227.5186549806653
38 24 557.4085206599146 143.01574161898273
38 39 662.3722427423828 123.33170226247684
38 60 199.11781140733785 227.9043560971911
39 1 54.1096746799349 286.44498674030893
39 2 1032.7876594450988 422.895610236698
39 3 1177.997482699433 471.9736746567101
39 4 16.237382680501035 312.8016853669917
39 5 768.9811124416409 263.616433842675
39 6 509.6454670124695 164.1335654929443
39 7 116.15424772619927 267.3343626682407
39 8 711.8003052385029 134.00993462453792
39 10 743.9920947038804 154.62138072813914
39 11 1199.7976814705771 683.9678742018616
39 12 11.099127599774697 368.705643851064
39 13 529.6211507919894 137.2397557585223
39 14 762.4953945084542 170.55977218310412
39 15 791.2471548147975 278.8833769696023
39 18 275.9822786763075 233.24717557414763
39 22 307.40649415079326 227.55997297989936
39 24 557.3689376275673 143.03208342616352
39 28 799.9059509473587 258.62937823740174
39 39 659.321894574626 123.91841579897894
39 60 202.3990724966951 227.8534072211334
40 1 54.2742559860178 286.81347900045904
40 2 1032.7411938756024 422.5848436262714
40 3 1177.8300759305905 472.0046032416839
40 4 16.23648158399711 312.8095456406975
40 5 768.4922423678546 263.5464987023386
40 6 509.6473140005606 164.1432997558306
40 7 116.61563558817062 267.3188334776341
40 8 712.0579793275658 133.57387899247234
40 10 743.9919169073353 154.6255556417853
40 11 1199.7939369978435 683.9624262833621
40 12 11.095024792796227 368.6821070001607
40 13 529.5894711600257 137.247071793426
40 14 762.5027711222083 170.55678979190026
40 15 790.3905808736707 278.547796278922
40 18 279.09769002064934 233.1683028456714
40 22 307.52181635190937 227.6012909791334
40 24 557.3330979661757 143.0482345817685
40 28 800.1321918689484 258.7123589369816
40 39 656.2715464068691 124.47339176854196
40 60 205.68103412620604 227.80245834507568
41 1 54.59350473314852 287.18405638083374
41 2 1032.6497986776144 422.2592800840468
41 3 1177.5322522114388 472.0102567344407
41 4 16.235580487493188 312.8174059144033
41 5 767.986084116745 263.4758816797828
41 6 509.6492370065034 164.15303401871694
41 7 117.07702345014198 267.3035203419496
41 8 712.3190951525632 133.13782336040674
41 10 743.9927959346463 154.6294434392088
41 11 1199.7903654497156 683.9570414915652
41 12 11.090868343646449 368.6605804377755
41 13 529.5566657137957 137.25520896833714
41 14 762.5101477359623 170.55557839504354
41 15 789.5340069325441 278.2170614274194
41 18 282.14389347181253 233.091977013724
41 22 307.63713855302547 227.64260897836743
41 24 557.30100167574 143.06415064120128
41 28 800.3330201902664 258.793014124465
41 39 653.2211982391123 125.00568804719468
41 60 208.9585563187338 227.75150946901795
42 1 55.07356813231056 287.55307605492266
42 2 1032.5053534642811 421.91891961002415
42 3 1177.0790741675394 471.9865644052951
42 4 16.234679390989264 312.82526618810914
42 5 767.4639182097975 263.4053168957449
42 6 509.6512360302981 164.16276828160323
42 7 117.53841131211333 267.28853265209386
42 8 712.5843681476778 132.70176772834114
42 10 743.994749756996 154.63304874692096
42 11 1199.7869668261933 683.9517198264708
42 12 11.086683746487202 368.6411705196868
42 13 529.5232096825664 137.2641079998551
42 14 762.5175243497164 170.55614507673985
42 15 788.6774329914174 277.8907542724032
42 18 285.1181784241694 233.01819807830543
42 22 307.7524607541415 227.6839269776015
42 24 557.2726487562601 143.07978715986542
42 28 800.5084359113127 258.8713437998521
42 39 650.1708500713554 125.52436251096556
42 60 212.22649909714136 227.70056059296024
43 1 55.72008160810151 287.91722028137843
43 2 1032.2992390414415 421.5637622042035
43 3 1176.4462851543294 471.9296098195709
43 4 16.23377829448534 312.8331264618149
43 5 766.927146143264 263.335491252579
43 6 509.6533110719445 164.17250254448956
43 7 117.99979917408469 267.2739847028723
43 8 712.8544657372994 132.26571209627554
43 10 743.9977904309029 154.63637619143307
43 11 1199.7837411272767 683.946461288079
43 12 11.0824956536972 368.6239761348282
43 13 529.489564508621 137.2737090761105
43 14 762.5249009634705 170.558486532141
43 15 787.8208590502907 277.5684738427328
43 18 288.01803134809984 232.94696603941563
43 22 307.8677829552576 227.72524497683557
43 24 557.2480392077359 143.09509969316454
43 28 800.6584390320875 258.9473479631429
43 39 647.1205019035986 126.03847303588338
43 60 215.479722484292 227.6496117169025
44 1 56.538168798732976 288.2735422535346
44 2 1032.0223374076274 421.1938078665848
44 3 1175.610489273382 471.83565765044494
44 4 16.232877197981416 312.84098673552074
44 5 766.377285053729 263.2670444342558
44 6 509.6554621314426 164.18223680737586
44 7 118.46118703605605 267.2599951094179
44 8 713.1299646209656 131.82965646420993
44 10 744.001924328693 154.63943039925644
44 11 1199.7806883529656 683.9412658763899
44 12 11.078327875872027 368.6090887052882
44 13 529.45617433676 137.28395198155914
44 14 762.5322775772246 170.5625895406309
44 15 786.964285109164 277.24983633881857
44 18 290.841151393215 232.87828089705465
44 22 307.9831051563737 227.7665629760696
44 24 557.2271730301676 143.1100437965022
44 28 800.7830295525905 259.0210266143373
44 39 644.0701537358417 126.55707749797668
44 60 218.71308650304852 227.5986628408448
45 1 57.53244155603065 288.61950821123924
45 2 1031.6650317540636 420.8090565971681
45 3 1174.5493205998007 471.7011787469661
45 4 16.23197610147749 312.8488470092266
45 5 765.8159611716102 263.20056890636283
45 6 509.6576892087925 164.19197107026218
45 7 118.92257489802738 267.24668622361946
45 8 713.4113045439839 131.39360083214433
45 10 744.0071523689724 154.6422159969024
45 11 1199.7778085032603 683.9361335914035
45 12 11.074203381824129 368.59659218631055
45 13 529.4234627612985 137.29477622177583
45 14 762.5396541909787 170.5684314391119
45 15 786.1077111680373 276.93447513262174
45 18 293.5854648168472 232.8121426512225
45 22 308.0984273574898 227.80788097530365
45 24 557.2100502235551 143.124575025282
45 28 800.8822074728218 259.0923797534353
45 39 641.0198055680848 127.08923377327405
45 60 221.9214511762743 227.54771396478708
46 1 58.706999945434426 288.9530358150088
46 2 1031.2172064646668 420.40950839595337
46 3 1173.2416016207492 471.5228734572477
46 4 16.231075004973565 312.85670728293235
46 5 765.2449020625942 263.13660991610413
46 6 509.6599923039943 164.20170533314848
46 7 119.38396275999874 267.23418355055065
46 8 713.6987385537348 130.95754520007875
46 10 744.0134702470978 154.64473761088226
46 11 1199.7751015781607 683.9310644331197
46 12 11.070144298582818 368.5865630662937
46 13 529.3918298305628 137.3061211482481
46 14 762.5470308047327 170.57598059529076
46 15 785.2511372269107 276.6220407676544
46 18 296.2491382378046 232.74855130191912
46 24 557.1966707878984 143.13864893490756
46 28 800.9559727927816 259.161407380437
46 39 637.969457400328 127.64399973780422
47 1 60.06543224599827 289.2725287824977
47 2 1030.6682471160473 419.9951632629406
47 3 1171.667490885118 471.2976932068361
47 4 16.23017390846964 312.8645675566382
47 5 764.6659276570044 263.0756654923006
47 6 509.6623714170478 164.2114395960348
47 7 119.84535062197008 267.2226151648984
47 8 713.9922797416547 130.52148956801315
47 10 744.0208686656492 154.6469998677073
47 11 1199.772567577667 683.9260584015384
47 12 11.066171911394283 368.5790703667912
47 13 529.3616493088823 137.31792608317016
47 14 762.5544074184868 170.58519688096513
47 15 784.394563285784 276.31220095897936
47 18 298.830590715393 232.68750684914457
47 24 557.1870347231975 143.15222108078245
47 28 801.0043255124696 259.2281094953424
47 39 634.9191092325711 128.23043326759577
48 1 61.61081495039022 289.5769077872863
48 2 1030.0070404775072 419.5660211981298
48 3 1169.808619864329 471.02286033225175
48 4 16.229272811965718 312.872427830344
48 5 764.080940067106 263.01818644538946
48 6 509.664826547953 164.2211738589211
48 7 120.30673848394144 267.21211112739144
48 8 714.2916444709009 130.08543393594755
48 10 744.0293335649019 154.6490073938889
48 11 1199.7702065017786 683.9211154966597
48 12 11.062306663721577 368.5741756425117
48 13 529.3332661960803 137.33013044423666
48 14 762.5617840322409 170.5960321453095
48 15 783.5379893446574 276.0046405932106
48 18 301.32850465370234 232.62900929289884
48 24 557.1811420294524 143.16524701831025
48 28 801.0272656318859 259.29248609815136
48 39 631.8687610648143 128.85759223867734
48 60 231.34514935139725 227.39486733661388
49 1 63.34571276489223 289.86563761998605
49 2 1029.2219745110417 419.122082201521
49 3 1167.6482190242705 470.6958861697061
49 4 16.228371715461794 312.88028810404984
49 5 763.4919121923422 262.9645763674251
49 6 509.6673576967101 164.23090812180743
49 7 120.7681263459128 267.2028029012292
49 8 714.5961920896968 129.64937830388195
49 10 744.0388463532967 154.6507648159383
49 11 1199.768018350496 683.9162357184837
49 12 11.058568157244618 368.5719329813186
49 13 529.3069945044617 137.34267386943645
49 14 762.569160645995 170.60843068816155
49 15 782.6814154035307 275.69906172851256
49 18 303.7418355311596 232.5730586331819
49 24 557.178992706663 143.17768230289457
49 28 801.0247931510307 259.354537188864
49 39 628.8184128970574 129.5345345270776
49 60 234.40211687113043 227.34391846055615
49 89 25.067186870011938 252.4914056990852
50 1 65.27217860940073 290.1387506116633
50 2 1028.300938371339 418.6633462731142
50 3 1165.1712331083786 470.3145873989928
50 4 16.22747061895787 312.8881483777556
50 5 762.9008751125072 262.9151916320781
50 6 509.66996486331885 164.24064238469373
50 7 121.22951420788414 267.19482276851
50 8 714.904861130358 129.21332267181634
50 10 744.0493841379134 154.65227676036685
50 11 1199.7660031238192 683.9114190670103
50 12 11.054975151860193 368.5723890042308
50 13 529.2831152932977 137.35549634184648
50 14 762.576537259749 170.6223297333083
50 15 781.824841462404 275.3951835946009
50 18 306.0698204553477 232.51965486999376
50 24 557.1805867548296 143.18948248993897
50 28 800.9969080699037 259.41426276748024
50 39 625.7680647293006 130.27031800882517
50 60 237.40838515964825 227.29296958449845
50 89 25.482876283838777 252.753929862035
51 1 67.39175361742586 290.39686631957943
51 2 1027.231322405779 418.18981341290936
51 3 1162.364425631842 469.8771006425527
51 4 16.226569522453946 312.89600865146144
51 5 762.3099042688522 262.87034139463617
51 6 509.6726480477794 164.25037664758003
51 7 121.6909020698555 267.1883032466602
51 8 715.216101993999 128.77726703975077
51 10 744.0609199549416 154.65354785368586
51 11 1199.7641608217482 683.9066655422395
51 12 11.05154556568196 368.5755828654216
51 13 529.2618749608085 137.36853831442556
51 14 762.5839138735031 170.63765990177237
51 15 780.9682675212773 275.0927425927419
51 18 308.3119855430894 232.46879800333448
51 24 557.1859241739519 143.20060313484706
51 28 800.9436103885051 259.47166283400014
51 39 622.7177165615437 131.07400055994862
51 60 240.3588142398137 227.24202070844072
51 89 25.713616288951016 253.03460224402895
52 1 69.70546713609218 290.6412074752493
52 2 1026.0000181544358 417.70148362090646
52 3 1159.2164725869543 469.3818953197136
52 4 16.225668425950023 312.9038689251673
52 5 761.7211044331254 262.8302875920034
52 6 509.67540725009184 164.26011091046635
52 7 122.15228993182684 267.1833765048624
52 8 715.5278061209212 128.34121140768517
52 10 744.0734230001527 154.65458272240664
52 11 1199.762491444283 683.9019751441713
52 12 11.04829647504044 368.5815462522197
52 13 529.2434837936435 137.38174083480826
52 14 762.5912904872572 170.65434568509804
52 15 780.1116935801506 274.7914922957528
52 18 310.46815212579787 232.42048803320395
52 24 557.19500496403 143.2109997930224
52 28 800.8649001068349 259.52673738842367
52 39 619.6673683937869 131.95464005647668
52 60 243.24826413448997 227.19107183238305
52 89 25.82626174352663 253.33125715817727
53 1 72.21383672613811 290.87361219481807
53 2 1024.593418350075 417.1983568971056
53 3 1155.7180453595956 468.8277847561061
53 4 16.2247673294461 312.91172919887305
53 5 761.1365934645477 262.7952449427006
53 6 509.678242470256 164.26984517335268
53 7 122.6136777937982 267.1801737804841
53 8 715.8372316466816 127.90515577561956
53 10 744.0868588593715 154.6553859930405
53 11 1199.7609949914229 683.8973478728058
53 12 11.045244114483031 368.5903033851086
53 13 529.2281147738577 137.3950456700986
53 14 762.5986671010113 170.67230591863762
53 15 779.255119639024 274.49120344800167
53 18 312.5384417800924 232.37472495960225
53 24 557.2078291250639 143.22062801986866
53 28 800.760777224893 259.5794864307509
53 39 616.61702022603 132.9212943744379
53 89 25.87564442589428 253.64172891759037
54 1 74.9168681619162 291.0965424517536
54 2 1022.997416918154 416.68043324150665
54 3 1151.8618828568524 468.2139355482505
54 4 16.223866232942175 312.9195894725789
54 5 760.5584848547209 262.7653809468653
54 6 509.6811537082719 164.27957943623898
54 7 123.07506565576956 267.17882479550656
54 8 716.1409255438425 127.46910014355396
54 10 744.1011897389484 154.65596229209876
54 11 1199.7596714631688 683.8927837281428
54 12 11.042403876773989 368.601871017727
54 13 529.2159026433875 137.408395431664
54 14 762.6060437147654 170.69145425483757
54 15 778.3985456978972 274.19166396540754
54 18 314.5232801836807 232.3315087825293
54 24 557.2243966570536 143.22944337078934
54 28 800.6312417426794 259.6299099609817
54 39 613.5666720582732 133.98302138986097
54 89 25.905754463299672 253.96385183537825
55 1 77.8140554313932 291.3130888118595
55 2 1021.1974089768254 416.14771265410974
55 3 1147.642852845774 467.5398751833217
55 4 16.22296513643825 312.9274497462847
55 5 759.9888690604708 262.7408158862517
55 6 509.68414096413954 164.2893136991253
55 7 123.53645351774092 267.1794571729532
55 8 716.4346422494009 127.03304451148836
55 10 744.1163746962303 154.65631624609273
55 11 1199.7585208595203 683.8882827101825
55 12 11.039790312894436 368.6162584368683
55 13 529.2069432260217 137.42173369992898
55 14 762.6134203285194 170.71169963652463
55 15 777.5419717567706 273.89267893544013
55 18 316.42339979650603 232.2908395019853
55 24 557.2447075599991 143.23740140118807
55 28 800.4762936601942 259.6780079791162
55 39 610.5163238905163 135.14887897877455
55 89 25.950869617612625 254.29546022465135
56 1 80.90438073614989 291.5269714306017
56 2 1019.1782908369324 415.6001951349148
56 3 1143.0580025032675 466.80549791408623
56 4 16.222064039934327 312.9353100199905
56 5 759.4297936246263 262.72162282423074
56 6 509.687204237859 164.2990479620116
56 7 123.99784137971226 267.1821958533183
56 8 716.7132587779006 126.59698887942275
56 10 744.1323698700332 154.65645248153373
56 11 1199.7575431804776 683.8838448189248
56 12 11.03741713204238 368.6334674624812
56 13 529.2012930068718 137.43500514916911
56 14 762.6207969422735 170.7329467701922
56 15 776.6853978156439 273.59407061712005
56 18 318.2398413671608 232.25271711797
56 24 557.2687618339005 143.24445766646843
56 28 800.2959329774372 259.72378048515435
56 39 607.4659757227595 136.42792501720714
56 89 26.036632427978475 254.63438839852
57 1 84.18631449138113 291.74253731275746
57 2 1016.924460002012 415.0378806839218
57 3 1138.1065981771192 466.0110688890147
57 4 16.221162943430404 312.9431702936963
57 5 758.8832420847289 262.7078276057899
57 6 509.6903435294303 164.30878222489793
57 7 124.4592292416836 267.1871625109956
57 8 716.9706863202238 126.16093324735718
57 10 744.1491287111138 154.65637562493305
57 11 1199.7567384260406 683.8794700543697
57 12 11.035297201632677 368.6534924476692
57 13 529.1989689693382 137.4481556723047
57 14 762.6281735560276 170.7550965992864
57 15 775.8288238745173 273.295678441019
57 18 319.9739542645664 232.2171416304835
57 24 557.2965594787577 143.25056772203405
57 28 800.0901596944087 259.7672274790961
57 39 604.4156275550026 137.82921738118748
57 89 26.181075210259223 254.9784706700943
58 1 87.65781532589595 291.96475383437814
58 2 1014.4198151682932 414.4607693011308
58 3 1132.7901543581686 465.1572265375692
58 4 16.22026184692648 312.95103056740214
58 5 758.3511116696807 262.6994088575334
58 6 509.6935588388533 164.31851648778422
58 7 124.92061710365496 267.1944749707069
58 8 717.1997783280638 125.72487761529158
58 10 744.1666022126407 154.656090302802
58 11 1199.7561065962093 683.8751584165171
58 12 11.03344254729706 368.676320278691
58 13 529.199948689575 137.46113250569465
58 14 762.6355501697817 170.77804677749225
58 15 774.9722499333906 272.9973590092592
58 18 321.6273956349172 232.18411303952584
58 24 557.3281004945705 143.25568712328845
58 28 799.8589738111084 259.80834896094154
58 39 601.3652793872458 139.36181394674423
58 89 26.39559291360092 255.32554135248463
59 1 91.31633008211736 292.19919852707164
59 2 1011.647756224698 413.8688609865418
59 3 1127.1124518636009 464.2449832106635
59 4 16.219360750422556 312.9588908411079
59 5 757.8351897843233 262.69629798768216
59 6 509.69685016612806 164.32825075067055
59 7 125.38200496562632 267.2042466239306
59 8 717.3922350840787 125.28882198322596
59 10 744.1847391406667 154.65560114165194
59 11 1199.7556476909836 683.8709099053673
59 12 11.031864352884128 368.70193037496
59 13 529.2041706884511 137.47388435393037
59 14 762.6429267835358 170.80169214202002
59 15 774.1156759922638 272.698986095514
59 18 323.20212838389256 232.15363134509695
59 24 557.3633848813394 143.25977142563528
59 28 799.6023753275365 259.8471449306906
59 39 598.3149312194889 141.03477258990588
59 89 26.68586383363981 255.6734347588012
60 1 95.1587938160824 292.4520451246021
60 2 1008.5911842528408 413.2621557401547
60 3 1121.0795452313876 463.2757240763
60 4 16.218459653918632 312.96675111481375
60 5 757.3371292819537 262.69837918607385
60 6 509.7002175112546 164.33798501355685
60 7 125.84339282759768 267.2165858453306
60 8 717.538504757726 124.85276635116038
60 10 744.2034862646004 154.65491276799412
60 11 1199.7553617103636 683.8667245209201
60 12 11.03057296045935 368.7302946890449
60 13 529.2115350410097 137.48636151462946
60 14 762.6503033972898 170.8259251868913
60 15 773.2591020511372 272.4004506450073
60 18 324.7004179841324 232.12569654719687
60 24 557.4024126390639 143.26277618447813
60 28 799.320364243693 259.8836153883433
60 39 595.2645830517321 142.85715118670126
60 89 27.052718182887475 256.0199852021544
61 1 99.1816297974427 292.7300458718064
61 2 1005.2325015270288 412.64065356196966
61 3 1114.699759325861 462.2512042703791
61 4 16.21755855741471 312.9746113885196
61 5 756.8584225247721 262.70548942416264
61 6 509.7036608742329 164.34771927644317
61 7 126.304780689569 267.23159540918465
61 8 717.6276809467779 124.41671071909478
61 10 744.222788587678 154.65402980833989
61 11 1199.755248654349 683.8626022631754
61 12 11.029577870305063 368.7613777066693
61 13 529.2219042434248 137.49851600322958
61 14 762.6576800110439 170.85063653622527
61 15 772.4025281100105 272.1016607745144
61 18 326.1248281079808 232.1003086458257
61 24 557.4451837677442 143.26465695522052
61 28 799.0129405595778 259.91776033389965
61 39 592.2142348839752 144.8380076131588
61 89 27.49295451781836 256.3630269956543
62 1 103.3807495094631 293.0405100958298
62 2 1001.5536115142622 412.00435445198656
62 3 1107.9836751544203 461.17354430268415
62 4 16.216657460910785 312.9824716622253
62 5 756.4003742322652 262.71741845501947
62 6 509.707180255063 164.35745353932947
62 7 126.76616855154036 267.2493719058129
62 8 717.6473967045175 123.9806550870292
62 10 744.2425895774346 154.65295688920057
62 11 1199.7553085229406 683.8585431321334
62 12 11.028887740920467 368.79513644671175
62 13 529.2351043374545 137.5103016777823
62 14 762.665056624798 170.87571541752484
62 15 771.5459541688839 271.8025417723608
62 18 327.4782150854936 232.0774676409833
62 24 557.4916982673803 143.26536929326613
62 28 798.680104275191 259.94957976735964
62 39 589.1638867162184 146.98639974530735
62 89 28.00010402301268 256.70039445241133
63 1 107.75155264902352 293.39127903967744
63 3 1100.9441048953818 460.0452237180407
63 4 16.21575636440686 312.9903319359312
63 5 755.964073117524 262.73390881333194
63 6 509.7107756537449 164.3671878022158
63 7 127.22755641351172 267.27000515800694
63 10 744.2628313961769 154.65169863708743
63 11 1199.7555413161376 683.854547127794
63 12 11.028510389021635 368.83152046120574
63 13 529.2509262923926 137.52167436374688
63 14 762.6724332385521 170.9010501349629
63 15 770.6893802277572 271.50303609842337
63 18 328.7637211877128 232.05717353266965
63 24 557.5419561379723 143.2648687540185
63 28 798.3218553905324 259.97907368872325
63 39 586.1135385484615 149.31138545917528
63 60 269.5375532724828 226.6306341957481
63 89 28.56514265212536 257.0299218855357
63 105 290.38267030110165 226.27304964267108
64 1 112.28892712661715 293.7906969580854
64 3 1093.5960561369534 458.86907301265046
64 4 16.214855267902937 312.998192209637
64 5 755.5503623114948 262.7546558154044
64 6 509.7144470702786 164.3769220651021
64 7 127.68894427548308 267.2935776374579
64 10 744.2834551314539 154.65025967851182
64 11 1199.7559470339404 683.8506142501572
64 12 11.02845278954151 368.87047183534
64 13 529.2691276445174 137.5325919787841
64 14 762.6798098523062 170.9265285426685
64 15 769.8328062866306 271.2031033841296
64 18 329.98476673520656 232.03942632088484
64 24 557.5959573795201 143.2631108928812
64 28 797.9381939056021 260.00624209799054
64 39 583.0631903807047 151.8220226307915
64 60 271.29433472460926 226.57968531969036
64 89 29.17715112575752 257.3494436081377
64 105 290.66678405520526 226.11281154212864
65 1 116.98724906635177 294.247578475708
65 3 1085.9566853273586 457.64826380559873
65 4 16.213954171399013 313.0060524833428
65 5 755.1598085751657 262.7793075591578
65 6 509.718194504664 164.38665632798842
65 7 128.15033213745443 267.3201638811853
65 10 744.3044010265295 154.64864463998504
65 11 1199.7565256763487 683.8467444992231
65 12 11.028721075629894 368.91192518745794
65 13 529.2894343940377 137.5430146575501
65 14 762.6871864660602 170.95203851801313
65 15 768.9762323455038 270.90272043245784
65 18 331.14504103187454 232.02422600562883
65 24 557.6537019920237 143.26005126525786
65 28 797.5291198204003 260.03108499516145
65 39 580.0128422129478 154.5273691361845
65 60 272.9233172884667 226.52873644363265
65 89 29.82392278634325 257.65679393332755
65 105 290.91305311850607 225.97899079000416
66 1 121.8403828059492 294.7711722076228
66 3 1078.0452404360906 456.3862972655377
66 4 16.21305307489509 313.0139127570486
66 5 754.7926702996862 262.80746492412976
66 6 509.7220179569012 164.39639059087472
66 7 128.6117199994258 267.34982990796584
66 10 744.3256087108535 154.64685814801842
66 11 1199.757277243363 683.8429378749914
66 12 11.029320538653463 368.9558076690583
66 13 529.3115431595356 137.5529048764901
66 14 762.6945630798143 170.9774684348967
66 15 768.1196584043771 270.6018812179374
66 18 332.2484921240201 232.0115725869016
66 24 557.7151899754831 143.25564542655206
66 28 797.0946331349268 260.05360238023604
66 39 576.962494045191 157.43648285138286
66 60 274.41936098691804 226.4777875675749
66 89 30.49251930984792 257.9498071742156
66 105 291.1251071527037 225.8701012396565
67 1 126.84168089674512 295.3711206421535
67 3 1069.8829928262971 455.0869907925435
67 4 16.212151978391166 313.02177303075445
67 5 754.4488642944217 262.83868157147464
67 6 509.7259174269902 164.40612485376104
67 7 129.07310786139712 267.3826326347618
67 10 744.347017430534 154.64490482912325
67 11 1199.7582017349828 683.8391943774625
67 12 11.030255628195766 369.00203896479456
67 13 529.3351235899081 137.5622275786324
67 14 762.7019396935684 171.00270763703404
67 15 767.2630844632505 270.3005968866484
67 18 333.2993153846875 232.00146606470324
67 24 557.7804213298982 143.2498489321674
67 28 796.6347338491817 260.07379425321426
67 39 573.9121458774341 160.55842165241535
67 60 275.7773258428266 226.4268386915172
67 89 31.169774274405427 258.22631764391207
67 105 291.3063825623067 225.7846567444445
68 1 131.9839841036895 296.0574162860128
68 3 1061.49315833831 453.75446295514695
68 4 16.211250881887242 313.0296333044603
68 5 754.1279313629426 262.8724639439634
68 6 509.7298929149309 164.41585911664734
68 7 129.53449572336848 267.4186192931496
68 10 744.3685662788089 154.64278930981084
68 11 1199.7592991512083 683.8355140066362
68 12 11.031529952057207 369.05053129247534
68 13 529.3598210338052 137.570950298382
68 14 762.7093163073225 171.02764691124088
68 15 766.4065105221238 269.9988957562218
68 18 334.30194092326417 231.99390643903365
68 24 557.8493960552693 143.24261733750745
68 28 796.1494219631647 260.0916606140961
68 39 570.8617977096773 163.90224341531044
68 89 31.84274458583968 258.4841596555272
68 105 291.46012249463246 225.72117115772696
68 112 8.441312778741121 274.1905406293692
69 1 137.2596214053463 296.8403540717576
69 3 1052.9008075843103 452.39311668254106
69 4 16.21034978538332 313.03749357816605
69 5 753.8290006669466 262.90827126598373
69 6 509.73394442072345 164.42559337953367
69 7 129.99588358533984 267.4578268457485
69 10 744.3901944265176 154.64051621659252
69 11 1199.7605694920394 683.8318967625125
69 12 11.03314627625507 369.1011894030642
69 13 529.3852594665651 137.57904328631457
69 14 762.7166929210765 171.05217896072014
69 15 765.5499365809972 269.6968233158395
69 18 335.26101982035124 231.9888937098929
69 24 557.922114151596 143.2339061979758
69 28 795.6386974768762 260.1072014628816
69 39 567.8114495419204 167.47700601609694
69 89 32.499109760270585 258.72116752217136
69 105 291.5893768398069 225.6781583328627
69 112 9.963208817644045 274.35042751729634
69 113 1254.7803354547068 472.8733468353748
70 1 142.66040999389355 297.7304800275674
70 3 1044.1327654541258 451.00762071196
70 4 16.209448688879394 313.0453538518719
70 5 753.5507528781166 262.94551554354
70 6 509.7380719443678 164.43532764241996
70 7 130.4572714473112 267.5002814026495
70 10 744.4118413525725 154.63809017597958
70 11 1199.7620127574762 683.8283426450914
70 12 11.035106525023505 369.1539105806797
70 13 529.4110446746474 137.5864796339702
70 14 762.7240695348306 171.07619887834812
70 15 764.6933626398704 269.39444222623405
70 18 336.18140918789726 231.9864278772809
70 24 557.9985756188787 143.22367106897605
70 28 795.1025603903161 260.1204167995707
70 39 564.7611013741636 171.29176733080328
70 89 33.1275190632532 258.93517555695473
70 105 291.6970022307654 225.65413212321064
70 112 11.097552841376457 274.51458104192545
70 113 1252.664763534558 467.70508357224753
71 1 148.1776552751238 298.7385362093346
71 3 1035.217499832158 449.6028892912356
71 4 16.20854759237547 313.0532141255777
71 5 753.2913821179106 262.9835615642532
71 6 509.74227548586384 164.4450619053063
71 7 130.91865930928253 267.54599763784336
71 10 744.4334470744316 154.63551581448337
71 11 1199.7636289475188 683.8248516543729
71 12 11.037411780813516 369.2085846425955
71 13 529.436767697564 137.59323539864712
71 14 762.7314461485847 171.0996046199607
71 18 337.0681560545995 231.9865089411977
71 24 558.0787804571171 143.2118675059118
71 28 794.5410107034843 260.1313066241635
71 39 561.7107532064067 175.3555852354584
71 89 33.71788650630151 259.12401807298755
71 105 291.78566204325176 225.64760638212957
71 112 11.9557089771115 274.6830012032565
71 113 1250.922212507292 464.44943665209576
72 1 153.80215086844296 299.8754018950805
72 3 1026.1849995254686 448.18406013652526
72 4 16.207646495871547 313.0610743992835
72 5 753.04855668529 263.0217268973611
72 6 509.74655504521166 164.4547961681926
72 7 131.3800471712539 267.5949782056498
72 10 744.4549523785691 154.63279775861517
72 11 1199.765418062167 683.821423790357
72 12 11.040062284292995 369.26509393924016
72 13 529.4620085273065 137.59928972819583
72 14 762.7388227623388 171.1222974776395
72 15 762.9802147576171 268.78909060003923
72 18 337.92648007656936 231.9891369016434
72 24 558.1627286663113 143.19845106418663
72 28 793.9540484163808 260.1398709366599
72 39 558.6604050386499 179.6775176060906
72 89 34.261633699916274 259.2855293833802
72 105 291.8578263958187 225.6570949629784
72 112 12.633106568842775 274.8556880012895
72 113 1249.5237209113984 462.61630623129895
73 1 159.52417860687189 301.15203104168023
73 3 1017.066641402973 446.75647064521786
73 4 16.206745399367623 313.0689346729893
73 5 752.8193785723768 263.059281893718
73 6 509.7509106224113 164.46453043107888
73 7 131.84143503322525 267.6472131571457
73 10 744.4762990509483 154.6299406348863
73 11 1199.767380101421 683.8180590530438
73 12 11.043057434346697 369.3233133541972
73 13 529.4863400652707 137.60462498581248
73 14 762.7461993760929 171.1441825529982
73 15 762.1236408164904 268.4863312426694
73 18 338.7617550732656 231.99431175861787
73 24 558.2504202464613 143.18337729920412
73 28 793.3416735290057 260.14610973706
73 39 555.610056870893 184.26662231872868
73 89 34.751880563850136 259.41754380124286
73 105 291.91577214982783 225.68111171911585
73 112 13.2104495583917 275.03264143602445
73 113 1248.4329823513908 461.7906145200832
74 1 165.33350853704437 302.5793860039104
74 3 1007.895046745787 445.32563236400966
74 4 16.205844302863696 313.07679494669514
74 5 752.6003417680494 263.095449685795
74 6 509.7553422174627 164.4742646939652
74 7 132.30282289519658 267.702679356594
74 10 744.4974301074923 154.6269490698081
74 11 1199.7695150652803 683.8147574424331
74 12 11.046395788076229 369.3831103042053
74 13 529.509332336681 137.60922687483313
74 14 762.7535759898469 171.16516923046856
74 15 761.2670668753638 268.183685594516
74 18 339.57948938869254 232.00203351212116
74 24 558.3418551975672 143.16660176636788
74 28 792.7038860413588 260.15002302536374
74 39 552.5597087031362 189.13195724940127
74 89 35.18358389396417 259.5178956396859
74 105 291.9615829094493 225.7181705039008
74 112 13.754886579030426 275.21386150746133
74 113 1247.6078539368243 461.6256616836181
75 1 171.21939891920945 304.16836751581445
75 3 998.7039268087108 443.8972037121602
75 4 16.204943206359772 313.0846552204009
75 5 752.3872893494708 263.1294061876799
75 6 509.7598498303659 164.4839989568515
75 7 132.76421075716794 267.7613398978721
75 10 744.5182900245564 154.6238276898918
75 11 1199.771822953746 683.8115189585252
75 12 11.050075060800086 369.4443447391579
75 13 529.5305569625087 137.61308456352717
75 14 762.760952603601 171.1851716505868
75 15 760.410492934237 267.88130217406587
75 18 340.3853050778628 232.0123021621532
75 24 558.4370335196287 143.14808002108148
75 28 792.0406859534404 260.1516108015711
75 39 549.5093605353793 194.28258027413693
75 89 35.553623786263415 259.58441921181947
75 105 291.9971490216627 225.76678517069212
75 112 14.3211417607381 275.3993482156002
75 113 1247.001777376121 461.8367509488016
75 118 307.3876501493538 226.26623102696044
76 1 177.17059622722988 305.9297409343828
76 3 989.5279175928496 442.4769609599176
76 4 16.20404210985585 313.09251549410675
76 5 752.1753693615516 263.160280095077
76 6 509.76443346112086 164.49373321973783
76 7 133.2255986191393 267.8231435209008
76 10 744.5388249694 154.62058112164885
76 11 1199.7743037668167 683.8083436013197
76 12 11.054092126053622 369.5068691421037
76 13 529.5495918888902 137.61619080989146
76 14 762.7683292173551 171.20410918327966
76 15 759.5539189931104 267.5793466713569
76 18 341.1849159185276 232.02511770871408
76 24 558.5359552126462 143.12776761874852
76 28 791.3520732652503 260.1508730656821
76 39 546.4590123676224 199.72754926896445
76 89 35.86083791773126 259.61494883075386
76 105 292.0241675762558 225.8254695728487
76 112 14.952606247963558 275.5891015604409
76 113 1246.5651127237725 462.1950829296839
76 118 308.04226817105354 226.44949067223703
77 1 183.17533514858235 307.8740587455524
77 3 980.4024038293412 441.0707674621205
77 4 16.203141013351924 313.1003757678126
77 5 751.9589894843457 263.18715288530746
77 6 509.7690931097276 164.50346748262413
77 7 133.68698648111064 267.88802402807227
77 10 744.5589830306576 154.6172139915904
77 11 1199.776957504493 683.805231370817
77 12 11.05844301558906 369.5705285292463
77 13 529.5660263740418 137.61854208644394
77 14 762.7757058311092 171.22190690115076
77 15 758.6973450519837 267.27800194797794
77 18 341.98410424817325 232.04048015180376
77 24 558.6386202766195 143.1056201147726
77 28 790.6380479767885 260.1478098176967
77 39 543.4086641998656 205.47592210991232
77 89 36.1060036840554 259.6073188095994
77 105 292.0441424058258 225.89273756372936
77 112 15.682390429341469 275.7831215419837
77 113 1246.2463847819745 462.5219191583165
77 118 308.67572867667803 226.5624316626231
78 1 189.22133858435743 310.0115793325257
78 3 971.3633321742778 439.6845411469761
78 4 16.202239916848 313.10823604151835
78 5 751.7317704883836 263.209058817309
78 6 509.77382877618606 164.51320174551046
78 7 134.148374343082 267.95589970067954
78 10 744.5787144488112 154.61373092622787
78 11 1199.7797841667757 683.8021822670167
78 12 11.06312291937549 369.6351604499442
78 13 529.5794662326716 137.62013870501755
78 14 762.7830824448633 171.23849605276658
78 15 757.8407711108571 266.9774680370684
78 18 342.78869662628006 232.05838949142228
78 24 558.7450287115485 143.08159306455727
78 28 789.898610088055 260.142421057615
78 39 540.3583160321087 211.5367566730092
78 89 36.291768194396354 259.5593634614664
78 105 292.05838408577813 225.9671029966929
78 112 16.534336879842158 275.9814081602284
78 113 1245.99344215601 462.6830148333684
78 118 309.28803166622725 226.61729964880877
78 121 1246.263062 460.0418396
79 1 195.2958176492601 312.35218200640253
79 3 962.4470136147056 438.3242202600088
79 4 16.201338820344077 313.1160963152242
79 5 751.486498477936 263.2249849316362
79 6 509.7786404604963 164.52293600839675
79 7 134.60976220505336 268.02667271534443
79 10 744.5979718466618 154.61013655207256
79 11 1199.7827837536638 683.7991962899192
79 12 11.06812618559887 369.700594986711
79 13 529.5895393378894 137.620984941554
79 14 762.7904590586173 171.2538145359429
79 15 756.9841971697304 266.6779621433187
79 18 343.60453832185215 232.0788457275696
79 24 558.8551805174333 143.05564202350615
79 28 789.1337595990499 260.13470678543695
79 39 537.3079678643519 217.9191108342837
79 89 36.42252612275115 259.468917099465
79 105 292.0680099343279 226.0470797250981
79 112 17.52399401467119 276.183961415175
79 113 1245.7545289639677 462.5833207784453
79 118 309.87917713970126 226.6263402814864
79 123 280.42213426193484 227.4805211629175
80 1 201.3854716716099 314.9052782991347
80 3 953.6899150857922 436.9957273631865
80 4 16.200437723840153 313.12395658893
80 6 509.7835281626584 164.53267027128308
80 7 135.07115006702472 268.10022856044645
80 10 744.6167104598014 154.60643549563576
80 11 1199.7859562651574 683.7962734395243
80 12 11.073446320662027 369.7666547552153
80 13 529.5959013806134 137.62108916089767
80 14 762.7978356723714 171.26780737103084
80 15 756.1276232286036 266.3797186429703
80 18 344.43746662620777 232.1018488602457
80 24 558.969075694274 143.02772254702285
80 28 788.3434965097731 260.1246670011625
80 39 534.257619696595 224.6320424697645
80 89 36.50424541671782 259.33381403670546
80 105 292.0739440124981 226.13118160230388
80 112 18.659550455762652 276.3907813068236
80 113 1245.4792691997209 462.161954609619
80 118 310.4491650970999 226.60179921134568
80 123 282.3647680340692 227.8527795127025
81 1 207.4764881933397 317.6797195187963
81 3 945.1284402991316 435.7049315892213
81 4 16.19953662733623 313.1318168626358
81 6 509.7884918826722 164.54240453416938
81 7 135.53253792899608 268.1764354525514
81 10 744.6348883670842 154.6026323834288
81 11 1199.7893017012568 683.793413715832
81 12 11.07907598918466 369.8331549042807
81 13 529.598241886475 137.62046394158924
81 14 762.8052122861255 171.28042717420308
81 15 755.271049287477 266.0829890838152
81 18 345.29328299104094 232.1273988894506
81 24 559.0867142420705 142.99779019051093
81 28 787.5278208202246 260.1123017047918
81 39 531.2072715288382 231.68460945548028
81 89 36.544240862675 259.1518885862982
81 105 292.0769171241212 226.2179224816692
81 112 19.942730110124103 276.6018678351741
81 113 1245.1195637513665 461.38744112174027
81 118 310.9979955384234 226.5559220890775
81 123 284.0050600190043 228.215105280986
81 124 1244.6311843333324 458.61098223333335
82 1 213.55454296999685 320.6837005671651
82 3 936.7986997821616 434.45760915104233
82 4 16.198635530832306 313.1396771363416
82 6 509.7935316205378 164.5521387970557
82 7 135.9939257909674 268.2551437528399
82 10 744.6524667210989 154.598731841963
82 11 1199.792820061962 683.7906171188423
82 12 11.085007014003327 369.8999031158858
82 13 529.5962904902202 137.61912620065974
82 14 762.8125888998796 171.29163463074013
82 15 754.4144753463503 265.78804218519656
82 18 346.17772399174345 232.15549581518437
82 24 559.2080961608227 142.965800509374
82 28 786.6867325304046 260.0976108963246
82 39 528.1569233610813 239.0858696674596
82 89 36.55089550821685 258.9209750613534
82 105 292.0774668158382 226.30581621655267
82 112 21.36964796071697 276.81722100022654
82 113 1244.6304000716991 460.2532218800334
82 118 311.52566846367165 226.5009545653743
82 123 285.4027472363196 228.567498467768
82 124 1244.2884113333323 458.4962056333333
83 1 219.6047999707421 323.9246600196394
83 3 928.7362701287452 433.2594021064453
83 4 16.197734434328382 313.14753741004745
83 6 509.79864737625513 164.561873059942
83 7 136.45531365293877 268.33618538353613
83 10 744.6694099786403 154.59473849774963
83 11 1199.7965113472726 683.7878836485552
83 12 11.09123037617146 369.9666996051642
83 13 529.589823467609 137.6170973184242
83 14 762.8199655136337 171.3013989683165
83 15 753.5579014052237 265.4951638380081
83 18 347.0964311159959 232.18613963744687
83 24 559.3332214505308 142.93170905901565
83 28 785.8202316403128 260.08059457576115
83 39 525.1065751933245 246.844880981731
83 89 36.53332994131779 258.63890777498136
83 112 22.93162656860659 277.036840801981
83 113 1243.970574504914 458.7734340263414
83 118 312.0321838728446 226.4491422909257
83 123 286.61098776757353 228.90995907304847
83 124 1243.945638333333 458.3814290333333
84 1 225.6119113783516 327.40917646745095
84 3 920.9759424608778 432.11577537791584
84 4 16.196833337824458 313.1553976837532
84 6 509.8038391498243 164.57160732282833
84 7 136.91670151491013 268.4193732443363
84 10 744.6856861311809 154.59065697730003
84 11 1199.8003755571892 683.7852133049707
84 12 11.097736214959358 370.0333371204044
84 13 529.5786705248116 137.61440326327562
84 14 762.8273421273877 171.3096984302869
84 15 752.701327464097 265.2046571046946
84 18 348.0549193776246 232.21933035623823
84 24 559.4620901111946 142.89547139483943
84 28 784.9283181499494 260.0612527431013
84 39 522.0562270255676 254.9707012743233
84 89 36.50101942658876 258.3035210402922
84 112 24.61597328892094 277.26072724043735
84 113 1243.1033272653513 456.9789582993835
84 118 312.5175417659423 226.41273091642304
84 123 287.67664815615353 229.24248709682743
85 1 231.5600175892143 331.14286112221043
85 3 913.5514601015096 431.031972027626
85 4 16.195932241320534 313.16325795745905
85 5 749.114012330133 263.13229020118587
85 6 509.8091069412452 164.58134158571465
85 7 137.37808937688146 268.5045006288375
85 10 744.7012669353428 154.58649190712552
85 11 1199.8044126917114 683.7826060880889
85 12 11.104513827854188 370.09960094305006
85 14 762.8347187411418 171.31652074897232
85 15 751.8447535229703 264.91684221925175
85 18 349.0585447557231 232.2550679715584
85 24 559.5947021428143 142.85704307224898
85 28 784.0109920593143 260.0395853983451
85 39 519.0058788578108 263.4723884212651
85 89 36.4633588980887 257.91264917039643
85 112 26.406718197118607 277.4888803155956
85 113 1241.9968900711538 454.9137362653855
85 118 312.9817421429648 226.40396609255708
85 123 288.6405908070483 229.56508253910488
86 1 237.4327472133345 335.13024668276097
86 3 906.4952454585386 430.0129667876082
86 4 16.19503114481661 313.1711182311649
86 5 748.4596792835046 263.0740283831172
86 6 509.8144507505179 164.59107584860095
86 7 137.83947723885282 268.591340640966
86 10 744.7161281433692 154.5822479137374
86 11 1199.808622750839 683.7800619979096
86 12 11.111551670559985 370.1652688876997
86 14 762.842095354896 171.32186361894654
86 18 350.1124704590403 232.29335248340732
86 24 559.7310575453898 142.81637964664785
86 28 783.0682533684076 260.01559254149254
86 39 515.9555306900539 272.359000298585
86 89 36.42917580961148 257.4641264784042
86 112 28.285312728628924 277.7213000274559
86 113 1240.6249464325374 452.6313567580946
86 118 313.42478500391195 226.4350934700192
86 123 289.5379613868863 229.8777453998808
86 126 757.2507518852381 270.9470247996392
87 1 243.21321707432972 339.37467246436205
87 3 899.8381161199407 429.0634178451002
87 4 16.194130048312687 313.1789785048707
87 5 747.6934032814019 262.99998321001004
87 6 509.8198705776424 164.60081011148725
87 7 138.30086510082418 268.6796456114061
87 10 744.7302497335969 154.577929623647
87 11 1199.8130057345727 683.777581034433
87 12 11.118837356997648 370.230111302107
87 14 762.84947196865 171.325735170322
87 18 351.2216320156325 232.33418389178516
87 24 559.8711563189211 142.77343667343968
87 28 782.1001020772292 259.9892741725436
87 39 512.9051825222971 281.63959478231163
87 89 36.40619084116952 256.95578727742577
87 112 30.231289030271 277.9579863760181
87 113 1238.967004593127 450.19191153667634
87 118 313.8466703487839 226.5183586995004
87 123 290.39847622357775 230.1804756791552
87 126 757.2732828682913 270.02874085242
88 1 248.8840322094312 343.8781657901755
88 3 893.6089901599703 428.1876168830677
88 4 16.193228951808763 313.1868387785765
88 5 746.7981093878659 262.9087167569689
88 6 509.8253664226186 164.61054437437355
88 7 138.76225296279551 268.7691465140287
88 10 744.7436161409267 154.5735416633656
88 11 1199.817561642912 683.7751631976589
88 12 11.126357659304947 370.2938910671805
88 14 762.856848582404 171.32815444203615
88 18 352.3907011877851 232.37756219669168
88 24 560.0149984634081 142.728169708028
88 28 781.1065381857791 259.9606302914983
88 39 509.8548343545402 291.3232297484733
88 89 36.400426463129406 256.3854658805714
88 112 32.22288002385176 278.19893936128227
88 113 1237.0086831251465 447.6591201479314
88 118 314.2473981775806 226.666007431691
88 123 291.24670970643274 230.4732733769281
88 126 757.2958138513445 269.16529473439977
89 1 254.4272858694852 348.6413196450781
89 3 887.8345806566028 427.3894373758985
89 4 16.19232785530484 313.1946990522823
89 5 745.7553437697186 262.798743880715
89 6 509.8309382854466 164.62027863725987
89 7 139.22364082476687 268.8595523823199
89 10 744.7562164872969 154.56908865940454
89 11 1199.8222904758566 683.7728084875876
89 12 11.13409850783653 370.3563635969838
89 14 762.8642251961581 171.32915185513767
89 18 353.62404871219667 232.4234873981271
89 24 560.1625839788511 142.68053430581645
89 28 780.0875616940574 259.9296608983567
89 39 506.8044861867834 301.4189630730993
89 89 36.41556335684618 255.75099660095145
89 112 34.23760018191388 278.4441589832484
89 113 1234.7419091795746 445.09772401172086
89 118 314.62696849030203 226.89028531728263
89 123 292.1023816858069 230.7561384931995
89 126 757.3183448343977 268.35668644557865
90 1 259.8245595189517 353.6631665917929
90 3 882.5390794200127 426.672281140275
90 4 16.191426758800915 313.20255932598815
90 5 744.5452126071035 262.6685322195862
90 6 509.8365861661264 164.6300129001462
90 7 139.68502868673824 268.95054972580965
90 10 744.7680448121531 154.56457523827515
90 11 1199.8271922334072 683.7705169042188
90 12 11.142044991163894 370.4172768387354
90 14 762.8716018099122 171.32876968607266
90 18 354.9257058654295 232.47195949609127
90 24 560.3139128652498 142.63048602220857
90 28 779.043172602064 259.8963659931187
90 39 503.7541380190265 311.9358526322179
90 89 36.452244691887245 255.05021375167604
90 112 36.25278701588832 278.6936452419164
90 113 1232.1650293899584 442.5711497045704
90 118 314.9853812869482 227.2034380069665
90 126 757.340875817451 267.60291598595666
90 129 1233.171143 448.6715697999997
91 1 265.05692283590514 358.94104894933616
91 3 877.7438299322678 426.0390231412147
91 4 16.19052566229699 313.2104195996939
91 5 743.1463197919649 262.5165021935371
91 6 509.842310064658 164.6397471630325
91 7 140.14641654870957 269.04180194650013
91 10 744.7791003029218 154.56000602648868
91 11 1199.8322669155634 683.7682884475525
91 12 11.150181356075418 370.47637127280905
91 14 762.8789784236664 171.3270625399708
91 18 356.2993248546268 232.52297849058428
91 24 560.4689851226043 142.577980412608
91 28 777.973370909799 259.8607455757844
91 39 500.7037898512697 322.8829563018577
91 89 36.50732826122476 254.28095164585557
91 112 38.246103275654605 278.9473981372864
91 113 1229.2828334292426 440.1394414663373
91 118 315.3226365675191 227.617711151433
91 126 757.3634068005042 266.9039833555338
91 129 1229.4829099999995 444.4211730999997
92 1 270.10493371203324 364.4704852337764
92 3 873.4669894980916 425.4919545532936
92 4 16.189624565793068 313.2182798733997
92 5 741.5357034144565 262.341027004139
92 6 509.8481099810413 164.64948142591882
92 7 140.60780441068093 269.1329487552948
92 10 744.789387525481 154.5553856505565
92 11 1199.8375145223254 683.766123117589
92 12 11.15849100757634 370.5333799127332
92 14 762.8863550374205 171.3240978239315
92 18 357.7481380334973 232.57654438160608
92 24 560.6278007509146 142.52297303241832
92 28 776.8781566172622 259.8227996463537
92 39 497.6534416835128 334.2693319580475
92 89 36.573086472022624 253.44104459660025
92 112 40.19599986261164 279.2054176693583
92 118 315.6387343320148 228.14535040137295
92 126 757.3859377835573 266.25988855431
92 133 1240.0158191964729 490.3112343086325
93 1 274.9486382526386 370.2450328613179
93 3 869.7231806068103 425.03272407703696
93 4 16.188723469289144 313.2261401471056
93 5 739.6887710372877 262.14043263457967
93 6 509.8539859152765 164.65921568880512
93 7 141.0691922726523 269.2236055884267
93 10 744.798916654632 154.5507187369899
93 11 1199.842935053693 683.7640209143281
93 12 11.166956508888774 370.58802830519153
93 14 762.8937316511744 171.31995622031036
93 18 359.27491594356013 232.63265716915672
93 24 560.7903597501806 142.4654194370431
93 28 775.7575297244539 259.78252820482663
93 39 494.603093515756 346.1040374768154
93 89 36.63635419427192 252.52832691702037
93 112 42.08213945363968 279.4677038381322
93 113 1222.6533968139192 435.7733679721423
93 118 315.93367458043525 228.79860140747812
93 126 757.4084687666106 265.6706315822853
93 133 1233.089734771289 487.5735476139749
93 138 679.8825639490143 104.33628351785693
94 1 279.5675707766371 376.2561471137069
94 3 866.5231315054299 424.6622775104886
94 4 16.18782237278522 313.23400042081136
94 5 737.5792337580034 261.91299784966384
94 6 509.8599378673633 164.66894995169145
94 7 141.53058013462365 269.3133630238871
94 10 744.8077037045717 154.54600991230018
94 11 1199.8485285096665 683.7619818377698
94 12 11.175559581451695 370.64003453002255
94 14 762.9011082649286 171.314732160005
94 18 360.88192418066046 232.69131685323612
94 24 560.9566621204026 142.40527518188594
94 28 774.6114902313739 259.73993125120325
94 39 491.5527453479991 358.3961307341908
94 89 36.67762446615052 251.54063292022616
94 112 43.885780837459606 279.73425664360803
94 113 1218.9469398817018 433.9273410034948
94 118 316.2074573127804 229.58970982043863
94 126 757.4309997496638 265.13621243945965
94 133 1226.2164707578486 484.9691337963236
94 138 679.5422937508753 105.04488997374092
95 1 283.9407538165599 382.4930363659371
95 3 863.8733059828227 424.3807955759525
95 4 16.186921276281296 313.2418606945172
95 6 509.865965837302 164.67868421457774
95 7 141.991967996595 269.4017861978543
95 10 744.8157707593641 154.54126380299869
95 11 1199.8542948902452 683.7600058879141
95 12 11.184281104920954 370.68910920022
95 14 762.9084848786827 171.30853429574154
95 15 743.2790141117035 262.26947413559947
95 18 362.5708790867524 232.7525234338444
95 24 561.1267078615804 142.34249582235043
95 28 773.4400381380221 259.6950087854835
95 39 488.5023971802423 371.154669606202
95 105 291.7569372305036 226.87714790047227
95 112 45.59012396381149 280.0050760857858
95 113 1215.0161699177042 432.3506061680382
95 126 757.453530732717 264.6566311258332
95 133 1219.3191771968268 482.4979928556785
95 138 679.1858963370232 105.7298239908202
96 1 288.0466981185511 388.9425135762943
96 3 861.7755223650529 424.18763000191166
96 4 16.186020179777373 313.249720968223
96 6 509.87206982509247 164.68841847746407
96 7 142.45335585856634 269.4884142211219
96 10 744.8231462034119 154.53648503559668
96 11 1199.86023419543 683.7580930647609
96 12 11.19310111716926 370.7349554619322
96 14 762.9158614924368 171.30148597536066
96 15 742.4224401705768 262.03731608398783
96 18 364.3429022669411 232.81627691098143
96 24 561.3004969737138 142.27703691384016
96 39 485.4520490124854 384.3887119688776
96 105 291.67177741380334 226.8251362152897
96 112 47.18061570432474 280.2801621646655
96 113 1210.8953880516274 431.06470598158194
96 118 316.69155022924497 231.6344814696904
96 126 757.4760617157702 264.2318876414058
96 133 1212.3516083212453 480.16012479203937
96 138 678.8133717074581 106.39108556909478
96 146 33.24012455124944 246.77104228601772
97 1 291.8634026423692 395.58884403869706
97 3 860.2265617218919 424.0812378601148
97 4 16.18511908327345 313.2575812419288
97 6 509.87824983073466 164.69815274035037
97 7 142.9147437205377 269.5727595955279
97 10 744.8298649519284 154.53167823660553
97 11 1199.8663464252204 683.7562433683105
97 12 11.2019988142862 370.777268994463
97 14 762.9232381061909 171.2937257151039
97 15 741.5658662294502 261.813032069161
97 18 366.1984739317954 232.88257728464728
97 24 561.4780294568033 142.20885401175872
97 39 482.40170084472857 398.1073156982462
97 105 291.569066513874 226.75198518600808
97 112 48.64521632562537 280.5595148802472
97 113 1206.6236455339383 430.081049093249
97 118 316.9018604133643 232.91263600736372
97 126 757.4985926988235 263.86198198617745
97 133 1205.2947240669164 477.9555296054067
97 138 678.42471986218 107.02867470856472
97 146 32.638712857771 246.0784931043597
98 1 295.3683545613876 402.4135893973882
98 3 859.217765284415 424.05911415784726
98 4 16.184217986769525 313.2654415156346
98 6 509.8845058542286 164.7078870032367
98 7 143.37613158250906 269.6543076303828
98 10 744.8359686814091 154.52684803253652
98 11 1199.8726315796164 683.7544567985626
98 12 11.210952550578218 370.8157380102709
98 14 762.9306147199449 171.2854076728998
98 15 740.7092922883235 261.59716555527564
98 18 368.137385064926 232.95142455484196
98 24 561.6593053108484 142.13790267150972
98 39 479.3513526769717 412.3195386703363
98 105 291.44624996229857 226.65620866598604
98 112 49.97462667441141 280.8431342325308
98 113 1202.2441558716528 429.4007272724412
98 118 317.0910130814085 234.3776305546562
98 126 757.5211236818767 263.5469141601483
98 133 1198.1532915778807 475.88420729578
98 138 678.0199408011889 107.64259140922996
98 146 32.14275123720199 245.47942229815675
99 1 298.5385292625923 409.39544792388847
99 3 858.7346210737164 424.117722685374
99 4 16.1833168902656 313.27330178934045
99 6 509.8908378955744 164.717621266123
99 7 143.8375194444804 269.73251585889864
99 10 744.8415060601038 154.52199904990098
99 11 1199.879089658618 683.7527333555174
99 12 11.21993983856864 370.8500432549695
99 14 762.937991333699 171.2767021216501
99 15 739.8527183471969 261.39027717803947
99 18 370.1586884158313 233.0228187215654
99 24 561.8443245358493 142.0641384484967
99 39 476.30100450921486 427.03443876117694
99 105 291.3005799334683 226.53632050858263
99 112 51.1624760748382 281.1310202215164
99 113 1197.8036196182147 429.0146016041108
99 118 317.25900823337736 236.04171076225973
99 126 757.5436546649299 263.2866841633181
99 133 1190.9524867141736 473.94615786315967
99 138 677.5990345244848 108.23283567109048
99 146 31.74429917714633 244.9738298674091
100 1 301.3503903465852 416.5100910563418
100 3 858.7563397408421 424.25242511854105
100 4 16.182415793761677 313.2811620630462
100 6 509.897245954772 164.72735552900932
100 7 144.29890730645175 269.8068134546173
100 10 744.8465329784879 154.5171359152102
100 11 1199.8857206622256 683.7510730391748
100 12 11.228937348997643 370.8798580073273
100 14 762.9453679474531 171.26779592251594
100 15 738.9961444060701 261.19294474471087
100 18 372.2606483179994 233.0967597848177
100 24 562.033087131806 141.9875168981233
100 39 473.250656341458 442.2610738467965
100 105 291.1291153445839 226.39083456715665
100 112 52.20547093851928 281.4231728472039
100 118 317.405845869271 237.9171222808652
100 126 757.5661856479832 263.08129199568714
100 133 1183.7344955602894 472.1413813075456
100 138 677.1620010320676 108.79940749414637
100 146 31.43541616520952 244.56171581211655
101 1 303.7798896275805 423.7299962010985
101 3 859.255419617786 424.4574083765812
101 4 16.181514697257754 313.28902233675205
101 6 509.9037300318212 164.7370897918956
101 7 144.7602951684231 269.87660064783944
101 10 744.8511127797344 154.5122632549755
101 11 1199.8925245904386 683.7494758495347
101 12 11.23792091082229 370.9048480792681
101 14 762.9527445612072 171.2588929982041
101 15 738.1395704649435 261.0057632340993
101 18 374.44068933229136 233.1732477445988
101 24 562.2255930987186 141.90799357579309
101 39 470.2003081737012 458.0085018032238
101 105 290.92872185565415 226.2182646950669
101 112 53.10350408583327 281.7195921095933
101 118 317.53152598908935 240.01611076116276
101 126 757.5887166310364 262.9307376572552
101 133 1176.5551159317256 470.4698776289376
101 138 676.7088403239375 109.34230687839757
101 146 31.208161688995915 244.2430801322793
102 1 305.8024671334076 431.02427579669336
102 3 860.1972009796339 424.7256102350703
102 4 16.18061360075383 313.2968826104579
102 6 509.9102901267223 164.74682405478194
102 7 145.22168303039444 269.9412481420528
102 10 744.8553164901858 154.5073856957082
102 11 1199.8995014432571 683.7479417865974
102 12 11.246865511216496 370.9246718158702
102 14 762.9601211749612 171.25021480625315
102 15 737.2829965238168 260.82934479656484
102 18 376.6953437155757 233.25228260090864
102 24 562.421842436587 141.82552403690966
102 39 467.1499600059443 474.2857805064869
102 105 290.6960718694963 226.01712474567225
102 112 53.85972477998439 282.0202780086847
102 113 1184.6184174370646 429.3859002779645
102 126 757.6112476140896 262.83502114802235
102 133 1169.4803588837967 468.931646827336
102 138 676.2395524000942 109.86153382384408
102 146 31.05459523611125 244.01792282789728
103 1 307.3930511055104 438.3585026400647
103 3 861.5394095178799 425.0486431940592
103 4 16.179712504249906 313.30474288416366
103 6 509.9169262394752 164.75655831766824
103 7 145.6830708923658 270.00009653036085
103 10 744.8592230498256 154.5025078639196
103 11 1199.906651220682 683.7464708503626
103 12 11.255745295571051 370.9389800953675
103 14 762.9674977887153 171.24200081231976
103 15 736.4264225826901 260.6643187540186
103 18 379.0201977146402 233.33386435374732
103 24 562.6218351454112 141.74006383687657
103 39 464.09961183818746 491.1019678326152
103 105 290.42764453173794 225.7859285723314
103 112 54.4805694731549 282.3252305444781
103 113 1180.441917547243 429.8986492998083
103 126 757.6337785971429 262.79414246798865
103 133 1162.583050217072 467.52668890274015
103 138 675.754137260538 110.3570883304859
103 146 30.966776294159672 243.8862438989704
104 1 308.5260579989449 445.6945314751701
104 3 863.2316890248444 425.4167166014015
104 4 16.17881140774598 313.3126031578695
104 6 509.9236383700798 164.76629258055456
104 7 146.14445875433717 270.0524557119118
104 10 744.8629195427499 154.497634386121
104 11 1199.913973922712 683.7450630408304
104 12 11.264533567493618 370.9474163291485
104 14 762.9748744024694 171.2345089634647
104 15 735.5698486415635 260.51133159992264
104 18 381.4098366853583 233.41799300311487
104 24 562.8255712251911 141.6515685310975
104 39 461.0492636704306 508.4661216576369
104 105 290.11972573081454 225.52319002840343
104 112 54.97575326446531 282.6344497169734
104 113 1176.4604329535432 430.5283014957095
104 126 757.6563095801961 262.808101617154
104 133 1155.9394319872954 466.2550038551507
104 138 675.2525949052688 110.82897039832304
104 146 30.936764350746444 243.8480433454988
105 1 309.1753924823839 452.9903168438477
105 3 865.2151232892543 425.81855703122926
105 4 16.177910311242055 313.3204634315753
105 6 509.93042651853625 164.77602684344086
105 7 146.6058466163085 270.0976043083267
105 10 744.8665014276395 154.49276988882377
105 11 1199.921469549348 683.7437183580008
105 12 11.27320278880872 370.9496164617566
105 14 762.9822510162235 171.2280161614392
105 15 734.7132747004367 260.37104699928955
105 18 383.857789037132 233.5046685490112
105 24 563.0330506759269 141.55999367497594
105 39 457.99891550267375 526.3872998575807
105 105 289.76840809796994 225.22742296724704
105 112 55.35822207100136 282.9479355261706
105 113 1172.722515698224 431.2212199202913
105 126 757.6788405632493 262.87689859551847
105 133 1149.6257640114636 465.11659168456754
105 138 674.7349253342865 111.27718002735551
105 146 30.956618893475703 243.9033211674824
106 1 309.3144474381116 460.1997271990434
106 3 867.4217472029106 426.2413269176129
106 4 16.17700921473813 313.32832370528115
106 6 509.9372906848444 164.7857611063272
106 7 147.06723447827986 270.1347890801284
106 10 744.8700727682316 154.48791899853916
106 11 1199.9291381005894 683.742436801874
106 12 11.281724579557748 370.9452089708906
106 14 762.9896276299776 171.22281873597117
106 15 733.8567007593101 260.2441457886831
106 18 386.3564690025943 233.5938909914363
106 24 563.2442734976185 141.4652948239155
106 28 758.8768334932239 259.04737786420657
106 39 454.9485673349169 544.8745603084755
106 105 289.3695910072584 224.8971412422211
106 112 55.64406550981949 283.2656879720698
106 113 1169.273032712008 431.9216782755102
106 126 757.7013715463024 263.00053340308204
106 133 1143.7149253763491 464.1114523909906
106 138 674.2011285475911 111.7017172175833
106 146 31.018399409952963 244.05207736492127
107 1 308.9161039620284 467.27235528033793
107 3 869.774047078535 426.67054144341057
107 4 16.176108118234207 313.3361839789869
107 6 509.9442308690044 164.79549536921348
107 7 147.52862234025122 270.1632243431699
107 10 744.8737464637916 154.48308634177852
107 11 1199.936979576437 683.7412183724496
107 12 11.290069717998968 370.933814867404
107 14 762.9970042437316 171.2192329180513
107 15 733.0001268181834 260.1313259762178
107 18 388.8971182325811 233.68566033039025
107 24 563.4592396902658 141.36742753331984
107 28 757.4004301966123 258.9745492533305
107 39 451.8982191671601 563.9369608863491
107 105 288.9189805755407 224.5308587066845
107 112 55.8523904927788 283.58770705467094
107 113 1166.15179183516 432.57410081184935
107 123 309.7710627753368 234.14923914932533
107 126 757.7239025293557 263.1790060398447
107 133 1138.27301594452 463.2395859744198
107 138 673.6512045451828 112.10258196900638
107 146 31.11416538778326 244.2943119378152
108 1 307.9527313636481 474.1533247517835
108 3 872.1844501787932 427.0899836842685
108 4 16.175207021730284 313.34404425269275
108 6 509.9512470710161 164.80522963209978
108 7 147.99001020222258 270.1820913850633
108 10 744.8776444795843 154.47827654505315
108 11 1199.9449939768897 683.740063069728
108 12 11.298208140607509 370.9150476953055
108 13 529.1897418996872 137.51049739058317
108 14 763.0043808574857 171.21759531321925
108 15 732.1435528770567 260.03330274155894
108 18 391.4697462163605 233.77997656587297
108 24 563.6779492538691 141.26634735859247
108 28 755.8986142997289 258.89939513035813
108 39 448.8478709994032 583.583559467231
108 105 288.4120896624884 224.12708921399596
108 112 56.00515553331206 283.91399277397403
108 113 1163.392080493191 433.1255714263534
108 123 310.1606311264404 234.24338521706792
108 126 757.7464335124089 263.4123165058064
108 133 1133.355957863736 462.5009924348552
108 138 673.0851533270614 112.4797742816248
108 146 31.23597631457187 244.63002488616445
109 1 306.3961871660979 480.7830931020877
109 3 874.5548034563262 427.4816180078032
109 4 16.17430592522636 313.3519045263986
109 6 509.9583392908796 164.8149638949861
109 7 148.45139806419394 270.1905378816081
109 10 744.8818980773466 154.47349423487435
109 11 1199.953181301948 683.7389708937088
109 12 11.306108942075364 370.8885135317586
109 13 529.3319714068931 137.51558902152453
109 14 763.0117574712398 171.21826337485004
109 15 731.28697893593 259.95080843592274
109 18 394.0630695271418 233.8768396978845
109 24 563.9004021884281 141.16200985513703
109 28 754.3713858025741 258.8219154952894
109 39 445.7975228316464 603.8234139271498
109 105 287.8442378705819 223.68434661751436
109 112 56.126965765950445 284.2445451299791
109 113 1161.0191170277612 433.5286119955708
109 123 310.3751776199606 234.327598703309
109 126 757.7689644954621 263.7004648009673
109 133 1129.0060970732593 461.8956717722969
109 138 672.5029748932271 112.83329415543854
109 146 31.37589167792248 245.05921620996892
109 174 326.7523670807692 225.32773883076916
110 1 304.2178171061206 487.09725080707017
110 3 876.7758415050558 427.8255017279737
110 4 16.173404828722436 313.3597648001044
110 6 509.9655075285949 164.8246981578724
110 7 148.91278592616527 270.18767731322004
110 10 744.8866480457583 154.46874403775342
110 11 1199.9615415516123 683.7379418443924
110 12 11.313740375311404 370.8538109870819
110 13 529.5121993123311 137.5227098976517
110 14 763.0191340849939 171.22161587743997
110 15 730.4304049948033 259.8845925820763
110 18 396.6644498928391 233.9762497264249
110 24 564.1265984939429 141.0543705783571
110 28 752.8187447051474 258.74211034812424
110 39 442.7471746638895 624.6655821421335
110 105 287.2105515451091 223.20114477059863
110 112 56.24482867730694 284.57936412268606
110 113 1159.0484146805102 433.7442298930255
110 123 310.39886615986325 234.40187960804852
110 126 757.7914954785153 264.0434509253273
110 133 1125.2488048120283 461.4236239867447
110 138 671.9046692436798 113.16314159044758
110 146 31.52597096544082 245.58188590922856
110 174 327.81781490699296 225.35575551608383
111 1 301.38845513407097 493.0263167544873
111 3 878.726643722528 428.0996950146008
111 4 16.172503732218512 313.3676250738102
111 6 509.972751784162 164.83443242075873
111 7 149.37417378813663 270.1725883813596
111 10 744.8920449309144 154.46403058020175
111 11 1199.9700747258823 683.7369759217785
111 12 11.32106985144136 370.81053120474905
111 13 529.7352052306544 137.53205703752343
111 14 763.026510698748 171.2280533898931
111 15 729.5738310536767 259.83542187433767
111 18 399.2598310921056 234.07820665149404
111 28 751.2406910074492 258.6599796888628
111 39 439.69682649613264 646.1191219882115
111 105 286.5059637741671 222.6759975266076
111 112 56.38787054923887 284.918449752095
111 113 1157.4840582296963 433.7452347440994
111 123 310.217328908504 234.4662279312866
111 126 757.8140264615686 264.4412748788863
111 133 1122.0890791259008 461.08484907819866
111 138 671.2902363784193 113.46931658665196
111 146 31.678273664731705 246.1980339839435
111 174 328.8832627332167 225.38377220139853
112 1 297.8784234139204 498.4955299311128
112 3 880.2740806834853 428.2801690580871
112 4 16.17160263571459 313.375485347516
112 6 509.9800720575808 164.84416668364503
112 7 149.835561650108 270.1443144249605
112 10 744.8982492667969 154.45935848873057
112 11 1199.978780824758 683.7360731258673
112 12 11.328063939807835 370.7582578613886
112 13 530.0061168539748 137.54383554200334
112 14 763.033887312502 171.23799874880717
112 15 728.71725711255 259.80408017857553
112 18 401.8336746756279 234.182710473092
112 28 749.6372247094793 258.57552351750496
112 39 436.6464783283758 668.1930913414116
112 105 285.7252143886631 222.10741873890004
112 112 56.58701361477142 285.26180201820586
112 113 1156.31689328426 433.51982437763945
112 123 309.8179536862408 234.5206436730232
112 126 757.8365574446218 264.89393666164443
112 133 1119.508146375534 460.8793470466587
112 138 670.6596762974459 113.75181914405168
112 146 31.82485926339905 246.9076604341136
112 174 329.94871055944054 225.4117888867132
113 1 293.6575323232514 503.4246373722307
113 3 881.272249724426 428.3407124893032
113 4 16.170701539210665 313.3833456212218
113 6 509.9874683488514 164.85390094653135
113 7 150.29694951207932 270.10186283685874
113 10 744.9054318057462 154.45473238985122
113 11 1199.9876598482392 683.7352334566586
113 12 11.334688367970298 370.6965671667842
113 13 530.3304242086822 137.55825871905358
113 14 763.0412639262561 171.25189753176008
113 15 727.8606831714234 259.7913685322096
113 18 404.3688945126991 234.2897611912188
113 28 748.0083458112376 258.4887418340508
113 39 433.5961301606189 690.8965480777631
113 105 284.8628499623119 221.4939222608348
113 112 56.87461392541445 285.6094209210187
113 113 1155.5226282286749 433.0754399888392
113 123 309.19017137142146 234.56512683325815
113 126 757.859088427675 265.40143627360175
113 133 1117.4600627422917 460.8071178921252
113 138 670.0129890007595 114.01064926264664
113 146 31.95778724904881 247.7107652597389
113 174 331.0141583856643 225.4398055720279
114 1 288.6950804532637 507.7276783733176
114 3 881.5618997395075 428.252836054623
114 4 16.16980044270674 313.3912058949276
114 6 509.99494065797376 164.86363520941765
114 7 150.75833737405068 270.0442044802207
114 10 744.913773748933 154.450156910075
114 11 1199.9967117963265 683.7344569141526
114 12 11.340908021705085 370.6250278638743
114 13 530.7139941697654 137.5755482085288
114 14 763.0486405400102 171.2702185305959
114 15 727.0041092302966 259.79810514421035
114 18 406.8467901630438 234.3993588058744
114 28 746.3540543127244 258.39963463850023
114 39 430.5457819928621 714.2385500732945
114 112 57.284059931473166 285.9613064605334
114 113 1155.0598488236064 432.4428905298119
114 123 308.3257433003673 234.59967741199168
114 126 757.8816194107283 265.9637737147581
114 133 1115.8683157397318 460.86816161459774
114 138 669.3501744883599 114.245806942437
114 146 32.0691171092858 248.60734846081945
114 174 332.07960621188806 225.4678222573426
115 1 282.95985460876943 511.3127649641684
115 3 880.9698451873868 427.9856755461792
115 4 16.168899346202817 313.39906616863345
115 6 510.0024889849479 164.87336947230398
115 7 151.21972523602204 269.9702731049721
115 10 744.9234669768301 154.44563667591328
115 11 1200.0059366690189 683.7337434983492
115 12 11.346686945005402 370.5432012287527
115 13 531.1630852326268 137.59593410696982
115 14 763.0560171537643 171.29345422471118
115 15 726.14753528917 259.8251253950992
115 18 409.24697907391226 234.5115033170588
115 28 744.6743502139394 258.30820193085333
115 112 57.849331773555605 286.31745863675013
115 113 1154.867945459453 431.680746288941
115 123 307.21904866688783 234.6242954092237
115 126 757.9041503937815 266.5809489851135
115 133 1114.6224257164868 461.0624782140766
115 138 668.6712327602474 114.45729218342264
115 146 32.150908331714845 249.59741003735516
115 174 333.1450540381118 225.4958389426573
116 1 276.4201298081944 514.0818586452513
116 3 879.308369309337 427.50589298726607
116 4 16.167998249698893 313.4069264423392
116 6 510.0101133297738 164.88310373519028
116 7 151.68111309799338 269.8789647642265
116 10 744.9347142796845 154.4411763138773
116 11 1200.0153344663172 683.7330932092484
116 12 11.35198834008132 370.4506410706679
116 13 531.6843625423948 137.61965509239755
116 14 763.0633937675184 171.32212125434106
116 15 725.2909613480433 259.8732818369484
116 18 411.5473276024471 234.626194724772
116 28 742.969233514883 258.2144437111101
116 112 58.60452128780889 286.6778774496688
116 113 1154.8649530648254 430.8800017056637
116 123 305.8673719226608 234.63898082495416
116 126 757.9266813768347 267.252962084668
116 133 1113.5745473671705 461.3900676905616
116 138 667.976163816422 114.6451049856036
116 146 32.195220403940766 250.68094998934615
116 174 334.2105018643356 225.52385562797195
117 1 269.04366928358013 515.9305433864357
117 3 876.3746165583987 426.7775760729096
117 4 16.16709715319497 313.41478671604506
117 6 510.0178136924515 164.8928379980766
117 7 152.14250095996474 269.7691372307139
117 10 744.9477295879882 154.4367804504784
117 11 1200.0249051882213 683.7325060468503
117 12 11.356774567359786 370.3468937320234
117 13 532.2849131807368 137.6469585491067
117 14 763.0707703812724 171.35676089384552
117 15 724.4343874069166 259.9434441933811
117 18 413.7238808633117 234.743433029014
117 28 741.2387042155547 258.1183599792705
117 112 59.583312720606045 287.0425628992894
117 113 1154.9453036691702 430.1690073822392
117 126 757.949212359888 267.9798130134217
117 133 1112.5360712376423 461.8509300440527
117 138 667.2649676568834 114.80924534897989
117 146 32.194112813567926 251.85796831679232
117 174 335.2759496905594 225.55187231328665
118 1 260.7977244805799 516.7477948879903
118 3 871.9499742397483 425.762135865626
118 4 16.166196056691046 313.4226469897509
118 6 510.025590072981 164.9025722609629
118 7 152.6038888219361 269.6396094132095
118 10 744.962738202951 154.4324537122279
118 11 1200.0346488347311 683.7319820111547
118 12 11.361007145484605 370.231498088378
118 13 532.9722617101652 137.67810069245976
118 14 763.0781469950265 171.3979395249956
118 15 723.57781346579 260.0364993595711
118 18 415.75079140157936 234.8632182297848
118 28 739.4827623159547 258.01995073533453
118 112 60.81842415943538 287.411514985612
118 113 1154.977491617734 429.718671304232
118 126 757.9717433429412 268.7615017713744
118 133 1111.2742252345197 462.4450652745501
118 138 666.5376442816319 114.94971327355148
118 146 32.13964504820183 253.12846501969372
118 174 336.3413975167832 225.5798889986013
119 1 251.64903505846323 516.4157461039445
119 3 865.7994433621883 424.41820274636416
119 4 16.165294960187122 313.43050726345666
119 6 510.0334424713623 164.91230652384922
119 7 153.06527668390743 269.48916077296195
119 10 744.9799770269714 154.4282007256371
119 11 1200.0445654058465 683.7315211021618
119 12 11.364646751316457 370.1039855484452
119 13 533.7543859758434 137.71334669368068
119 14 763.0855236087806 171.44624911025954
119 15 722.7212395246632 260.1533514022434
119 18 417.60024669089967 234.98555032708447
119 28 737.7014078160832 257.91921597930224
119 112 62.34100967042468 287.78473370863645
119 113 1154.801651442729 429.7479292950593
119 123 300.36490780137683 234.62344158313647
119 126 757.9942743259944 269.5980283585262
119 133 1109.5086761320126 463.1724733820537
119 138 665.7941936906673 115.0665087593184
119 146 32.02387659544729 254.49244009805037
119 174 337.4068453430069 225.607905683916
120 1 241.56382889011363 514.8094490277379
120 3 857.6709987007027 422.7015206205956
120 4 16.1643938636832 313.4383675371625
120 6 510.0413708875953 164.92204078673552
120 7 153.5266645458788 269.31653074012246
120 10 744.999694794109 154.42402611721735
120 11 1200.0546549015676 683.7311233198715
120 12 11.36765321993288 369.9638800540936
120 13 534.6397331648902 137.7529708046487
120 14 763.0929002225347 171.50230766608908
120 15 721.8646655835366 260.2949215596735
120 18 419.2423954569104 235.11042932091289
120 28 735.89464071594 257.8161557111736
120 112 64.18002215465094 288.1622190683629
120 113 1154.2270483873365 430.5294846577453
120 123 298.0743112762975 234.59839667286093
120 126 758.0168053090475 270.4893927748772
120 133 1106.9081310790498 464.0331543665635
120 138 665.0346158839897 115.1596318062806
120 146 31.83886694290936 255.9498935518622
120 174 338.4722931692307 225.63592236923068
