1 1 372.3708417318357 161.88749759458457
1 2 147.1798570301876 152.54411517746345
2 1 372.3561942557314 162.00317465000026
2 2 147.63384932358525 151.9097801513343
3 1 372.34183126591313 162.10006094985587
3 2 148.09270830285718 151.2784056153159
3 3 72.1688337286198 192.9576139181609
4 1 372.327752762381 162.1798250721592
4 2 148.55221514387512 150.64999156940823
4 3 72.18255835970311 192.570486251946
5 1 372.3139587451349 162.2440475166648
5 2 149.00831331341186 150.02453801361133
5 3 72.19628299078641 192.2698250482321
6 1 372.300449214175 162.2942233829385
6 2 149.45710658205198 149.4020449479252
6 3 72.21000762186972 192.04292955416008
7 1 372.2872241695011 162.33176501149887
7 2 149.89485703710255 148.78251237234983
8 1 372.2742836111133 162.35800458803672
8 2 150.3179830955037 148.1659402868852
9 1 372.2616275390116 162.37419671071154
9 2 150.72305751673954 147.55232869153133
10 1 372.249255953196 162.38152092052582
10 2 151.10680541574848 146.9416775862882
10 3 72.26490614620293 191.6557932842984
11 1 372.23716885366656 162.3810841947766
11 2 151.4661022758342 146.33398697115584
11 3 72.27863077728622 191.6433131834897
12 1 372.2253662404231 162.3739234035846
12 2 151.79797196157625 145.72925684613423
12 3 72.29235540836953 191.64935674250768
13 1 372.2138481134658 162.3610077295007
13 2 152.0995847317407 145.1274872112234
13 3 72.30608003945284 191.66775553448008
14 1 372.2026144727946 162.34324105019016
14 2 152.3682552521908 144.5286780664233
15 1 372.19166531840943 162.32146428419398
15 2 152.60144060879776 143.93282941173396
15 3 72.33352930161945 191.72062437167625
16 1 372.1810006503104 162.29645769976796
16 2 152.79673832035132 143.3399412471554
16 3 72.34725393270274 191.7463062547945
16 12 273.01435322181806 118.55034123676924
17 1 372.1706204684975 162.26894318679908
17 2 152.95188435147048 142.75001357268758
17 3 72.36097856378605 191.76668253144896
17 12 279.5591844727272 112.36281737331936
18 1 372.1605247729706 162.23958649179957
18 2 153.0647511255142 142.1630463883305
18 3 72.37470319486935 191.7788799207842
18 12 285.6054033493938 106.77754401066198
19 1 372.1507135637298 162.2089994159782
19 2 153.13334553749195 141.5790396940842
19 3 72.38842782595266 191.78056119576377
19 12 291.153009851818 101.7435437571422
20 1 372.1411868407752 162.17774197638917
20 2 153.15580696697458 140.99799348994864
20 3 72.40215245703595 191.76988672299305
20 12 296.20200397999986 97.20983922110486
21 1 372.1319446041066 162.14632453015852
21 2 153.13040529100493 140.41990777592383
21 3 72.41587708811926 191.7454770875211
21 12 300.7523857339392 93.12545301089509
22 1 372.1229868537241 162.11520986178786
22 2 153.05553889700843 139.8447825520098
22 12 304.80415511363617 89.43940773485778
23 1 372.1143135896277 162.0848152335357
23 2 152.92973269570385 139.27261781820653
23 12 308.3573121190907 86.10072600133796
24 1 372.10592481181743 162.0555143988762
24 2 152.75163613401395 138.70341357451397
24 12 311.4118567503028 83.05843041868064
25 1 372.0978205202932 162.02763957903554
25 2 152.5200212079762 138.1371698209322
25 3 72.47077561245247 191.49700439228045
25 12 313.9677890072725 80.26154359523082
26 1 372.0900007150551 162.00148340260532
26 2 152.2337804756535 137.57388655746118
26 3 72.48450024353578 191.39685580806184
27 1 372.0824653961031 161.97730080823408
27 2 151.89192507004464 137.01356378410094
27 3 72.49822487461908 191.2824038550198
28 1 372.0752145634372 161.95531091039572
28 2 151.49358271199523 136.45620150085142
28 3 72.51194950570239 191.1545352800013
29 1 372.0682482170573 161.93569882823573
29 2 151.03799572310828 135.90179970771268
29 3 72.52567413678568 191.0143371059572
30 1 372.0615663569636 161.9186174774947
30 2 150.5245190386549 135.35035840468467
30 3 72.53939876786899 190.8630690215553
31 1 372.0551689831559 161.9041893255095
31 2 149.95261822048488 134.80187759176744
32 1 372.0490560956344 161.8925081092917
32 2 149.32186746993753 134.25635726896095
32 3 72.5668480300356 190.53306713746585
33 1 372.04322769439887 161.8836405166837
33 2 148.63194764075226 133.71379743626522
33 3 72.5805726611189 190.35748273992297
34 1 372.0376837794495 161.8776278305921
34 2 147.88264425197923 133.17419809368027
34 17 17.694632432638514 280.1349189177964
35 1 372.0324243507862 161.8744875362987
35 2 147.07384550089017 132.63755924120605
35 17 23.44200087008346 275.18227862358674
36 1 372.027449408409 161.87421489184896
36 2 146.20554027588886 132.1038808788426
36 17 29.05530529155385 270.379524744356
37 1 372.02275895231793 161.87678446151784
37 2 145.277816169422 131.5731630065899
37 17 34.53454569704968 265.7219430191126
38 1 372.0183529825129 161.8821516123532
38 2 144.29085749088975 131.04540562444797
38 3 72.64919581653541 189.44254429777263
38 17 39.87972208657084 261.204924622857
39 1 372.014231498994 161.89025397379663
39 2 143.2449432795565 130.52060873241678
39 3 72.66292044761872 189.2645520799873
39 17 45.09083446011738 256.82396616658207
40 1 372.01039450176114 161.90101286038183
40 2 142.1404453174615 129.99877233049634
40 3 72.67664507870202 189.0922849278379
40 17 50.16788281768936 252.57466969727204
41 1 372.0068419908145 161.91433465751027
41 2 140.97782614232958 129.47989641868665
41 3 72.69036970978533 188.9273898713435
41 17 55.11086715928673 248.45274269790383
42 1 372.0035739661538 161.93011217030454
42 2 139.75763706048173 128.96398099698774
42 3 72.70409434086862 188.77143990996092
42 17 59.91978748490942 244.45399808744597
43 1 372.0005904277792 161.94822593553903
43 2 138.4805161597459 128.45102606539956
43 3 72.71781897195193 188.62592050692524
43 17 64.59464379455756 240.57435422085905
44 1 371.9978913756908 161.9685454966482
44 2 137.14718632236762 127.94103162392216
44 3 72.73154360303523 188.49221716856889
44 17 69.13543608823113 236.80983488909584
45 1 371.9954768098884 161.99093064181218
45 2 135.75845323792075 127.4339976725555
45 17 73.54216436593003 233.15656931910087
46 1 371.99334673037214 162.01523260511996
46 2 134.31520341621797 126.92992421129962
46 17 77.81482862765432 229.61079217381115
46 19 135.19715880000004 126.18769839999996
47 1 371.991501137142 162.04129523081
47 2 132.81840220022173 126.42881124015447
47 17 81.953428873404 226.16884355215524
47 19 134.0550232 125.09721369999995
48 1 371.9899400301979 162.06895610058828
48 2 131.26909177895465 125.93065875912008
48 17 85.9579651031791 222.82716898905372
49 1 371.9886634095399 162.0980476240239
49 2 129.66838920041045 125.43546676819646
49 17 89.8284373169796 219.5823194554196
50 1 371.987671275168 162.1283980920222
50 2 128.01748438446444 124.9432352673836
50 3 72.81389138953506 188.0004995303963
50 17 93.56484551480548 216.4309513581576
51 1 371.9869636270822 162.15983269337502
51 2 126.31763813578434 124.45396425668147
51 3 72.82761602061835 187.9777993596746
51 17 97.1671896966568 213.3698265401644
52 1 371.9865404652825 162.19217449438892
52 2 124.57018015674082 123.96765373609011
52 3 72.84134065170166 187.9732684172054
52 17 100.6354698625334 210.39581228032887
53 1 371.9864017897689 162.22524538159058
53 2 122.77650706031832 123.48430370560952
53 3 72.85506528278496 187.98701268810936
53 17 103.96968601243545 207.505881293532
54 1 371.9865476005413 162.25886696750956
54 2 120.9380803830256 123.00391416523968
54 17 107.1698381463629 204.69711173064653
55 1 371.9869778975999 162.29286145953893
55 2 119.05642459780654 122.52648511498056
55 17 110.23592626431576 201.9666871785373
56 1 371.9876926809446 162.32705249187293
56 2 117.1331251269507 122.05201655483224
56 17 113.167950366294 199.3118966600613
57 1 371.9886919505753 162.36126592052247
57 2 115.16982635500412 121.58050848479466
57 17 115.96591045229763 196.73013463406733
58 1 371.98997570649215 162.39533058140785
58 2 113.16822964167996 121.11196090486784
58 17 118.6298065223267 194.21890099539644
59 1 371.99154394869504 162.42907901152898
59 2 111.13009133476902 120.6463738150518
59 17 121.15963857638104 191.77580107488149
60 1 371.9933966771841 162.4623481332133
60 2 109.05722078305068 120.18374721534649
60 17 123.55540661446088 189.3985456393474
61 1 371.9955338919592 162.4949799014409
61 2 106.95147834920344 119.7240811057519
61 17 125.81711063656604 187.08495089161136
62 1 371.9979555930205 162.5268219142472
62 2 104.81477342271556 119.26737548626812
62 17 127.94475064269665 184.83293847048213
63 1 372.0006617803677 162.55772798620316
63 2 102.64906243279589 118.81363035689508
63 17 129.93832663285264 182.64053545076095
63 21 128.83603488554945 266.8366082292341
64 1 372.0036524540011 162.58755868497292
64 2 100.45634686128436 118.36284571763278
64 17 131.797838607034 180.5058743432407
64 21 148.64221521551372 247.80087196636305
65 1 372.0069276139206 162.6161818309489
65 2 98.23867125556278 117.91502156848124
65 17 133.52328656524082 178.4271930947064
65 21 165.75016584066907 231.08791947235292
66 1 372.0104872601262 162.6434729599644
66 2 95.99812124146553 117.47015790944047
66 17 135.1146705074729 176.40283508793544
66 21 180.576488359191 216.3968283637805
67 1 372.01433139261786 162.66931574908364
67 2 93.73682153619018 117.02825474051046
67 17 136.5719904337305 174.43124914169653
67 21 193.48361602291695 203.45947392065136
68 1 372.0184600113956 162.69360240546928
68 2 91.45693396120816 116.5893120616912
68 17 137.8952463440134 172.51098951075096
68 21 204.7846266494016 192.038046637128
69 1 372.0228731164594 162.7162340183274
69 2 89.16065545517552 116.1533298729827
69 17 139.08443823832175 170.64071588585205
69 21 214.74784221089797 181.9226643811417
70 1 372.0275707078094 162.73712087393014
70 2 86.85021608684349 115.72030817438494
70 17 140.13956611665543 168.81919339374457
70 21 223.60121509985763 172.92907916285913
71 1 372.03255278544543 162.75618273371532
71 2 84.52787706796933 115.29024696589796
71 3 73.10210864228442 190.5448097517191
71 17 141.0606299790146 167.04529259716588
71 21 231.5365010718815 164.8964785100543
72 1 372.0378193493676 162.77334907546424
72 2 82.1959287662268 114.86314624752173
72 3 73.11583327336773 190.7263187907689
72 17 141.8476298253991 165.31798949484528
72 21 238.71321886623628 157.68538145509956
73 1 372.0433703995758 162.7885592975562
73 2 79.85668871811704 114.43900601925624
73 3 73.12955790445102 190.899527211738
73 17 142.500565655809 163.63636552150376
73 21 245.2623965033854 151.1756291275815
74 1 372.0492059360701 162.8017628863012
74 2 77.51249964187909 114.01782628110152
74 3 73.14328253553433 191.0624276933356
74 17 143.01943747024433 161.99960754785474
74 21 251.29010425970773 145.26446995709557
75 1 372.0553259588505 162.81291954634946
75 2 75.16572745040065 113.59960703305754
75 3 73.15700716661763 191.21306606586305
75 17 143.40424526870498 160.40700788060343
75 21 256.880774319201 139.8647394847212
76 1 372.061730467917 162.82199929417902
76 2 72.81875926412876 113.18434827512434
76 3 73.17073179770094 191.34956360986232
76 17 143.65498905119108 158.8579642624468
76 21 262.10030710310093 134.9031347828277
77 1 372.0684194632696 162.82898251466025
77 2 70.47400142398043 112.77205000730189
77 3 73.18445642878423 191.47014043974175
77 17 143.77166881770256 157.3519798720746
77 21 266.99896427514614 130.31858348265814
78 1 372.07539294490834 162.83385998069824
78 2 68.13387750425343 112.36271222959016
78 3 73.19818105986754 191.573139972384
78 17 143.75428456823943 155.88866332416785
78 21 271.6140484259522 126.06070741226722
79 1 372.0826509128331 162.83663283595257
79 2 65.8008263255368 111.95633494198924
79 3 73.21190569095084 191.65705448072973
79 17 143.60283630280168 154.4677286693999
79 21 275.9723694336717 122.08838084130548
80 1 372.090193367044 162.83731254063437
80 2 63.47729996762172 111.55291814449905
80 3 73.22563032203415 191.72055173234207
80 17 143.3173240213893 153.08899539443598
80 21 280.0924975014932 118.36838333624472
81 1 372.0980203075409 162.83592078038106
81 2 61.16576178241192 111.1524618371196
81 3 73.23935495311746 191.7625027129499
81 17 142.8977477240024 151.7523884219338
81 21 283.9868028732599 114.8741472219699
82 1 372.106131734324 162.83248933820846
82 2 58.868684406834745 110.75496601985093
82 3 73.25307958420075 191.7820104349693
82 17 142.3441074106408 150.45793811054227
82 21 287.6632822248212 111.58459965448128
83 1 372.1145276473931 162.8270599295404
83 2 56.58854777575148 110.360430692693
83 3 73.26680421528405 191.77843983100595
83 17 141.65640308130463 149.20578025490306
83 21 291.1271717347554 108.48309929983223
84 1 372.1232080467484 162.81968400031585
84 2 54.327837134868176 109.96885585564584
84 3 73.28052884636736 191.75144873233415
84 17 140.83463473599386 147.99615608564972
84 21 294.3823468298069 105.55646762358084
85 1 372.1321729323897 162.81042248817337
85 2 52.08904105364637 109.58024150870943
85 3 73.29425347745067 191.7010199323572
85 17 139.87880237470847 146.82941226940727
85 21 297.4325086106255 102.79411478822294
86 1 372.14142230431713 162.79934554671328
86 2 49.87464943821365 109.19458765188378
86 3 73.30797810853396 191.62749433504408
86 17 138.78890599744847 145.70600090879333
86 21 300.2821569504158 100.18726015831636
87 1 372.1509561625306 162.78653223283698
87 2 47.68715154427453 108.81189428516888
87 3 73.32170273961727 191.53160518834775
87 17 137.56494560421385 144.6264795424176
87 21 302.9373502749368 97.72824741563818
88 1 372.1607745070303 162.77207015716405
88 2 45.52903399002079 108.43216140856477
88 3 73.33542737070057 191.41451340260105
88 17 136.20692119500467 143.59151114488128
88 21 305.4062520180305 95.40995428229508
89 1 372.170877337816 162.75605509752666
89 2 43.40277876904263 108.05538902207137
89 3 73.34915200178388 191.27784395389256
89 17 134.71483276982082 142.6018641267782
89 21 307.69946375346626 93.22529685229529
90 1 372.1812646548877 162.73859057554145
90 2 41.31086126323886 107.68157712568872
90 3 73.36287663286717 191.12372337241948
90 17 133.0886803286624 141.65841233469337
90 21 309.83014500522404 91.1668285321648
91 1 372.19193645824566 162.71978739625894
91 2 39.25574825572777 107.31072571941688
91 3 73.37660126395048 190.95481831582336
91 17 131.32846387152938 140.76213505120455
91 21 311.81391973406426 89.2264335899963
92 1 372.2028927478896 162.69976315089033
92 2 37.23989594375814 106.94283480325576
92 3 73.39032589503378 190.77437522749963
92 17 129.43418339842174 139.9141169948815
92 21 313.668569504458 87.39511531266908
93 1 372.2141335238197 162.67864168261198
93 2 35.26574795161932 106.5779043772054
93 3 73.40405052611709 190.5862610798911
93 17 127.40583890933948 139.1155483202856
93 21 315.4135133215459 85.66287877266586
94 1 372.2256587860359 162.65655251544703
94 2 33.33573334355239 106.2159344412658
94 3 73.4177751572004 190.39500520275615
94 17 125.2434304042826 138.36772461797057
94 21 317.06907415314345 84.01870820266777
95 1 372.2374685345381 162.6336302462248
95 2 31.452264636660477 105.85692499543694
95 3 73.43149978828369 190.20584219642188
95 17 122.94695788325116 137.67204691448185
95 21 318.65553212640225 82.45063897877117
95 25 167.3921204 105.43354799999996
96 1 372.2495627693265 162.61001389961737
96 2 29.617735813819863 105.50087603971885
96 3 73.445224419367 190.02475593000776
96 17 120.51642134624512 137.0300216723571
96 21 320.1919643963629 80.94592421311245
96 25 165.8637695 106.65032199999996
97 1 372.2619414904009 162.58584624625405
97 2 27.834520336590217 105.1477875741115
97 3 73.4589490504503 189.8585246246364
97 17 117.9518207932644 136.44326079012637
97 21 321.6948717018531 79.49129595415434
98 1 372.2746046977615 162.56127308391282
98 2 26.1049691581255 104.79765959861491
98 3 73.4726736815336 189.7147670216192
98 17 115.25315622430912 135.9134816023107
98 21 323.1765915893193 78.07332099649648
99 1 372.2875523914081 162.5364424817897
99 2 24.43140873608469 104.45049211322912
99 3 73.4863983126169 189.60198963562232
99 17 112.42042763937916 135.44250687942406
99 21 324.6434983178042 76.67885129881324
100 1 372.3007845713408 162.51150398784503
100 2 22.81613904554236 104.10628511795406
100 3 73.5001229437002 189.5296350928081
100 17 109.45363503847472 135.03226482797209
100 21 326.0939894434705 75.2955690096278
101 1 372.3143012375596 162.48660779922824
101 2 21.261431591899356 103.76503861278974
101 3 73.51384757478351 189.5081315539644
101 17 106.3527784215956 134.68478909045274
101 21 327.5162590747641 73.91262610295962
102 1 372.3281023900645 162.4619038957786
102 2 19.769527423793647 103.42675259773618
102 3 73.52757220586682 189.54894322260063
102 17 103.1178577887419 134.40221874535558
102 21 328.8858578131767 72.52137862289965
103 1 372.3421880288555 162.43754113660475
103 2 18.342635146010597 103.09142707279338
103 3 73.54129683695012 189.66462193803483
103 17 99.7488731399136 134.1867983071624
103 21 330.16303936217446 71.1162155350321
104 1 372.3565581539326 162.41366631974137
104 2 16.982928932394174 102.75906203796134
104 3 73.55502146803342 189.8688598534498
104 17 96.24582447511062 134.0408777263469
104 21 331.289893820358 69.69548218748241
105 1 372.37121276529575 162.3904232048828
105 2 15.692546538757398 102.42965749324006
105 3 73.56874609911672 190.1765431989372
105 17 92.60871179433308 133.96691238937495
106 1 372.386151862945 162.3679514991945
106 2 14.473587315792372 102.10321343862952
106 3 73.58247073020003 190.60380712951
106 17 88.83753509758088 133.9674631187046
106 32 118.0789658985359 125.23319706884736
107 1 372.4013754468804 162.34638580620225
107 2 13.32811022198254 101.77972987412974
107 3 73.59619536128334 191.16809165810596
107 17 84.93229438485417 134.04519617278504
107 32 115.53913924367606 126.15895101651093
108 1 372.4168835171019 162.32585453775854
108 2 12.258131836511808 101.45920679974074
108 3 73.60991999236663 191.88819867356312
108 17 80.89298965615279 134.2028832460589
109 1 372.4326760736094 162.30647878908616
109 2 11.26562437217592 101.14164421546248
109 17 76.71962091147685 134.44340146895945
110 1 372.4487531164031 162.28837117689994
110 2 10.35251368829296 100.82704212129497
110 17 72.4121881508263 134.76973340791278
111 1 372.4651146454828 162.2716346406051
111 2 9.520677303614264 100.51540051723822
111 17 67.97069137420107 135.18496706533688
111 32 105.37983262423684 129.86196680716512
111 37 196.03582184162224 191.4623510254241
112 1 372.48176066084864 162.25636120657416
112 2 8.771942409234839 100.20671940329224
112 17 63.39513058160128 135.6922958796418
112 32 102.840005969377 130.78772075482863
112 37 206.42759455710984 182.32578778725656
113 1 372.49869116250056 162.2426307154999
113 2 8.1080838815042 99.90099877945698
113 32 100.3001793145172 131.71347470249222
113 37 215.9718275837513 174.07880577811738
114 1 372.5159061504385 162.23050951282744
114 32 97.76035265965736 132.63922865015576
114 37 224.721024327886 166.64427468333088
114 39 61.92951196223112 165.75952676367888
115 1 372.5334056246626 162.22004910226246
115 37 232.7276881958751 159.94506418826495
115 39 61.1494331771446 168.51340879668714
116 1 372.5511895851728 162.21128476235762
116 37 240.04432259403256 153.90404397825478
116 39 60.57092576511968 169.73644928142312
117 1 372.5692580319691 162.20423412617563
117 17 38.506366378983216 139.72951816816362
117 37 246.7234309287378 148.44408373865735
117 39 60.1733753820472 169.85120458294114
118 1 372.5876109650515 162.1988957240313
118 17 33.12642149053573 140.86238454591353
118 37 252.817516606312 143.48805315480786
118 39 59.93616768381708 169.28023106626642
119 1 372.60624838442 162.19524748930962
119 37 258.3790830331236 138.95882191204873
119 39 59.83868832632197 168.44608509648242
120 1 372.62517029007455 162.19324522736156
120 37 263.46063361550114 134.77925969574426
120 39 59.86032296545272 167.7713230385416
121 1 372.6443766820152 162.19282104747842
121 37 268.1146717598021 130.87223619122597
121 39 59.9804572571029 167.6785012575274
122 1 372.663867560242 162.19388175794188
122 37 272.39370087236966 127.16062108384722
122 39 60.17847685716061 168.59017611845047
123 1 372.6836429247548 162.1963072241532
123 37 276.35022435955034 123.5672840589432
123 39 60.43376742151759 170.9289039863652
123 44 162.86749702380956 106.46207209047618
124 1 372.7037027755537 162.199948689839
124 37 280.0367456276836 120.0150948018818
124 39 60.72571460606923 175.11724122632586
124 44 162.5312892209524 106.57556936761904
125 1 372.7240471126388 162.20462706133443
125 37 283.50576808313053 116.42692299799091
125 39 61.03370406670274 181.57774420338683
125 44 162.19508141809524 106.6890666447619
126 1 372.7446759360099 162.21013115494466
126 37 286.80979513222337 112.72563833260938
126 39 61.337121459310765 190.73296928252967
126 44 161.8588736152381 106.80256392190476
127 1 372.7655892456671 162.21621590738226
127 37 290.0013301813088 108.83411049111236
127 44 161.52266581238095 106.9160611990476
128 1 372.7867870416104 162.2226005492842
128 44 161.1864580095238 107.02955847619046
