1 5 587.2730970019002 131.9643531499358
2 5 572.2396755242124 135.82670438326326
3 5 563.7334661450406 138.55980110330066
4 5 559.5053331385295 140.25434440481092
5 5 557.5659676680253 141.00103538255703
6 5 556.1858877860752 140.89057513130203
7 5 553.8954384344272 140.01366474580882
8 5 549.4847914440303 138.46100532084046
9 5 542.0039455350345 136.3232979511599
10 5 530.762726316791 133.69124373153014
11 5 515.3307862878519 130.65554375671414
12 5 495.5376048359701 127.30689912147488
13 5 471.4724882380997 123.73601092057535
14 5 443.484569660396 120.03358024877858
15 5 412.1828091582146 116.29030820084748
16 5 378.435993676113 112.5968958715451
17 5 343.37273704784906 109.04404435563438
18 5 308.3814799963819 105.72245474787832
18 11 359.2401638343688 143.92425362008527
19 5 275.1104901338717 102.7228281430399
19 11 358.06264333255973 143.52228496113773
20 5 245.46786196167895 100.13586563588213
20 11 356.8851228307507 143.12031630219016
21 5 221.62151687036663 98.05226832116794
21 11 355.7076023289416 142.7183476432426
22 5 205.99920313969653 96.56273729366036
22 11 354.53008182713256 142.31637898429506
22 15 355.4573974609375 141.69290161132812
23 5 201.2884959386344 95.75797364812236
23 11 353.3525613253235 141.9144103253475
23 15 352.4442749023437 141.9942626953125
24 5 210.4367973253435 95.72867847931688
25 5 236.6513362471913 96.56555288200698
25 11 350.9975203217054 141.11047300745238
