1 1 59.91978874099997 515.9937622099999
1 2 555.1932396878664 470.5087983805884
2 1 48.82837753199996 525.36255492
2 2 539.7581860444634 477.7355931753363
3 1 37.73696632299996 534.73134763
3 2 525.2311886149428 483.7246011167714
3 3 82.58733596999997 479.0215728899999
4 1 26.645555113999947 544.1001403399999
4 2 510.6117020156987 488.4758222048936
4 3 65.40894775499997 480.6760955799999
5 2 495.2063444154212 491.98925643970296
5 3 48.23055953999997 482.3306182699999
6 2 478.6288975350964 494.2649038211994
6 3 31.05217132499996 483.9851409599999
6 4 899.6569381436948 479.96014381457945
7 2 460.8003066480064 495.302764349383
7 4 903.404354119215 471.805996241557
8 2 441.9486805797292 495.10283802425374
8 4 905.7715737044832 464.3647131587612
9 2 422.60929170813904 493.66512484581153
9 4 907.1489156677696 457.6362945661921
10 2 403.624575963406 490.9896248140565
10 4 907.926698777344 451.6207404638497
11 2 386.1441328279962 487.0763379289886
11 4 908.4952418014758 446.3180508517339
11 6 98.6515505720498 496.0163413335404
12 2 371.6247253366717 481.9252641906078
12 4 909.2448635084354 441.7282257298448
12 6 168.57365255838533 488.19081600993786
13 2 361.8302800764906 475.53640359891415
13 4 910.5658826664926 437.8512650981824
13 6 238.49575454472077 480.36529068633536
14 2 358.8318871868071 467.9097561539076
14 4 912.8486180439172 434.6871689567467
14 6 308.41785653105615 472.5397653627329
15 2 365.0078003592713 459.04532185558816
15 4 916.483388408979 432.2359373055376
16 4 921.860512529948 430.4975701445552
16 6 448.26206050372696 456.88871471552784
17 6 518.1841624900625 449.0631893919253
17 11 737.3283488333334 455.2415161166665
18 11 719.3231608333333 438.42980956666656
19 11 701.3179728333333 421.6181030166666
19 12 1020.3665770000011 430.06878659999967
20 12 1122.5402830000005 425.40023799999983
21 4 988.542596362847 432.4987016930432
22 4 1012.5705371529266 435.0375214734208
23 4 1041.0730630768026 438.2892057440251
24 4 1074.440492902745 442.253754504856
24 18 961.3530579 393.4011230333333
25 4 1113.0631453990236 446.9311677559137
25 18 968.0947876 394.4788818333333
25 19 1178.1564939999996 454.1044312000001
26 4 1157.331339333908 452.321445497198
26 18 974.8365173 395.5566406333333
26 19 1183.4072269999997 468.10314940000006
