1 1 962.4806773326771 490.61115824899616
1 2 563.3427545551516 226.38206282623543
1 3 460.436973483981 349.8700055436236
1 4 488.87960390138574 394.00327105513344
1 5 38.53130545962459 312.6560047873126
2 1 960.4603191058052 489.8724277167626
2 2 571.1856119597178 229.03960085481935
2 3 456.6391587577801 351.69139698007683
2 4 487.5026682775465 397.0808931163852
2 5 37.87202453848915 318.63233160157733
3 1 958.4584808731016 489.0967239146788
3 2 578.2679769539317 231.6656079276284
3 3 453.5132337011534 353.3877934591034
3 4 486.1257326537073 399.71069233147904
3 5 37.21274361735372 323.50568712774844
3 6 1093.8327670576984 117.09648030009171
4 1 956.4751626345673 488.2662502334325
4 2 584.7474145957121 234.2600840446624
4 3 450.9891091821196 354.95919498070333
4 4 484.7487970298681 401.918068910567
4 5 36.55346269621828 327.391697871214
4 6 1080.009507030844 119.29261184566924
5 1 954.5103643902012 487.36687904567947
5 2 590.759053196243 236.82302920592156
5 3 448.996696068697 356.4056015448767
5 4 483.37186140602887 403.728423063801
5 5 35.89418177508284 330.4000050586363
5 6 1067.2844887617407 121.48874339124676
6 1 952.5640861400042 486.3878685035319
6 2 596.4171765639121 239.3544434114057
6 3 447.4659052289042 357.72701315162334
6 4 481.9949257821897 405.1671550013331
6 5 35.23490085394741 332.63426463795207
6 6 1055.3843317463288 123.68487493682429
7 1 950.636327883976 485.32158792299015
7 2 601.8167695103696 241.85432666111487
7 3 446.32664753075954 358.9234298009434
7 4 480.6179901583505 406.25966493331504
7 5 34.57561993281197 334.1921472783725
7 6 1044.063798759369 125.8810064824018
8 1 948.7270896221164 484.1632517553164
8 2 607.0350166187023 244.3226789550492
8 3 445.5088338422816 359.9948514928368
8 4 479.2410545345113 407.0313530698989
8 5 33.916339011676534 335.165338370383
8 6 1033.104324356788 128.07713802797932
9 1 946.8363713544254 482.91066214535135
9 2 612.132754273728 246.75950029320853
9 3 444.9423750314888 360.94127822730354
9 4 477.86411891067206 407.5076196212367
9 5 33.25705809054109 335.63953802574343
9 6 1022.3125766408962 130.27326957355683
10 1 944.9641730809034 481.5639600767728
10 2 617.1558759544047 249.1647906755929
10 3 444.5571819663997 361.7627100043437
10 4 476.4871832868329 407.7138647974803
10 5 32.59777716940566 335.69446107748803
10 6 1011.51905228849 132.46940111913435
11 1 943.11049480155 480.12538510429744
11 2 622.1366907883598 251.5385501022024
11 3 444.2831655150325 362.4591468239572
11 4 475.1102476629936 407.6754888087818
11 5 31.938496248270223 335.40383707992544
11 6 1000.576704841824 134.66553266471186
12 1 941.2753365163654 478.5990436728248
12 2 627.0952353685356 253.8807785730369
12 3 444.050236545406 363.0305886861441
12 4 473.7333120391544 407.4178918652929
12 5 31.279215327134786 334.83541030863853
12 6 989.3596062624656 136.86166421028938
13 1 939.4586982253496 476.99068602352366
13 2 632.0405388319532 256.19147608809646
13 3 443.78830592553845 363.4770355909043
13 4 472.3563764153152 406.9664741771658
13 5 30.619934405999352 334.0509397604848
13 6 977.7616417480224 139.0577957558669
13 8 875.7998046999998 200.72619629999988
14 1 937.6605799285024 475.3074916868612
14 2 636.9718412005936 258.4706426473811
14 3 443.42728452344846 363.7984875382379
14 4 470.979440791476 406.3466359545524
14 5 29.960653484863915 333.1061991535957
14 6 965.6952378117496 141.2539273014444
14 8 872.2663573999995 199.9621886999999
15 1 935.880981625824 473.5578635625745
15 2 641.8797649843966 260.7182782508908
15 3 442.8970832071544 363.99494452814486
15 4 469.6025051676368 405.5837774076047
15 5 29.30137256372848 332.0509769273777
15 6 953.0901236250344 143.45005884702192
16 1 934.1199033173144 471.7512305865847
16 2 646.747440046378 262.9343828986256
16 3 442.1276128446748 364.0664065606252
16 4 468.2255695437976 404.7032987464745
16 5 28.642091642593044 330.929076242511
16 6 939.8921256227544 145.64619039259944
17 1 932.3773450029736 469.8978589848537
17 2 651.551581729863 265.11895659058536
17 3 441.04878430402806 364.0128736356789
17 4 466.8486339199584 403.7306001813138
17 5 27.982810721457604 329.7783149809505
17 6 926.0619953715174 147.84232193817695
18 1 930.6533066828016 468.0086721141832
18 2 656.2635222478386 267.27199932677024
18 3 439.5905084532327 363.8343457533059
18 4 465.4716982961192 402.6910819222748
18 6 911.5742707007746 150.03845348375447
19 1 928.9477883567982 466.09507888995626
19 2 660.850195334424 269.39351110718013
19 3 437.6826961603072 363.5308229135064
19 4 464.09476267228 401.6101441795091
19 6 896.4161700968132 152.23458502933198
20 1 927.2607900249636 464.16881080082175
20 2 665.2750741584565 271.48349193181514
20 3 435.25525829327006 363.10230511628015
20 4 462.7178270484408 400.5131871631689
20 6 880.5865203596243 154.43071657490952
21 1 925.5923116872978 462.241767510321
21 2 669.4990624991975 273.54194180067515
21 3 432.2381057201396 362.5487923616273
21 4 461.3408914246016 399.42561108340607
21 6 864.0947175226501 156.626848120487
22 1 923.9423533438006 460.3258710454568
22 2 673.4813391841549 275.5688607137603
22 3 428.5611493089345 361.8702846495478
22 4 459.9639558007624 398.3728161503726
22 6 846.9597210354053 158.82297966606455
23 1 922.3109149944725 458.4329285722057
23 2 677.1801557890233 277.5642486710704
23 3 424.1542999276731 361.0667819800417
23 4 458.5870201769232 397.3802025742205
23 5 24.027125194644988 323.6313315710602
23 6 829.2090812089778 161.01911121164204
24 1 920.6979966393128 456.5745037579717
24 2 680.553587599742 279.52810567260565
24 3 418.9474684443738 360.13828435310893
24 4 457.2100845530839 396.4731705651016
24 5 23.36784427350955 322.834683554426
24 6 810.8779999244064 163.21524275721958
25 1 919.103598278322 454.76179672098345
25 2 683.5602378366709 281.4604317183659
25 3 412.8705657270553 359.0847917687495
25 4 455.8331489292447 395.677120333168
25 5 22.708563352374117 322.0962479826144
25 6 792.0084246039328 165.4113743027971
26 1 917.5277199114996 453.0055325666336
26 2 686.1598951408839 283.3612268083512
26 3 405.8535026437359 357.90630422696347
26 4 454.4562133054055 395.01745208857153
26 5 22.04928243123868 321.3999752290492
26 6 772.648175445135 167.6075058483746
27 1 915.9703615388464 451.3158585107604
27 2 688.3141443225794 285.23049094256163
27 3 397.826190062434 356.60282172775084
27 4 453.0792776815663 394.51956604146426
27 5 21.390001510103243 320.7238303884292
27 6 752.8501059179346 169.80363739395213
28 1 914.4315231603618 449.70224958987234
28 2 689.9869303716096 287.06822412099706
28 4 451.7023420577271 394.208862401998
28 5 20.73072058896781 320.03979327672727
28 6 732.6712965244815 171.99976893952964
29 1 912.911204776046 448.173422958315
29 2 691.1450757301259 288.87442634365755
29 4 450.3254064338879 394.11074138032495
29 5 20.07143966783237 319.31385843119074
29 6 712.1722818219162 174.19590048510716
30 1 911.4094063858988 446.7372607723805
30 2 691.7587508273446 290.6490976105431
30 5 19.41215874669693 318.5060351103414
31 1 909.9261279899204 445.40074166135946
31 2 691.8018978764267 292.3922379216537
31 5 18.752877825561495 317.5703472939752
32 1 908.4613695881108 444.1698807855354
32 2 691.2526079334787 294.1038472769894
32 5 18.09359690442606 316.4548336831626
32 13 913.9943848 445.9389648
33 2 690.0934512186685 295.7839256765501
33 4 444.81766393853104 396.35208767460233
33 5 17.434315983290624 315.1015477002484
34 1 905.587412766998 442.0440774921421
34 2 688.3117606994614 297.43247312033594
34 5 16.775035062155187 313.44655748885185
35 1 904.1782143476946 441.1559287892507
35 2 685.8998689359712 299.0494896083468
36 1 902.78753592256 440.3869659754987
36 2 682.8552981884308 300.6349751405827
37 1 901.4153774915942 439.7377882790402
37 2 679.1809037867804 302.1889297170436
38 1 900.061739054797 439.2078521327824
38 2 674.8849707623717 303.71135333772963
38 20 907.468948375 444.3240301678571
39 1 898.7266206121687 438.79547134097777
39 2 669.9812637417924 305.2022460026408
39 20 906.2961818214286 442.1440146071428
40 1 897.4100221637091 438.4978258327582
40 2 664.4890301028054 306.66160771177687
40 20 905.1234152678572 439.9639990464285
41 1 896.1119437094183 438.31097900261295
41 2 658.4329563924089 308.0894384651381
41 20 903.9506487142856 437.7839834857142
41 22 359.2768555 282.4789734000003
42 1 894.8323852492962 438.2299036378076
42 2 651.8430780070111 309.48573826272434
42 20 902.7778821607142 435.603967925
42 22 347.98260499999986 268.6055908000002
43 1 893.5713467833428 438.2485164327474
43 2 644.7546421347236 310.8505071045356
43 6 427.9641408144895 204.9417421231924
43 20 901.6051156071428 433.4239523642856
44 1 892.3288283115583 438.35972109028063
44 2 637.2079239597754 312.183744990572
44 6 410.2964211130877 207.13787366876988
44 20 900.4323490535713 431.2439368035714
45 2 629.2479961290383 313.48545192083344
45 6 393.2449779811086 209.33400521434743
46 1 889.8993513504953 438.826774563168
46 2 620.9244514806768 314.75562789531995
46 6 376.8430311210377 211.5301367599249
47 1 888.7123928612169 439.1638739553769
47 2 612.2910790349104 315.99427291403146
47 6 361.119028652052 213.7262683055025
48 1 887.5439543661073 439.5562126750958
48 2 603.4054932468978 317.2013869769681
48 6 346.0965061274403 215.92239985107997
49 1 886.3940358651665 439.9925765299528
49 2 594.3287165217341 318.3769700841297
49 6 331.7939788149104 218.1185313966575
50 1 885.2626373583944 440.461177269641
50 2 585.1247149915705 319.52102223551645
50 6 318.2248672397712 220.314662942235
51 1 884.149758845791 440.9497557958217
51 2 575.8598875548474 320.6335434311282
51 6 305.3974559909865 222.5107944878125
52 1 883.0554003273564 441.44569395896906
52 2 566.6025081776494 321.71453367096507
52 6 293.31488579011227 224.70692603339003
53 1 881.9795618030906 441.936134942158
53 2 557.4221214571727 322.76399295502694
53 6 281.9751788231056 226.90305757896755
54 1 880.9222432729935 442.4081122317936
54 2 548.3888914473188 323.78192128331386
54 6 271.3712973350181 229.09918912454503
55 1 879.8834447370651 442.8486871752836
55 2 539.5729037463921 324.7683186558259
55 24 495.4361877166665 147.3494058666667
55 25 145.2915344 291.97979740000017
56 1 878.8631661953056 443.2450951256548
56 2 531.0434208469313 325.72318507256296
56 24 490.1392211666666 147.65351356666667
56 25 145.436264 283.4220581000001
57 1 877.8614076477147 443.5849001731092
57 2 522.8680907476447 326.64652053352506
57 6 243.83049093015188 235.6875837612776
57 24 484.8422546166667 147.95762126666668
58 1 876.8781690942926 443.8561584635247
58 2 515.1121088274731 327.5383250387123
58 6 236.00224852528368 237.88371530685512
59 1 875.9134505350393 444.0475901038975
59 2 507.8373329817634 328.3985985881245
59 6 228.80312292645 240.07984685243264
60 1 874.9672519699546 444.14875965472817
60 2 501.1013520205631 329.2273411817618
60 6 222.19880994282937 242.27597839801015
61 1 874.0395733990388 444.15026520934776
61 2 494.9565073290351 330.02455281962415
61 6 216.1512869660669 244.47210994358767
62 1 873.1304148222918 444.0439360601895
62 2 489.4488677899844 330.79023350171155
62 6 210.61913766798625 246.6682414891652
63 1 872.2397762397134 443.82303895200073
63 2 484.6171579685042 331.524383228024
63 6 205.5579099611604 248.8643730347427
64 1 871.3676576513037 443.4824929219991
64 2 480.4916395587437 332.2270019985616
64 6 200.92050722238943 251.06050458032024
64 28 280.8832580799998 297.1790161199999
65 1 870.5140590570629 443.0190927269681
65 2 477.09294609278817 332.8980898133242
65 6 196.65761277901527 253.25663612589773
65 28 278.2080475099998 296.9379485999999
66 1 869.6789804569909 442.4317408573012
66 2 474.430870911664 333.5376466723118
66 28 275.5328369399998 296.6968810799999
67 1 868.8624218510874 441.7216881379805
67 2 472.5031083984442 334.1456725755245
67 28 272.8576263699999 296.4558135599999
68 1 868.0643832393529 440.8927829165049
68 28 270.1824157999999 296.21474604
69 1 867.284864621787 439.9517288377573
69 2 470.7729243518447 335.2671315146251
69 6 182.31364809231752 262.0411623082078
70 1 866.52386599839 438.9083512058149
70 2 470.8934135626081 335.78056455051296
70 6 179.13974847154634 264.23729385378533
71 1 865.7813873691616 437.7758719327023
71 2 471.5911922306168 336.2624666306259
71 6 176.02579842921125 266.4334253993628
72 1 865.057428734102 436.5711930740847
72 2 472.7829426201127 336.7128377549639
72 6 172.9216206456133 268.6295569449404
73 1 864.3519900932112 435.3151889519124
73 2 474.3647139405697 337.1316779235269
73 6 169.77941110587517 270.82568849051785
74 1 863.665071446489 434.0330068639911
74 2 476.2103364146264 337.51898713631505
74 6 166.55446295216473 273.0218200360954
75 1 862.9966727939357 432.7543763805167
75 2 478.1697886081783 337.87476539332823
75 6 163.20592359881562 275.21795158167293
75 32 907.8839830963988 422.45790320000015
76 2 480.0675180225044 338.1990126945664
76 6 159.69758511028022 277.4140831272504
76 32 868.6745252549736 424.6975690600002
77 2 481.7007149486159 338.4917290400297
77 6 155.99870784201846 279.610214672828
77 32 841.1027605456911 426.93723492000015
78 2 482.8375395836198 338.7529144297181
78 6 152.0848773442326 281.80634621840545
78 32 825.1686889685516 429.17690078000015
79 1 860.5082781254098 428.44838333685294
79 2 483.21530240928047 338.98256886363146
79 6 147.93889452847145 284.002477763983
79 32 820.8723105235549 431.41656664000016
80 1 859.9324794437002 427.8165666733257
80 2 482.5385978326532 339.18069234176994
80 6 143.55169909712913 286.1986093095605
80 32 828.2136252106939 433.6562325000001
81 1 859.3752007561594 427.4813093155209
81 2 480.4773910888591 339.3472848641334
81 6 138.9233262357992 288.394740855138
82 1 858.8364420627872 427.5137983461385
82 2 476.6650584059519 339.482346430722
82 6 134.0638965685639 290.5908724007155
83 1 858.316203363584 427.9925866223802
83 2 470.6963804319388 339.58587704153564
83 6 128.99463937604946 292.78700394629305
84 1 857.8144846585493 429.0039793549495
84 2 462.1254889238938 339.6578766965743
84 6 123.7489490765222 294.98313549187054
85 1 857.3312859476835 430.6424292740052
85 2 450.4637666991789 339.69834539583803
85 6 118.37347496963277 297.1792670374481
86 1 856.8666072309865 433.0109403820504
86 2 435.17770084880095 339.7072831393269
86 6 112.92924424333684 299.3753985830256
86 34 813.6356201 426.9085693
