1 1 715.2756271783952 422.72182818292
1 2 455.3062694099209 420.0675974253609
1 3 393.2305555419086 238.7955222036325
1 4 350.5903625488281 142.55331420898438
1 5 495.1578067226082 230.69055183197463
1 6 438.0621046305669 101.75701661824216
2 1 718.5527283344528 424.980955859247
2 2 456.4903390151384 424.4630586918393
2 3 392.0772758036601 239.23300473296015
2 5 498.1972039472202 232.63859353026265
2 6 438.4635725037016 101.83824624419408
3 1 721.4621368303822 427.14039785559066
3 2 457.6775004394833 428.8585199583175
3 3 392.0651678350525 239.33622465604245
3 5 501.23660117183226 234.6839483559568
3 6 438.8034324224415 101.90238412593465
3 7 457.1367187499998 437.15753173828097
4 1 724.0741872803022 429.3034091630965
4 2 458.8791881482538 433.25398122479584
4 3 392.53680720555855 239.2045411888934
4 5 504.27599839644427 236.8163801442342
4 6 439.0816843867864 101.94943026346378
4 7 458.0538330078123 438.4774475097653
4 9 352.2607421875 154.48031616210938
5 1 726.4592142983321 431.5312923692778
5 2 460.10683660674806 437.64944249127416
5 3 393.01828497443 238.9373135475269
5 5 507.31539562105627 239.0256527302721
5 6 439.2983283967365 101.97938465678152
6 1 728.6875524985908 433.854850982153
6 2 461.3718802802642 442.0449037577525
6 3 393.21920769069743 238.6339009479572
6 5 510.3547928456682 241.30152994924765
6 6 439.4533644522916 101.99224730588791
7 1 730.8295364951971 436.2846023473533
7 2 462.6857536341005 446.44036502423074
7 3 393.0326973931704 238.39366260619803
7 5 513.3941900702803 243.633775636338
7 6 439.546792553452 101.98801821078288
7 14 461.4693847656248 443.0078835227281
8 1 732.9555009022703 438.8197501582017
8 2 464.05989113355497 450.83582629070906
8 3 392.5353916104372 238.3159577382636
8 5 516.4335872948923 246.0121536267204
8 6 439.5786127002173 101.96669737146648
8 14 463.4444112141925 444.12860606800496
8 16 363.418083283636 167.45454843823364
8 17 340.21894999292374 111.5893492544852
9 1 735.1357803339292 441.4559165587624
9 2 465.5057272439259 455.2312875571874
9 3 391.98744336086526 238.5001455601678
9 5 519.4729845195044 248.42642775557195
9 6 439.5488248925879 101.92828478793868
9 14 465.4194376627602 446.1886111172769
9 16 358.0115481790212 178.49402606661045
9 17 341.70589637723464 113.66673158214948
9 18 517.9207763671876 248.5960693359376
10 1 737.4407094042929 444.19163383986034
10 2 467.03469643051136 459.6267488236657
10 3 391.8325211526007 239.04558528792467
10 5 522.5123817441164 250.8663618580699
10 6 439.4574291305635 101.87278046019948
10 14 467.3944641113279 449.1878986705438
10 17 343.06025197280434 115.74411390981376
10 18 520.1960449218751 249.83865356445324
11 1 739.9406227274802 447.0335957280732
11 2 468.6582331586096 464.022210090144
11 3 392.69780898356856 240.05163613754823
11 5 525.5517789687284 253.3217197693913
11 6 439.30442541414425 101.8001843882489
11 14 469.36949055989567 453.1264687278057
11 16 349.30679294023776 199.7090736694788
11 17 344.31068642230946 117.82149623747806
12 1 742.7058549176104 450.0006682676921
12 2 470.3877718935187 468.4176713566223
12 3 395.39400634147296 241.61765732505253
12 5 528.5911761933404 255.78226532471348
12 6 439.0898137433301 101.71049657208692
12 14 471.3445170084634 458.0043212890627
12 16 346.00857280606914 209.88464364397043
12 17 345.4839168745464 119.89887856514234
13 1 745.8067405888023 453.12666029565423
13 2 472.2347471005369 472.8131326231006
13 3 400.9153282037966 243.8430080664515
13 5 531.6305734179524 258.2377623592135
13 6 438.8135941181211 101.60371701171356
13 14 473.3195434570312 463.8214563543148
13 16 343.41312432871587 219.77224440050023
13 17 346.60470798443123 121.97626089280662
14 1 749.313614355175 456.4618535094465
14 2 474.2105932449624 477.2085938895789
14 3 410.43950503780144 246.82704757775917
14 5 534.6699706425644 260.67797470806863
14 6 438.4757665385172 101.4798457071288
14 14 475.2945699055989 470.5778739235618
14 16 341.52044750817805 229.3718759390684
14 17 347.695871913 124.0536432204709
15 1 753.2968108308474 460.07329212797856
15 2 476.3267447920932 481.60405515605726
15 3 425.327782800528 250.66913507498955
15 5 537.7093678671764 263.092666206456
15 6 438.07633100451847 101.33888265833264
15 14 477.2695963541666 478.2735739968039
15 16 340.3305423444556 238.6835382596748
15 17 348.7782683274087 126.13102554813518
16 1 757.8266646299386 464.043832145428
16 2 478.5946362072276 485.9995164225355
16 5 540.7487650917884 265.4716006895527
16 6 437.6152875161248 101.18082786532511
16 14 479.2446228027344 486.908556574041
16 16 339.8434088375485 247.70723136231948
16 17 349.87080440093274 128.20840787579948
16 22 437.5605214436849 293.264902750651
17 1 762.9735103665676 468.4699501780556
17 2 481.02570195566375 490.3949776890138
17 5 543.7881623164005 267.8045419925361
17 6 437.0926360733362 101.00568132810618
17 16 340.05904698745684 256.4429552470024
17 17 350.9904348129678 130.28579020346376
17 22 440.075673421224 296.0640665690104
18 1 768.8076826548532 473.4583119039911
18 2 483.6313765026998 494.79043895549216
18 5 546.8275595410125 270.0812539505832
18 6 436.5083766761528 100.81344304667589
18 16 340.9774567941805 264.8907099137236
18 17 352.15216174902906 132.36317253112804
18 22 442.5908253987631 298.8632303873697
19 1 775.3995161089147 479.1211000959904
19 2 486.423094313634 499.1859002219704
19 5 549.8669567656245 272.2915003988712
19 6 435.8625093245745 100.60411302103417
19 16 342.59863825771964 273.05049536248305
19 17 353.36903490075167 134.44055485879232
19 24 487.4470214843752 507.0055084228515
20 1 782.8193453428709 485.5701022471632
20 2 489.4122898537643 503.5813614884488
20 5 552.9063539902365 274.4250451725774
20 6 435.1550340186013 100.37769125118103
20 16 344.9225913780741 280.9223115932808
20 17 354.65215146589065 136.5179371864566
20 24 491.4038696289064 510.2787170410156
21 1 791.1375049708408 492.9095577896708
21 2 492.61039758838905 507.9768227549271
21 5 555.9457512148485 276.4716521068789
21 6 434.3859507582332 100.13417773711656
21 16 347.949316155244 288.5061586061168
21 17 356.01065614832066 138.5953195141209
21 24 495.3607177734376 513.5519256591796
21 29 498.2310303805172 330.0014998229625
22 1 800.4243296069435 501.22776490639546
22 5 558.9851484394605 278.42108503695283
22 6 433.5552595434703 99.87357247884069
22 16 351.6788125892292 295.8020364009911
22 17 357.4517411580363 140.67270184178517
22 29 517.9180104794028 337.4321758216463
23 1 810.750153865298 510.5874469355807
23 2 499.6790875023144 516.7677452878837
23 5 562.0245456640725 280.26310779797643
23 6 432.6629603743124 99.5958754763534
23 16 356.1110806800299 302.8099449779036
23 17 358.9806462111521 142.75008416944945
23 29 537.1592914199438 345.64021405724293
24 1 822.1853123600232 521.0148783684406
24 2 503.57253861221136 521.163206554362
24 5 565.0639428886846 281.9874842251269
24 6 431.7090532507597 99.30108672965474
24 16 361.246120427646 309.5298843368545
24 17 360.60065852990215 144.82746649711373
24 29 555.9548732021401 354.5360837765156
25 1 834.8001397052382 532.487770439742
25 2 507.7206397777953 525.5586678208404
25 5 568.1033401132966 283.58397815358126
25 6 430.6935381728121 98.98920623874469
25 16 367.0839318320774 315.9618544778436
25 17 362.3131128426405 146.904848824778
25 29 574.3047558259916 364.0302542262283
26 1 848.6649705150619 544.921916311357
26 2 512.1348254643646 529.9541290873186
26 5 571.1427373379087 285.0423534185169
26 6 429.6164151404696 98.66023400362324
26 16 373.6245148933242 322.1058554008709
26 17 364.1173913838412 148.9822311524423
26 29 592.2089392914985 374.0331946531444
27 1 863.8501394036133 558.1565958487837
27 2 516.8265301372171 534.3495903537969
27 5 574.1821345625207 286.35237385511084
27 6 428.4776841537322 98.3141700242904
27 16 380.8678696113864 327.9618871059365
27 17 366.0109238940977 151.05961348010658
27 29 609.6674235986607 384.4553743040274
28 1 880.4259809850115 571.9387399906423
28 2 521.8071882616514 538.7450516202753
28 5 577.2215317871327 287.50380329854033
28 6 427.2773452125999 97.95101430074618
28 16 388.813995986264 333.52994959304044
28 17 367.9891876201237 153.1369958077709
28 29 626.680208747478 395.2072624256412
29 1 898.4628298733754 585.9058547111376
29 2 527.0882343029652 543.1405128867535
29 5 580.2609290117447 288.48640558398256
29 6 426.0153983170728 97.57076683299056
29 16 397.46289401795696 338.81004286218257
29 17 370.04570731475246 155.21437813543517
29 29 643.2472947379507 406.1993282647493
29 37 325.0131872218626 481.52090637634
29 38 590.6926879882812 286.6672668457031
30 1 918.0310206828242 599.567704575494
30 2 532.681102726457 547.5359741532318
30 6 424.6918434671508 97.17342762102356
30 16 406.8145637064654 343.8021669133629
30 17 372.1720552369373 157.29176046309945
30 29 659.3686815700787 417.3420410681151
30 37 321.7503428781929 486.2127585102071
31 1 939.2008880274766 612.2867558883624
31 2 538.5972279974249 551.9314354197102
31 5 586.3397234609687 289.9041840216138
31 6 423.30668066283386 96.75899666484516
31 16 416.86900505178914 348.5063217465817
31 17 374.3578511517509 159.36914279076373
31 29 675.044369243862 428.54587008250246
31 37 316.67284242140886 488.93969305433984
31 39 1089.475728352864 587.0075225830075
32 1 962.0427665214518 623.2573794351952
32 2 544.8480445811668 556.3268966861884
32 5 589.3791206855807 290.3188878441572
32 6 421.8599099041221 96.32747396445536
32 16 427.6262180539283 352.92250736183865
32 17 376.5907623303863 161.446525118428
32 29 690.2743577593005 439.721284554675
32 37 314.89070278774307 490.1091653463705
32 39 1081.2949451264876 568.4135458809986
33 1 986.6269907788688 631.4838128165945
33 2 551.4449869429812 560.7223579526668
33 5 592.4185179101928 290.523819849422
33 6 420.3515311910154 95.8788595198542
33 16 439.0862027128829 357.0507237591339
33 17 378.856503550156 163.5239074460923
33 29 705.0586471163945 450.7787537313962
33 37 319.30973307287786 490.1286307239284
33 39 1072.384373256138 549.8195691789898
34 1 1013.0238954138464 635.7568823756301
34 2 558.3994895481662 565.1178192191451
34 5 595.4579151348048 290.5087438725854
34 6 418.7815445235138 95.4131533310416
34 16 451.2489590286528 360.8909709384674
34 17 381.1388370944925 165.60128977375658
34 29 719.3972373151436 461.62874685942967
34 37 330.6315345319308 489.40554452464585
34 39 1062.7440127418151 531.225592476981
35 2 565.7229868620199 569.5132804856235
35 5 598.4973123594168 290.2634237488245
35 6 417.1499499016174 94.93035539801764
35 16 464.11448700123816 364.4432488998392
35 17 383.4195727529482 167.67867210142086
35 29 733.290128355548 472.1817331855391
35 37 347.35350057958567 488.3473620861532
35 39 1052.3738635835189 512.6316157749721
36 2 573.4269133498404 573.9087417521017
36 5 601.5367095840288 289.77762331331667
36 6 415.456747325326 94.4304657207823
36 16 477.6827866306389 367.7075576432492
36 17 385.67856782119503 169.75605442908517
36 29 746.7373202376077 482.348181956488
36 37 365.7688167900633 487.3615387460818
36 39 1041.2739257812495 494.0376390729632
37 2 581.522703476926 578.30420301858
37 5 604.5761068086408 289.0411064012389
37 6 413.70193679463983 93.91348429933556
37 16 491.9538579168549 370.6838971686975
37 17 387.89372710102487 171.83343675674945
37 29 759.7388129613228 492.0385624190401
37 37 379.9664608971216 486.8555298420642
37 39 1029.444199335007 475.4436623709544
38 2 590.0217917085749 582.6996642850584
38 5 607.6155040332528 288.0436368477684
38 6 411.88551830955873 93.37941113367742
38 16 506.9277008598864 373.3722674761841
38 17 390.04100290034967 173.91081908441373
38 29 772.2946065266929 501.163343819959
38 37 381.8312027939246 487.2367907117277
38 39 1016.8846842447912 456.8496856689456
