1 1 91.16523713256576 38.094379962749606
1 2 147.86762215779115 39.19748966282815
1 3 112.35214633947186 42.0261314140696
2 1 91.02847444241424 38.119027526908766
2 2 147.3390385942652 39.26028271452208
2 3 112.65141788822416 42.24105656824042
3 1 90.888295951475 38.14215371616329
3 2 146.81972264646814 39.32217059911911
3 3 112.81054923984586 42.45175556232642
4 1 90.74647186604308 38.16378687796295
4 2 146.30967431439993 39.38315331661924
4 3 112.83081574529756 42.65822839632759
5 1 90.60462461663458 38.18395535975751
5 2 145.80889359806062 39.44323086702244
5 3 112.71537783446593 42.86047507024393
6 1 90.4642347645276 38.20268750899671
6 2 145.3173804974502 39.50240325032875
6 3 112.4690699534943 43.05849558407544
7 1 90.32664680783763 38.22001167313034
7 2 144.83513501256863 39.56067046653815
7 3 112.09819756713767 43.25228993782211
8 1 90.19307488712872 38.23595619960817
8 2 144.36215714341597 39.61803251565063
8 3 111.6103422261424 43.44185813148397
9 1 90.06460839055887 38.250549435879954
9 2 143.89844688999216 39.67448939766622
9 3 111.01417469965035 43.62720016506098
10 1 89.94221745856109 38.26381972939545
10 2 143.44400425229725 39.73004111258489
10 3 110.3192761726277 43.80831603855317
11 1 89.8267583880591 38.27579542760444
11 2 142.99882923033124 39.78468766040666
11 3 109.53596750831808 43.985205751960535
12 1 89.71897893621819 38.286504877956666
12 2 142.56292182409408 39.83842904113152
12 3 108.6751465757206 44.15786930528307
13 1 89.61952352373109 38.29597642790191
13 2 142.1362820335858 39.89126525475947
13 3 107.74813364209211 44.32630669852077
14 1 89.5289383376388 38.304238424889945
14 2 141.7189098588064 39.94319630129051
14 3 106.7665248304742 44.49051793167365
15 1 89.44767633368652 38.311319216370514
15 2 141.31080529975588 39.99422218072465
15 3 105.7420536422447 44.65050300474169
16 1 89.37610213821448 38.3172471497934
16 2 140.91196835643424 40.04434289306188
16 3 104.68646054469367 44.806261917724896
17 1 89.31449684958396 38.322050572608354
17 2 140.5223990288415 40.0935584383022
17 3 103.61137062362418 44.95779467062328
18 1 89.26306273913815 38.325757832265154
18 2 140.14209731697764 40.14186881644561
18 3 102.5281793009772 45.10510126343684
19 1 89.22192785169813 38.32839727621356
19 2 139.77106322084262 40.18927402749212
19 3 101.4479461174815 45.24818169616556
20 1 89.19115050559387 38.32999725190333
20 2 139.4092967404365 40.23577407144172
20 3 100.38129658032788 45.38703596880946
21 1 89.17072369223018 38.33058610678423
21 2 139.0567978757593 40.28136894829441
21 3 99.33833207586795 45.52166408136852
22 1 89.16057937518777 38.33019218830604
22 2 138.71356662681092 40.32605865805019
22 3 98.32854784733752 45.65206603384276
23 1 89.16059268885917 38.32884384391851
23 2 138.37960299359145 40.36984320070906
23 3 97.36075903760454 45.77824182623216
23 21 181.6207424675748 38.57580108685658
24 1 89.17058603661995 38.32656942107142
24 2 138.05490697610085 40.41272257627103
24 3 96.44303479694145 45.90019145853674
24 21 180.68072429178085 38.555067851380535
24 22 48.72882016499831 51.03260389963786
25 1 89.1903330885346 38.32339726721452
25 2 137.73947857433913 40.45469678473609
25 3 95.58264045582234 46.01791493075649
25 21 179.7407061159869 38.5381394115542
25 22 44.72757144201364 51.928311257135306
26 1 89.21956267859775 38.31935572979757
26 2 137.43331778830628 40.49576582610425
26 3 94.78598776274453 46.13141224289141
26 21 178.80068794019297 38.52501576737758
26 22 40.72632271902896 52.82401861463275
27 1 89.25796260151017 38.31447315627036
27 2 137.13642461800234 40.53592970037549
27 3 94.05859318707458 46.2406833949415
27 21 177.86066976439903 38.515696918850665
27 22 36.72507399604429 53.71972597213019
28 1 89.30518330898995 38.30877789408263
28 2 136.84879906342726 40.575188407549824
28 3 93.40504428691904 46.34572838690676
28 21 176.9206515886051 38.51018286597347
28 22 32.72382527305962 54.61543332962764
28 26 323.17398426382647 50.30970710866591
29 1 89.36084150561861 38.30229829068416
29 2 136.57044112458107 40.613541947627255
29 3 92.82897414201976 46.44654721878718
29 21 175.98063341281116 38.50847360874598
29 22 28.722576550074933 55.51114068712508
29 26 322.99153196258067 50.12124899134916
30 1 89.42452364422222 38.29506269352471
30 2 136.30135080146374 40.650990320607775
30 3 92.33304385167348 46.54313989058278
30 21 175.04061523701722 38.510569147168205
30 22 24.721327827090263 56.40684804462252
30 26 322.70826910492167 49.93279087403241
31 1 89.49578932078762 38.28709945005404
31 2 136.04152809407532 40.68753352649139
31 3 91.91893309767636 46.63550640229355
31 21 174.10059706122328 38.51646948124014
31 22 20.72007910410558 57.30255540211997
31 26 322.34533997182484 49.74433275671566
32 1 89.5741745689136 38.27843690772193
32 2 135.79097300241574 40.7231715652781
32 3 91.5873387722928 46.723646753919496
32 21 173.16057888542937 38.52617461096178
32 26 321.92388884426555 49.55587463939891
33 1 89.65919505379706 38.26910341397813
33 2 135.54968552648506 40.7579044369679
33 3 91.33798167124884 46.80756094546061
33 21 172.2205607096354 38.53968453633314
33 26 321.46506000321915 49.36741652208215
34 1 89.75034916575426 38.25912731627241
34 2 135.31766566628326 40.79173214156079
34 3 91.16962125175024 46.88724897691689
34 21 171.28054253384147 38.55699925735421
34 26 320.9899977296609 49.1789584047654
35 1 89.84712101327708 38.24853696205454
35 2 135.09491342181036 40.82465467905677
35 3 91.08007845552488 46.96271084828834
35 21 170.34052435804756 38.578118774024986
35 26 320.5198463045662 48.990500287448654
36 1 89.94898331562423 38.23736069877428
36 2 134.8814287930663 40.85667204945585
36 3 91.06626659689012 47.03394655957496
36 21 169.4005061822536 38.60304308634548
36 26 320.07575000891035 48.8020421701319
37 1 90.05540019494757 38.22562687388139
37 2 134.67721178005115 40.88778425275802
37 3 91.12423031584416 47.10095611077675
37 21 168.46048800645968 38.63177219431568
37 26 319.6788531236687 48.61358405281515
37 28 15.011088030678875 55.83850697108674
37 29 47.53611551012318 59.844215938023154
38 1 90.16582986795336 38.21336383482564
38 2 134.48226238276487 40.91799128896328
38 3 91.24919259618244 47.16373950189372
38 21 167.52046983066575 38.6643060979356
38 26 319.3502999298165 48.42512593549839
38 28 16.79575089045933 56.80292837960377
38 29 56.21503693716869 60.10246549333844
39 1 90.2797272370986 38.2005999290568
39 2 134.29658060120747 40.94729315807163
39 3 91.43560984863834 47.22229673292585
39 21 166.5804516548718 38.700644797205214
39 26 319.1112347083293 48.23666781818165
39 28 18.58041375023977 57.76734978812078
39 29 64.89395836421426 60.36071504865373
40 1 90.39654638132237 38.18736350402463
40 2 134.12016643537896 40.97568986008308
40 3 91.67723505904844 47.276627803873154
40 21 165.64043347907787 38.74078829212455
40 26 318.98280174018214 48.04820970086489
40 28 20.365076610020225 58.73177119663781
40 29 73.57287979125977 60.61896460396902
41 1 90.5157429463121 38.17368290717889
41 2 133.9530198852793 41.00318139499762
41 3 91.96718900154248 47.32673271473563
41 21 164.70041530328393 38.7847365826936
41 26 318.98614530635064 47.85975158354814
41 28 22.149739469800664 59.69619260515484
41 29 82.25180121830533 60.87721415928431
42 1 90.63677643430503 38.15958648596936
42 2 133.79514095090855 41.02976776281525
42 3 92.2980395167577 47.37261146551327
42 21 163.76039712749 38.83248966891236
42 26 319.14240968781 47.67129346623139
42 28 23.934402329581104 60.66061401367185
42 29 90.9307226453509 61.1354637145996
43 1 90.75911239342456 38.1451025878458
43 2 133.64652963226666 41.05544896353597
43 3 92.66188885507782 47.41426405620609
43 21 162.82037895169606 38.88404755078083
43 26 319.4727391655355 47.48283534891464
43 28 25.71906518936156 61.62503542218887
43 29 99.6096440723964 61.39371326991489
44 1 90.88222450655162 38.130259560257954
44 3 93.0504690848966 47.45169048681407
45 1 91.00559657973103 38.115085750655616
45 2 133.37710984216957 41.104095863686695
45 3 93.45524556590594 47.48489075733723
45 30 44.51637876601447 52.98692757742761
45 32 181.61161363374777 38.22996125446464
46 1 91.12872443011314 38.09960950648853
46 2 133.2563013707143 41.12706156311669
46 3 93.8675284874083 47.51386486777556
46 30 40.59146585010348 53.70176849365245
46 32 180.9964928227728 38.30380719126765
47 1 91.25111767343002 38.08385917520648
47 2 133.14476051498795 41.14912209544978
47 3 94.27859247165412 47.53861281812906
47 30 36.66655293419251 54.538251386370064
47 32 180.27294632277332 38.37411040104192
47 35 325.15082785722257 50.39128093603699
48 1 91.3723014110071 38.06786310425922
48 2 133.04248727499046 41.17027746068597
48 3 94.67980424220347 47.55913460839773
48 30 32.741640018281515 55.49637625558043
48 32 179.437572491428 38.44087088378743
48 35 324.79173302624486 50.08665624634773
49 1 91.49181781630963 38.05164964109651
49 2 132.94948165072185 41.190527658825246
49 3 95.0627583573124 47.57543023858156
49 30 28.81672710237052 56.57614310128356
49 32 178.49783262543133 38.50408863950419
49 35 324.42067579168554 49.84388813211774
50 1 91.60922762102416 38.03524713316813
50 2 132.86574364218214 41.209872689867616
50 3 95.41942100834328 47.587499708680575
50 30 24.891814186459527 57.77755192347944
50 32 177.4695713370893 38.5637636681922
50 35 324.0376561535446 49.64802790936642
51 1 91.72411150067506 38.018683927923824
51 2 132.79127324937127 41.22831255381308
51 3 95.74228188320107 47.59534301869475
51 32 176.37474017154454 38.619895969851456
51 35 323.64267411182215 49.48550265534686
52 1 91.83607135977604 38.00198837281338
52 2 132.72607047228934 41.24584725066163
52 3 96.0245140947928 47.5989601686241
52 32 175.23932446553954 38.67248554448196
52 35 323.2357296665181 49.3441152085444
53 1 91.94473151651675 37.98518881528654
53 2 132.67013531093625 41.26247678041328
53 3 96.26014217451156 47.598351158468624
53 32 174.0914734469079 38.7215323920837
53 35 322.8168228176325 49.21304416867713
54 1 92.04973978698436 37.96831360279309
54 2 132.62346776531203 41.27820114306802
54 3 96.44421813074644 47.59351598822831
54 32 172.9598335752471 38.7670365126567
54 35 322.38595356516527 49.08284389669677
55 1 92.1507684689201 37.951391082782784
55 2 132.5860678354167 41.29302033862585
55 3 96.57300557241578 47.58445465790317
55 32 171.87208512365032 38.80899790620095
55 35 321.9431219091165 48.945444514786345
55 38 16.652184776175204 55.60248379813646
56 1 92.24751522501091 37.93444960270539
56 2 132.55793552125027 41.306934367086775
56 3 96.64417189752491 47.57116716749321
56 32 170.85368200161977 38.84741657271644
56 35 321.4883278494861 48.79415190636405
56 38 18.19355264164085 56.45075985910728
56 40 53.675344667527725 61.36422817523665
57 1 92.33970386571607 37.91751751001068
57 2 132.5390708228127 41.31994322845079
57 3 96.65698854674946 47.55365351699841
57 32 169.92679481870073 38.88229251220318
57 35 321.0215713862742 48.62364771607861
57 38 19.73491807853964 57.28849819614357
57 40 61.9015334909227 61.23383537879359
58 1 92.42708503162883 37.9006231521484
58 2 132.529473740104 41.3320469227179
58 3 96.61253932204228 47.53191370641878
58 32 169.10945718960647 38.913625724661166
58 35 320.5428525194807 48.4299893498129
58 38 21.29391903857584 58.123513679109806
58 40 70.31739711259524 61.103442582350525
59 1 92.50943677537306 37.88379487656832
59 2 132.52914427312422 41.3432454498881
59 3 96.51393677026525 47.505947735754326
59 32 168.41491528018923 38.9414162100904
59 35 320.0521712491056 48.21060997468226
59 38 22.88819347345429 58.96362117787061
59 40 78.86354239751495 60.97304978590746
60 1 92.58656504303497 37.86706103072023
60 2 132.5380824218733 41.35353880996139
60 3 96.36654663184602 47.47575560500504
60 32 167.85118059435808 38.96566396849088
60 35 319.5495275751489 47.964318519034805
60 38 24.53537933487894 59.81663556229074
60 40 87.48057621064845 60.84265698946441
61 1 92.65830405512972 37.850449962053865
61 2 132.55628818635125 41.36292700293778
61 3 96.17822035445832 47.44133731417092
61 32 167.42078600242166 38.986368999862606
61 38 26.253114574554388 60.6903717022347
61 40 96.10910541696376 60.71226419302135
62 1 92.72451658710337 37.833990018019
62 2 132.58376156655808 41.37141002881726
62 3 95.9595356717274 47.40269286325197
62 32 167.1207450100046 39.00353130420559
62 38 28.0590371441848 61.59264446756714
62 40 104.68973688143092 60.58187139657829
63 1 92.78509414936924 37.81770954606541
63 2 132.62050256249378 41.37898788759984
63 3 95.72404524696115 47.3598222522482
63 32 166.94271426862542 39.01715088151981
63 35 317.96982213178944 47.07269737096465
63 38 29.97078499547501 62.531268728152725
63 40 113.16307746901884 60.45147860013523
64 1 92.83995706687998 37.80163689364285
64 2 132.6665111741584 41.38566057928549
64 3 95.48853338190364 47.3127254811596
64 32 166.8733593266843 39.02722773180528
64 35 317.41932884350643 46.73436210138732
64 38 32.00599608012885 63.51405935385594
64 40 121.46973404469576 60.32108580369217
65 1 92.88905445823424 37.78580040820109
65 2 132.72178740155186 41.39142810387425
65 3 95.273280790514 47.26140254998616
65 32 166.89492362207784 39.033761855062
65 35 316.8568731516419 46.383795811526056
65 38 34.182308349851496 64.54883121454145
65 40 129.5503134734306 60.19069300724911
66 1 92.93236411431836 37.77022843718988
66 2 132.78633124467422 41.3962904613661
66 3 95.1023374377706 47.20585345872789
66 32 166.98600071554574 39.036753251289966
66 35 316.2824550561957 46.0280619971262
66 38 36.51735975634631 65.64339918007369
66 40 137.34542262019 60.06030021080605
67 1 92.9698922764834 37.754949328059
67 2 132.86014270352544 41.40024765176104
67 3 95.00380344350012 47.1460782073848
67 32 167.12250976521318 39.03620192048918
67 35 315.696074557168 45.67559991516589
67 38 39.028788251318815 66.80557812031759
67 40 144.7956683499433 59.929907414362994
68 1 93.00167331425664 37.739991428258215
68 2 132.94322177810554 41.403299675059074
68 3 95.01011805122852 47.08207679595688
68 32 167.27887424219443 39.03210786265964
68 38 41.73423178647238 68.04318290513737
68 40 151.84165752766123 59.79951461791993
69 1 93.02776930258877 37.72538308523728
69 2 133.03556846841454 41.4054465312602
69 3 95.15835666205976 47.01384922444413
69 32 167.42940388717034 39.024471077801344
69 38 44.65132831351218 69.36402840439791
69 40 158.4239970183105 59.66912182147688
70 1 93.04826949863543 37.71115264644597
70 2 133.1371827744524 41.406688220364416
70 3 95.49053593357708 46.94139549284655
70 32 167.54987990799964 39.0132915659143
70 38 47.79771578414227 70.7759294879636
70 40 164.4832936868604 59.53872902503382
71 1 93.0632897180744 37.69732845933405
71 2 133.24806469621916 41.407024742371725
71 3 96.05392694377008 46.864715601164136
71 32 167.61934341884262 38.9985693269985
71 38 51.19103215006726 72.2867010256993
71 40 169.96015439827875 59.40833622859076
72 1 93.07297161095714 37.68393887135128
72 2 133.3682142337148 41.40645609728213
72 3 96.901376419984 46.78380954939689
72 32 167.6220871196656 38.98030436105395
72 38 54.848915362990965 73.90415788746964
72 40 174.7951860175342 59.277943432147694
73 1 93.07748183709604 37.67101222994743
73 2 133.4976313869393 41.40498228509562
73 3 98.09163603289758 46.69867733754482
73 32 167.54985021709035 38.95849666808065
73 38 58.789003374618574 75.63611494313898
73 40 178.92899540959593 59.14755063570464
74 1 93.07701114098607 37.65857688257226
74 38 63.028934136654016 77.49038706257193
74 40 182.30218943943305 59.01715783926158
75 1 93.07177332626205 37.646661176675536
75 38 67.58634560080168 79.47478911563331
75 40 184.85537497201403 58.88676504281853
76 1 93.06200412969012 37.63529345970702
76 32 166.9641296487098 38.87181722698823
76 38 72.47887571876595 81.59713597218752
76 40 186.5291588723053 58.75637224637546
77 1 93.04795999469528 37.62450207911649
77 32 166.74649626829523 38.83583862589991
77 38 77.72416244225167 83.86524250209919
77 40 187.26414800527755 58.6259794499324
78 1 93.029916744423 37.614315382353695
78 32 166.61532502678892 38.79631729778284
78 38 83.33984372296277 86.28692357523306
78 40 187.0009492358984 58.49558665348934
79 1 93.0081681543364 37.60476171686841
79 32 166.6645090104903 38.75325324263703
79 38 89.34355751260352 88.86999406145355
79 40 185.68016942913823 58.365193857046286
80 1 92.98302442434824 37.5958694301104
80 32 167.01644300822954 38.70664646046246
80 38 95.752941762879 91.62226883062544
80 40 183.24241544996403 58.234801060603225
81 1 92.95481055048788 37.58766686952942
81 40 179.62829416334398 58.10440826416016
82 1 92.92386459610368 37.580182382575245
83 1 92.89053586259963 37.57344431669764
84 1 92.8551829597078 37.56748101934636
85 1 92.81817177529524 37.56232083797119
86 1 92.77987334470636 37.557992120021865
87 1 92.7406616196398 37.55452321294818
88 1 92.700911136561 37.55194246419988
89 1 92.66099458464888 37.55027822122675
90 1 92.62128027327836 37.54955883147853
91 1 92.58212949903776 37.549812642405
92 1 92.54389381228066 37.55106800145592
93 1 92.5069121832133 37.55335325608107
94 1 92.47150806751706 37.556696753730186
95 1 92.43798637150552 37.56112684185306
96 1 92.4066303168168 37.56667186789944
97 1 92.37769820464108 37.57336017931911
98 1 92.3514200794827 37.58122012356181
99 1 92.32799429245776 37.590280048077325
100 1 92.30758396412648 37.60056830031541
101 1 92.2903133468602 37.61211322772584
102 1 92.27626408674438 37.62494317775836
103 1 92.26547138501584 37.63908649786275
104 1 92.25792005903492 37.65457153548878
105 1 92.2535405027936 37.6714266380862
105 46 288.37223654040304 39.75331860970757
106 1 92.25220454695724 37.68968015310479
106 46 288.561891610517 39.75864672101688
107 1 92.25372121844272 37.70936042799431
107 46 288.70859512346374 39.76397483232618
108 1 92.2578323995303 37.73049581020452
108 46 288.8165862819708 39.769302943635495
108 51 167.13158123309807 38.95622149380771
108 52 103.90495067908654 45.38285512990443
109 1 92.26420838651222 37.75311464718518
109 46 288.88992651216245 39.7746310549448
109 51 167.09592639416255 38.93900451660157
109 52 104.11019625949216 45.36453469858233
110 1 92.27244334787363 37.77724528638607
110 46 288.9324994635569 39.77995916625411
110 51 167.07535378338306 38.921787539395424
110 52 104.3046991193698 45.347433276573774
111 1 92.2820506820125 37.80291607525695
111 46 288.94801100906875 39.78528727756342
111 51 167.06986340075952 38.90457056218928
111 52 104.48845925871942 45.33155086387875
111 55 178.50128554868417 60.1173644041404
112 1 92.29245827448972 37.83015536124758
112 46 288.93998924500715 39.79061538887272
112 51 167.0794552462919 38.88735358498313
112 52 104.661476677541 45.31688746049727
112 55 178.7940556849097 60.116621708837776
113 1 92.30300365481818 37.85899149180773
113 46 288.9117844910754 39.795943500182034
113 51 167.10412931998025 38.87013660777699
113 52 104.8237513758346 45.30344306642933
113 55 179.0684206917705 60.11587901353517
114 1 92.31292905278552 37.88945281438716
114 46 288.86656929037485 39.80127161149135
114 51 167.14388562182455 38.852919630570845
114 52 104.9752833536002 45.29121768167492
114 55 179.32438056926668 60.11513631823255
115 1 92.32137635431076 37.92156767643564
115 46 288.807338409398 39.80659972280065
115 51 167.19872415182482 38.83570265336471
115 52 105.1160726108378 45.28021130623405
115 55 179.5619353173982 60.11439362292993
116 1 92.327381956838 37.95536442540293
116 46 288.73690883803715 39.81192783410996
116 51 167.26864490998105 38.81848567615856
116 52 105.24611914754736 45.27042394010672
116 55 179.78108493616506 60.11365092762732
117 1 92.32987152426352 37.99087140873881
117 46 288.65791978957736 39.81725594541926
117 51 167.35364789629324 38.80126869895242
117 52 105.36542296372892 45.261855583292935
117 55 179.98182942556724 60.1129082323247
117 60 179.86244201660162 60.16780344645184
118 1 92.3276546413988 38.02811697389302
118 46 288.57283270069706 39.82258405672857
118 51 167.45373311076142 38.78405172174627
118 52 105.4739840593825 45.25450623579268
118 55 180.16416878560477 60.112165537022086
118 60 179.61137390136722 60.15981547037761
119 1 92.31941936796758 38.06712946831535
119 46 288.4839312314732 39.82791216803789
119 52 105.57180243450804 45.24837589760597
119 55 180.3281030162776 60.11142284171947
119 60 179.3603057861328 60.15182749430338
120 1 92.30372669214002 38.107937239455545
120 46 288.3933212653767 39.83324027934719
120 52 105.65887808910556 45.24346456873279
120 55 180.47363211758585 60.11068014641685
121 1 92.27900488359828 38.15056863476338
121 46 288.30293090927194 39.8385683906565
121 52 105.73521102317513 45.23977224917316
121 55 180.6007560895293 60.10993745111424
122 1 92.24354374614208 38.19505200168862
122 46 288.2145104934227 39.8438965019658
122 52 105.80080123671664 45.23729893892706
122 55 180.7094749321082 60.10919475581162
123 1 92.19548876982344 38.24141568768104
123 46 288.1296325714836 39.84922461327511
123 52 105.85564872973016 45.236044637994496
123 55 180.7997886453224 60.10845206050901
124 1 92.13283518262242 38.28968804019037
124 46 288.04969192050635 39.85455272458442
124 52 105.89975350221567 45.23600934637548
124 55 180.87169722917196 60.10770936520639
125 1 92.0534219016524 38.33989740666642
125 46 287.9759055409379 39.859880835893726
125 52 105.93311555417318 45.23719306406999
125 55 180.9252006836568 60.10696666990378
126 1 91.95492538390518 38.39207213455892
126 46 287.90931265662016 39.86520894720304
126 52 105.95573488560268 45.239595791078045
126 55 180.960299008777 60.10622397460116
127 1 91.83485337652694 38.44624057131765
127 46 287.8507747147903 39.87053705851234
127 52 105.96761149650416 45.24321752739964
127 55 180.97699220453256 60.105481279298544
128 1 91.69053856663156 38.502431064392376
128 46 287.80097538608084 39.87586516982165
128 52 105.96874538687766 45.24805827303477
128 55 180.97528027092343 60.104738583995925
129 1 91.51913213065065 38.56067196123286
129 46 287.7604205645196 39.88119328113096
129 52 105.95913655672314 45.254118027983445
129 55 180.95516320794968 60.10399588869331
130 1 91.31759718321264 38.62099160928887
130 46 287.7294383675278 39.886521392440265
130 52 105.93878500604058 45.26139679224565
130 55 180.91664101561125 60.10325319339069
131 1 91.08270212556448 38.683418356010165
131 46 287.70817913592487 39.891849503749576
131 52 105.90769073483006 45.2698945658214
131 55 180.85971369390813 60.10251049808808
132 1 90.81101389352132 38.74798054884652
132 46 287.6966154339236 39.89717761505889
132 52 105.86585374309148 45.27961134871069
132 55 180.7843812428404 60.10176780278547
133 1 90.49889110495758 38.814706535247694
133 46 287.6945420491322 39.90250572636819
133 52 105.81327403082494 45.2905471409135
133 55 180.69064366240795 60.10102510748285
134 1 90.1424771068276 38.88362466266345
134 46 287.70157599255504 39.9078338376775
134 52 105.74995159803038 45.30270194242987
134 55 180.5785009526108 60.10028241218024
135 1 89.73769292172433 38.95476327854355
135 46 287.7171564985895 39.9131619489868
135 52 105.6758864447078 45.31607575325977
135 55 180.44795311344907 60.099539716877615
136 1 89.28023009397337 39.02815073033777
136 46 287.7405450250292 39.91849006029612
136 52 105.59107857085723 45.33066857340321
136 55 180.29900014492264 60.098797021575
137 1 88.76554343525872 39.10381536549586
137 46 287.7708252530649 39.92381817160543
137 52 105.49552797647864 45.34648040286019
137 55 180.13164204703156 60.09805432627238
138 1 88.18884366978898 39.1817855314676
138 46 287.80690308728094 39.92914628291473
138 52 105.38923466157205 45.363511241630704
138 55 179.94587881977583 60.09731163096977
139 1 87.54508997899151 39.26208957570276
139 46 287.84750665565457 39.93447439422404
139 52 105.27219862613742 45.38176108971476
139 55 179.7417104631554 60.09656893566715
140 1 86.8289824457505 39.34475584565108
140 46 287.89118630956114 39.93980250553334
140 52 105.14441987017484 45.40122994711234
140 55 179.51913697717035 60.09582624036454
141 1 86.03495439816993 39.42981268876234
141 46 287.9363146237722 39.945130616842654
141 52 105.0058983936842 45.42191781382348
141 55 179.2781583618206 60.095083545061925
141 64 202.78553466796984 55.937253952026346
142 1 85.15716465287984 39.51728845248631
142 46 287.98108639645284 39.950458728151965
142 52 104.85663419666557 45.44382468984814
142 55 179.0187746171062 60.094340849759305
142 64 203.06954345703247 55.86254501342772
143 1 84.18948965787393 39.607211484272746
143 46 288.0235186491616 39.95578683946127
143 52 104.69662727911891 45.46695057518635
143 55 178.74098574302715 60.09359815445669
143 64 203.09287109375143 55.78783607482909
144 1 83.12551553488295 39.69961013157142
144 46 288.0614506268555 39.96111495077058
144 52 104.5258776410443 45.49129546983809
144 55 178.44479173958342 60.09285545915407
144 64 202.85551757812615 55.713127136230455
145 1 81.95853002128119 39.79451274183209
145 46 288.0925437978856 39.96644306207988
145 52 104.34438528244164 45.51685937380338
145 55 178.130192606775 60.09211276385146
146 1 80.68151431153153 39.89194766250453
146 46 288.11428185399404 39.97177117338919
146 52 104.15215020331098 45.54364228708221
146 55 177.79718834460195 60.09137006854884
147 1 79.28713479816386 39.99194324103849
147 46 288.12397071032524 39.9770992846985
147 52 103.94917240365233 45.57164420967456
147 55 177.44577895306423 60.09062737324623
148 1 77.76773471228543 40.09452782488375
148 46 288.11873850541565 39.98242739600781
148 52 103.73545188346566 45.600865141580464
148 55 177.07596443216184 60.08988467794361
149 1 76.11532566363412 40.19972976149007
149 46 288.0955356011966 39.98775550731712
149 52 103.51098864275096 45.6313050827999
149 55 176.6877447818948 60.089141982641
