1 1 1002.4254573288828 413.8194443973609
1 2 721.6194570428299 73.86518490832785
1 3 229.7717454372306 121.96073052822014
1 4 511.1278174529518 15.7432293796763
1 5 736.7450683593747 41.90361862182616
2 1 979.6475511609372 400.3050720493129
2 2 719.7294549943094 71.10140123211146
2 3 220.3149756673889 129.57192751299806
2 4 511.1835086994325 15.766088519577329
2 5 738.5447937011716 41.50170860290526
3 1 957.3303925349848 387.4320341604541
3 2 718.2138064625169 68.45742888749487
3 3 204.90737659836725 137.18312449777596
3 4 511.23919994591313 15.780796647799054
3 5 740.3445190429685 41.09979858398436
4 1 935.4819992063536 375.1806540810527
4 2 717.0475222603372 65.93326787447808
4 3 186.3345543239688 144.79432148255387
4 4 511.2948911923938 15.788108172067949
4 5 742.1442443847653 40.69788856506346
5 1 914.1119189155372 363.5315446104533
5 2 716.2056132006559 63.528918193061074
5 3 166.83423496533877 152.40551846733177
5 4 511.35058243887454 15.788751651027075
6 1 893.2309413843888 352.4656079970773
6 2 715.6630900963579 61.24437984324389
6 3 148.09626467096427 160.01671545210968
6 4 511.4062736853553 15.7834297942361
7 1 872.8508229087504 341.9640359384232
7 2 715.3949637603286 59.07965282502649
7 3 131.2626096166747 167.62791243688758
7 4 511.461964931836 15.772819462171263
7 8 1222.1487356571731 649.7240592136338
8 1 852.9840235475235 332.0083095810659
8 2 715.3762450054528 57.0347371384089
8 3 116.92735600564122 175.23910942166552
8 4 511.5176561783166 15.757571666225411
8 8 1221.9367664057172 638.2311056827564
9 1 833.6434569081741 322.58019952065723
9 2 715.5819446446161 55.10963278339111
9 3 105.13671006837733 182.85030640644345
9 4 511.5733474247973 15.738311568707978
9 8 1219.0870277572064 623.6503706339087
10 1 814.8422525286785 313.66176580192564
10 2 715.9870734907034 53.30433975997312
10 3 95.3889980627382 190.46150339122133
10 4 511.629038671278 15.715638482844986
10 8 1213.874818696129 606.5791676069824
11 1 796.5935308559042 305.2353579186765
11 2 716.5666423566 51.61885806815493
11 3 86.63466627392148 198.07270037599923
11 4 511.6847299177587 15.69012587277905
11 8 1206.5606307815394 587.5521446637428
12 1 778.910190820431 297.28361481379176
12 2 717.2956620551911 50.05318770793654
12 3 77.27628101446675 205.6838973607772
12 4 511.7404211642394 15.66232135356938
12 8 1197.3905149204668 567.0452328264104
12 13 540.0529886881508 157.23951721191403
13 1 761.8047100078089 289.7894648792302
13 2 718.1491433993617 48.607328679317945
13 4 511.79611241072007 15.632746691191771
13 8 1186.5964481413248 545.4794768743853
13 13 539.8455607096353 157.60374450683594
14 1 745.2889574262535 282.7361259560274
14 2 719.1020972019973 47.28128098229915
14 4 511.8518036572008 15.601897802538618
14 8 1174.3967003673208 523.2247484991144
14 13 539.6381327311198 157.96797180175784
15 1 729.3740188707804 276.1071053342955
15 2 720.1295342759827 46.07504461688016
15 4 511.9074949036815 15.570244755418903
15 8 1160.9962011898651 500.6033418170995
16 1 714.0700348837762 269.88619975322376
16 2 721.2064654342033 44.988619583060974
16 4 511.9631861501622 15.538231768558198
16 8 1146.58690664198 477.89345124104943
17 1 699.386051312008 264.05749540107774
17 2 722.3079014895443 44.02200588084158
17 4 512.0188773966429 15.50627721159867
17 8 1131.348165971709 455.3325317091736
18 1 685.329882460071 258.60536791520013
18 2 723.4088532548908 43.175203510222
18 4 512.0745686431236 15.474773605099076
18 8 1115.4470884155269 433.1205412726173
19 1 671.9079868402733 253.5144823820101
19 2 724.484331543128 42.44821247120221
19 4 512.1302598896043 15.444087620534765
19 8 1099.0389099717477 411.42306604104107
20 1 659.1253555189593 248.76979333700376
20 2 725.509347167141 41.841032763782216
20 4 512.1859511360849 15.414560080297676
20 8 1082.267360173935 390.3743274863398
21 1 646.9854130592701 244.35654476475383
21 2 726.458910939815 41.35366438796203
21 4 512.2416423825656 15.38650595769634
21 8 1065.2650288643115 370.0800721045072
22 1 635.4899310603423 240.26027009891
22 2 727.3080336740353 40.98610734374164
22 4 512.2973336290463 15.360214376955884
22 8 1048.1537329671662 350.62034343563977
23 1 624.6389542929448 236.46679222219825
23 4 512.353024875527 15.335948613218022
23 8 1031.0448832622665 332.05213644208544
24 1 614.4307394315531 232.96222346642196
24 4 512.4087161220077 15.31394609254106
24 8 1014.0398511582654 314.4119342447315
25 1 604.8617063828613 229.73296561246076
25 4 512.4644073684884 15.294418391899894
25 8 997.2303354661116 297.71812721743885
26 1 595.9264022107325 226.76570989027115
26 4 512.5200986149691 15.277551239186018
26 8 980.698729172459 281.9733144396159
27 1 587.617477657587 224.0474369788865
27 4 512.5757898614498 15.263504513207511
27 8 964.5184862130752 267.1664875069353
28 1 579.9256762622276 221.56541700641688
28 4 512.6314811079305 15.252412243689047
28 8 948.7544882462512 253.2750967001897
29 1 572.8398360741035 219.30720955004904
29 4 512.6871723544112 15.24438261127189
29 8 933.4634114262104 240.26699951230088
30 1 566.3469039640117 217.2606636360465
30 4 512.7428636008918 15.239497947513897
30 8 918.6940931765192 228.10229153345503
31 1 560.4319625312373 215.4139177397496
31 4 512.7985548473725 15.237814734889517
31 8 904.4878989634938 216.73501969439457
32 1 555.0782696071294 213.75539978557535
32 4 512.8542460938532 15.239363606789786
32 8 890.8790890696117 206.11477786784224
33 1 550.2673103551168 212.27382714701767
33 4 512.909937340334 15.244149347522338
33 8 877.8951853669203 196.18818482807728
34 1 545.9788619671613 210.958206646647
34 4 512.9656285868147 15.252150892311391
34 8 865.5573380904448 186.9002445686405
35 1 542.191070956648 209.79783455611067
35 4 513.0213198332954 15.263321327297769
35 8 853.8806926116004 178.19558897819903
36 1 538.8805430477141 208.78229659613268
36 4 513.0770110797761 15.27758788953887
36 8 842.8747562115981 170.01960287453323
37 1 536.0224456610159 207.901467936514
37 4 513.1327023262568 15.294851967008691
37 8 832.5437648548574 162.31943139668766
38 1 533.5906229959324 207.145513196132
38 4 513.1883935727375 15.314989098597826
38 8 822.8870499624124 155.04486975524435
39 1 531.557723709208 206.50488644294103
39 4 513.2440848192182 15.337848974113452
39 8 813.8994051853231 148.14913534075276
40 1 529.8953411900325 205.9703311939724
40 4 513.2997760656988 15.363255434279342
40 8 805.5714531780848 141.58952219029374
41 1 528.5741664315592 205.5328804153335
41 4 513.3554673121795 15.39100647073586
41 8 797.8900123720358 135.32793781218714
42 1 527.5641534988603 205.1838565222092
42 4 513.4111585586602 15.42087422603996
42 8 790.8384637487666 129.33132236885274
43 1 526.8346975933207 204.9148713788607
43 4 513.4668498051409 15.452604993665192
43 8 784.397117613533 123.57195021778796
44 1 526.3548257134705 204.71782629862616
44 4 513.5225410516216 15.485919218001692
44 8 778.5435803686603 118.02761381072122
45 1 526.0933999122519 204.58491204392016
45 4 513.5782322981023 15.520511494356192
45 8 773.253121286955 112.68168995087592
46 1 526.0193331507297 204.5086088262346
46 4 513.633923544583 15.556050568952012
46 8 768.4990392851143 107.5230884084009
47 1 526.1018177482333 204.4816863061376
47 4 513.6896147910637 15.592179338929068
47 8 764.2530296971343 102.54608289392786
47 18 613.8151729719434 572.0243736176653
48 1 526.3105664289419 204.4972035932743
48 4 513.7453060375444 15.628514852343862
48 8 760.4855510477219 97.75002439027446
48 18 575.9304931528609 540.4065291186662
49 1 526.616065964904 204.54850924636645
49 4 513.8009972840251 15.66464830816949
49 8 757.1661918256973 93.13893684231532
49 18 539.5086549040548 510.6481678304144
50 1 526.9898434154964 204.6292412732126
50 4 513.8566885305057 15.700145056295645
50 8 754.2640372574152 88.72099520492583
50 18 504.5496582255255 482.67492471312016
51 1 527.4047449633205 204.7333271306882
51 4 513.9123797769864 15.734544597528602
51 8 751.7480360801593 84.50788584915529
51 18 471.05350311727216 456.4124347269926
52 1 527.8352273465373 204.85498372474527
52 4 513.9680710234671 15.767360583591232
52 8 749.587367315564 80.51404932648808
52 18 439.0201895792952 431.7863328322392
53 1 528.2576618876392 204.98871741041276
53 4 514.0237622699478 15.798080817123006
53 8 747.751807043018 76.75580549126136
53 18 408.4497176115947 408.7222539890681
54 1 528.6506511186598 205.129323991796
54 4 514.0794535164285 15.82616725167997
54 8 746.2120951730743 73.25036098121882
54 18 379.342087214171 387.1458331576887
55 1 528.9953580028216 205.27188872207756
55 4 514.1351447629092 15.851055991734771
55 8 744.9403022208556 70.01469905621315
55 18 351.69729838702324 366.9827052983119
56 1 529.275847752623 205.41178630351624
56 4 514.19083600939 15.872157292676649
56 8 743.9101960794761 67.06435179506286
56 18 325.5153511301519 348.1585053711424
57 1 529.4794422443606 205.5446808874481
57 4 514.2465272558707 15.888855560811432
57 8 743.0976087934321 64.41205465052235
57 18 300.7962454435569 330.5988683363921
58 1 529.5970870290917 205.66652607428568
58 4 514.3022185023514 15.900509353361542
58 8 742.4808033320319 62.06628336242181
58 18 277.5399813272384 314.2294291542685
59 1 529.6237309400324 205.77356491351836
59 4 514.3579097488321 15.906451378465992
59 8 742.0408403627848 60.029673228904585
59 18 255.7465587811962 298.97582278497885
60 1 529.5587182963963 205.86232990371207
60 4 514.4136009953127 15.905988495180386
60 8 741.7619450248264 58.2973207359322
60 18 235.41597780543 284.76368418873426
60 25 1219.5725043998968 572.7264134333645
61 1 529.4061937036677 205.92964299250983
61 4 514.4692922417934 15.898401713476916
61 8 741.6318737023165 56.85496754470569
61 18 216.5482383999406 271.5186483257421
61 25 1191.3737662179128 527.3430583241179
62 1 529.1755194503171 205.97261557663103
62 4 514.5249834882741 15.882946194244372
62 8 741.6422807978627 55.67706683746508
62 18 199.14334056472808 259.1663501562098
62 25 1163.1750280359288 484.6936117928663
63 1 528.8817055009491 205.98864850187232
63 4 514.5806747347548 15.858851249288138
63 8 741.7890855059047 54.72473202131255
63 18 183.2012842997915 247.6324246403492
63 25 1134.9762898539448 444.7780738396086
64 1 528.5458520858928 205.97543206310644
64 4 514.6363659812355 15.825320341330176
64 8 742.0728385861612 53.94356779015777
64 18 168.7220696051313 236.84250673836505
64 25 1106.7775516719607 407.596444464345
65 1 528.1956048872279 205.93094600428336
65 4 514.6920572277162 15.78153108400905
65 8 742.4990891369921 53.2613835448725
65 18 155.70569648074752 226.72223141046925
65 25 1078.5788134899767 373.1487236670764
66 1 527.8656228212487 205.8534595184298
66 4 514.7477484741969 15.726635241879924
66 8 743.0787513688574 52.585789171553074
66 18 144.15216492664013 217.1972336168701
66 25 1050.380075307993 341.4349114478
67 1 527.5980584173667 205.74153124764905
67 4 514.8034397206776 15.659758730414527
67 8 743.8284713776786 51.80167317789903
67 18 134.06147494280958 208.193148317775
67 25 1022.1813371260088 312.45500780651946
68 1 527.4430507934496 205.59400928312112
68 4 514.8591309671583 15.580001616001203
68 8 744.7709939182928 50.76856318784769
68 18 125.43362652925498 199.6356104733932
68 25 993.9825989440246 286.20901274323296
69 1 527.4592312276018 205.4100311651028
69 4 514.9148222136389 15.486438115944882
69 8 745.9355291778234 49.31786879415881
69 25 965.7838607620406 262.6969262579396
69 32 918.5197753906248 572.0067138671874
70 1 527.714241326376 205.1890238829281
70 4 514.9705134601196 15.378116598467084
70 8 747.3581195491204 47.25000676934508
70 25 937.5851225800566 241.9187483506412
70 32 911.9435424804684 563.1989746093749
71 1 528.2852637894305 204.93070387500677
71 4 515.0262047066003 15.25405958270592
71 8 749.0820064041424 44.331408634582885
71 25 909.3863843980726 223.8744790213377
72 1 529.25956577062 204.6350770288264
72 4 515.081895953081 15.11326373871609
72 8 751.1579968673952 40.29141058685616
72 25 881.1876462160885 208.56411827002648
