8 2 611.6150715603035 289.0225418673011
8 3 942.375257835167 165.70228063409974
8 5 1089.417932108033 120.90821441692316
8 6 1199.078153459718 75.93146260579424
8 7 119.7156188741272 84.8644620122158
8 8 215.64898772034596 301.42479164876426
8 10 54.63696282237285 135.35425114762768
9 2 597.7514386173063 288.70357470177123
9 3 942.3911331853913 165.7099889968968
9 5 1089.2941908193488 120.9719937349538
9 6 1198.997846319994 75.93311447993054
9 7 114.54974580366536 80.91064354854083
9 8 230.0576925265669 308.65822331959174
9 10 61.40764049982419 142.0517697633538
10 2 584.0783403753444 288.35622202363004
10 3 942.4044200384244 165.71769735969391
10 5 1089.184376512523 121.0300126034264
10 6 1198.9312451474063 75.93476635406684
10 7 109.51114079779325 76.699281096676
10 8 244.0696491424522 316.42723599997026
10 10 67.89581951497942 148.42015950185777
11 2 570.5957768344177 287.9013184036267
11 3 942.4153177298422 165.72540572249102
11 5 1089.087861366694 121.08249865940392
11 6 1198.8771118229315 75.93641822820315
11 7 104.59980385651085 72.30969075715242
11 8 257.6848575680018 324.6926594303926
11 10 74.22964698007112 154.57767462476602
12 2 557.3037479945261 287.27944661239326
12 3 942.4240255952208 165.73311408528812
12 5 1089.0040175610002 121.12967953994934
12 6 1198.834254747395 75.93807010233945
12 7 99.8157349798182 67.81473226694655
12 8 270.90331780321577 333.41532335135145
12 10 80.51841799101084 160.62460290393315
13 2 544.2022538556697 286.4482346859142
13 3 942.4307429701366 165.74082244808525
13 5 1088.93221727458 121.17178288212564
13 6 1198.8015288414697 75.93972197647575
13 7 95.15893416771524 63.28080899948004
13 8 283.72502984809404 342.5560575033396
13 10 86.8535901066929 166.644280333788
14 2 531.2912944178486 285.3798235013495
14 3 942.4356691901656 165.74853081088233
14 5 1088.8718326865717 121.20903632299584
14 6 1198.777835545677 75.94137385061205
14 7 90.62940142020204 58.76786796461992
14 8 296.14999370263666 352.0756916268497
14 10 93.30979782829814 172.70410584367997
15 2 518.5708696810625 284.05850486320986
15 3 942.4390035908834 165.7562391736794
15 5 1088.8222359761132 121.24166749962288
15 6 1198.7621228203857 75.94302572474835
15 7 86.22713673727857 54.32939980867845
15 8 308.1782093668436 361.9350554623746
15 10 99.9458670785975 178.85655601022492
16 2 506.0409796453116 282.47853009988575
16 3 942.4409455078668 165.7639475364765
16 5 1088.7827993223436 121.26990404906978
16 6 1198.7533851458145 75.94467759888467
16 7 81.95214011894481 50.0124388144132
16 8 319.80967684071487 372.0949787504069
16 10 106.80582968125564 185.1401997696517
17 2 493.7016243105959 280.6420891705289
17 3 942.4416942766912 165.7716558992736
17 5 1088.7528949044008 121.29397360839953
17 6 1198.7506635220293 75.94632947302097
17 7 77.80441156520078 45.857562901027
17 8 331.04439612425045 382.5162912314396
17 10 113.91993784013468 191.58071313014804
18 2 481.5528036769153 278.5574602822868
18 3 942.4414492329332 165.77936426207071
18 5 1088.7318949014234 121.31410381467504
18 6 1198.753045468944 75.94798134715727
18 7 73.78395107604648 41.89889362416795
18 8 341.8823672174504 393.1598226459652
18 10 121.30567861859802 198.19189388420688
19 2 469.5945177442699 276.2373300178906
19 3 942.4404097121684 165.78707262486782
19 5 1088.7191714925495 121.3305223049594
19 6 1198.7596650263213 75.94963322129357
19 7 69.8907586514819 38.16409617592948
19 8 352.32359012031463 403.9864027344765
19 10 128.96878841881374 204.97667632097244
20 2 457.8267665126597 273.6972839735952
20 3 942.4387750499732 165.79478098766492
20 5 1088.7140968569174 121.34345671631552
20 6 1198.7697027537715 75.95128509542988
20 7 66.12483429150706 34.67437938485031
20 8 362.3680648328432 414.9568612374664
20 10 136.90426746105845 211.9281459385864
21 2 446.2495499820847 270.95446790747314
21 3 942.4367445819238 165.802489350462
21 5 1088.716043173666 121.35313468580642
21 6 1198.782385730754 75.95293696956618
21 7 62.48617799612194 31.4444957159144
21 8 372.0157913550361 426.03202789542746
21 10 145.09739426302096 219.03055415653412
22 2 434.8628681525448 268.02641939806085
22 3 942.434517643596 165.8101977132591
22 5 1088.7243826219328 121.35978385049508
22 6 1198.7969875565757 75.95458884370248
22 7 58.97478976532655 28.48274127055103
22 8 381.2667696868933 437.17273244885246
22 10 153.52474011910584 226.26033302799104
23 2 423.66672102404016 264.9300700133583
23 3 942.432293570566 165.8179060760562
23 5 1088.738487380857 121.36363184744448
23 6 1198.812828350391 75.95624071783878
23 7 55.59066959912087 25.790955786634758
23 8 390.1209998284149 448.3398046382342
23 10 162.15518357973735 233.5871099521681
24 2 412.66110859657056 261.6809179901811
24 3 942.4302716984098 165.8256144388533
24 5 1088.757729629576 121.3649063137176
24 6 1198.829274751205 75.9578925919751
24 7 52.33381749750493 23.36452263848533
24 8 398.5784817796008 459.4940742040654
24 10 170.95092493066275 240.974722386659
25 2 401.8460308701362 258.2923714238663
25 3 942.4286513627036 165.8333228016504
25 5 1088.781481547229 121.36383488637745
25 6 1198.8457399178687 75.9595444661114
25 7 49.20423346047872 21.19236883686796
25 8 406.639215540451 470.5963708868388
25 10 179.8685006722563 248.3822325597852
26 2 391.22148784473706 254.77526196833023
26 3 942.4276318990234 165.8410311644475
26 5 1088.8091153129542 121.36064520248698
26 6 1198.8616835290818 75.9611963402477
26 7 46.20191748804224 19.25696502899298
26 8 414.3032011109655 481.6075244270471
26 10 188.85979799882267 255.7649421829433
27 2 380.787479520373 251.1375290464802
27 3 942.4274126429452 165.8487395272446
27 5 1088.8400031058895 121.35556489910918
27 6 1198.876611783393 75.962848214384
27 7 43.32686958019548 17.534325498516168
27 8 421.5704384911445 492.48836456518313
27 10 197.87306927790112 263.0754071629501
27 16 1126.3052978515625 515.0234985351562
28 2 370.5440058970442 247.38407457097904
28 3 942.4281929300452 165.8564478900417
28 5 1088.8735171051735 121.34882161330708
28 6 1198.8900773991982 75.9645000885203
28 7 40.57908973693844 15.994008165538432
28 8 428.4409276809876 503.1997210417395
28 10 206.85394652956813 270.2644523143896
29 2 360.4910669747505 243.5167881753615
29 3 942.4301720958996 165.8641562528388
29 5 1088.909029489945 121.3406429821436
29 6 1198.9016796147423 75.96615196265661
29 7 37.958577958271135 14.59911458660605
29 8 434.9146686804952 513.7024235972092
29 10 215.74645590574244 277.2821860719584
29 17 435.2518615722657 514.40380859375
30 2 350.62866275349205 239.53474295550555
30 3 942.4335494760842 165.8718646156359
30 5 1088.9459124393416 121.33125664268177
30 6 1198.9110641881182 75.96780383679291
30 7 35.46533424419354 13.306289954710508
30 10 224.4940321694876 284.0790152028131
30 17 439.1790771484376 519.018493652344
30 18 21.42841011544914 75.37148967185048
31 2 340.9567932332687 235.4345617214541
31 3 942.4385244061752 165.879572978433
31 5 1088.9835381325022 121.32089023198454
31 6 1198.9179233972668 75.96945571092921
31 7 33.09935859470568 12.065723099288718
31 8 446.6719061085032 533.9251859068588
31 10 233.0405331743165 290.60665951891457
31 18 23.709433939011205 76.40561464612334
32 2 331.4754584140805 231.2109537595929
32 3 942.4452962217488 165.88728134123008
32 5 1089.0212787485646 121.30977138711494
32 6 1198.9219960399776 75.97110758506551
32 7 30.860651009807555 10.821146486222702
32 8 451.9554025370037 543.5669051420244
32 10 241.33125434349407 296.8191665893763
32 18 25.91800444359015 77.66586233491222
33 2 322.18465829592753 226.8574221051789
33 3 942.4540642583808 165.89498970402718
33 5 1089.0585064666675 121.29812774513591
33 6 1198.9230674338876 75.97275945920182
33 7 28.74921148949917 9.50983621783989
33 8 456.8421507751685 552.8432894180742
33 10 249.31394314934207 302.673926452809
33 18 28.0746991358956 79.1522327382171
34 2 313.0843928788097 222.36714132522167
34 3 942.4650278516474 165.90269806682429
34 5 1089.0945934659496 121.28618694311048
34 6 1198.920969416483 75.97441133333813
34 8 461.3321508229977 561.7151684755008
34 10 256.9398135925416 308.132686329667
34 18 30.20009552263707 80.86472585603795
35 2 304.1746621627271 217.7340058117192
35 3 942.4783863371248 165.9104064296214
35 5 1089.128911925549 121.2741766181016
35 6 1198.9155803450976 75.97606320747443
35 8 465.4254026804912 570.143372054797
35 10 264.16456068143845 313.1625653345957
35 18 32.314771110524106 82.80334168837483
36 2 295.45546614767966 212.9538485852468
36 3 942.494339050389 165.9181147924185
36 5 1089.1608340246032 121.26232440717226
36 6 1198.9068250969133 75.97771508161073
36 8 469.121906347649 578.0887298964557
36 10 270.9493749113444 317.73706918877537
36 18 34.439303406266305 84.96808023522769
36 22 1244.1048364078304 401.8018334706623
37 2 286.9268048336673 208.02583060889583
37 3 942.513085327016 165.9258231552156
37 5 1089.1897319422517 121.25085794738546
37 6 1198.8946750689609 75.97936695574704
37 8 472.4216618244712 585.5120717409694
37 10 277.26195674384286 321.8371049322698
37 18 36.594269916573154 87.35894149659659
37 22 1244.231585244572 401.4819230247944
37 23 1115.9625530312796 502.6764210292269
38 2 278.5886782206901 202.95400061256956
38 3 942.5348245025822 165.93353151801267
38 5 1089.2149778576322 121.24000487580416
38 6 1198.8791481781184 75.98101882988334
38 8 475.3246691109576 592.3742273288311
38 10 283.07753108609216 325.4519956363706
38 18 38.80024814815431 89.97592547248145
38 22 1244.3425248218189 401.2058091396041
38 23 1114.8951144883763 499.8237776703884
39 2 270.4410863087482 197.74902542763024
39 3 942.5597559126631 165.94123988080975
39 5 1089.2359439498834 121.22999282949137
39 6 1198.8603088611133 75.98267070401964
39 8 477.83092820710846 598.6360264005334
39 10 288.3798617701284 328.58049511594504
39 18 41.07781560771917 92.81903216288232
39 22 1244.4376551395708 400.97349181509134
39 23 1114.1954873333043 497.36425079284703
40 2 262.48402909784147 192.4300908318962
40 3 942.5880788928356 165.94894824360688
40 5 1089.2520023981438 121.22104944551006
40 6 1198.83826807452 75.98432257815594
40 8 479.9404391129236 604.258298696569
40 10 293.16226603217024 331.23180264178035
40 18 43.44754980197735 95.88826156779922
40 22 1244.516976197828 400.784971051256
40 23 1113.8024926191426 495.29784039660274
41 2 254.7175065879698 187.02697290499952
41 3 942.6199927786748 165.95665660640398
41 5 1089.262525381551 121.21340236092324
41 6 1198.813183294762 75.98597445229225
41 8 481.6532018284031 609.2018739574307
41 10 297.428628991922 333.4265776529311
41 18 45.93002823763848 99.18361368723208
41 22 1244.5804879965904 400.6402468480982
41 23 1113.6549513989694 493.6245464816554
42 2 247.1415187791333 181.58227989408704
42 3 942.6556969057576 165.96436496920109
42 5 1089.266885079244 121.20727921279384
42 6 1198.7852585181108 75.98762632642855
42 8 482.9692163535468 613.4275819236113
42 10 301.19441813187626 335.1979544690663
42 18 48.54582842141204 102.70508852118094
42 22 1244.628190535858 400.5393192056178
42 23 1113.691684725864 492.344369048005
42 28 1245.9265147816031 156.88721674138856
43 2 239.75606567133207 176.15386458988326
43 3 942.6953906096594 165.9720733319982
43 5 1089.264453670361 121.20290763818493
43 6 1198.7547442606858 75.98927820056485
43 8 483.888482688355 616.8962523356033
43 10 304.4876977766198 336.59255700281204
43 18 51.31552786000751 106.45268606964584
43 22 1244.660083815631 400.482188123815
43 23 1113.851513652905 491.4573080956517
43 28 1239.8172870057983 162.36307789195672
44 2 232.561147264566 170.8174072130984
44 3 942.7392732259568 165.97978169479526
44 5 1089.2546033340402 121.2005152741594
44 6 1198.7219375584557 75.99093007470115
44 8 484.4110008328274 619.5687149338997
44 10 307.35014357213595 337.671513472102
44 18 54.25970406013457 110.42640633262673
44 22 1244.676167835909 400.4688536026896
44 23 1114.073259233171 490.9633636245954
44 28 1232.6668540260994 167.83893904252488
45 2 225.55676355883503 165.66916881119514
45 3 942.7875440902258 165.98749005759237
45 5 1089.2367062494202 121.2003297577803
45 6 1198.6871819672351 75.99258194883745
45 8 484.5367707869642 621.4057994589934
45 10 309.83805696510785 338.5114711125214
45 18 57.398934528502735 114.62624931012355
45 22 1244.676442596692 400.49931564224175
45 23 1114.2957425197417 490.8625356348362
45 28 1224.4752158425058 173.3148001930931
46 2 218.7429145541392 160.82891516550933
46 3 942.8404025380424 165.99519842038947
46 5 1089.2101345956391 121.2025787261106
46 6 1198.6508675626897 75.99423382297377
46 8 484.26579255076535 622.3683356513768
46 10 312.02337968222395 339.20561088965246
46 18 60.7537967718215 119.05221500213648
46 22 1244.6609080979804 400.5735742424714
46 23 1114.457784565695 491.1548241263739
46 28 1215.2423724550176 178.79066134366127
47 2 212.11960025047856 156.44301120871185
47 3 942.8980479049824 166.00290678318655
47 5 1089.1742605518357 121.20748981621328
47 6 1198.6134309403317 75.99588569711007
47 8 483.5980661242308 622.4171532515427
47 10 313.9947082094793 339.8646622114223
47 18 64.34486829680046 123.70430340866535
47 22 1244.629564339774 400.6916294033785
47 23 1114.49820642411 491.8402290992088
47 28 1204.9683238636353 184.26652249422943
48 2 205.6868206478532 152.68768595264362
48 3 942.9606795266224 166.01061514598368
48 5 1089.1284562971475 121.2152906651513
48 6 1198.5753552155213 75.99753757124637
48 8 482.5335915073605 621.5130819999839
48 10 315.85830827148004 340.6179176404474
48 18 68.19272661014907 128.58251452971024
48 22 1244.5824113220729 400.8534811249632
48 23 1114.3558291480658 492.9187505533405
48 28 1193.6530700683584 189.7423836447976
49 2 199.444575746263 149.7724679264821
49 3 943.028496738538 166.01832350878075
49 5 1089.0720940107135 121.22620890998768
49 6 1198.537170023468 75.99918944538267
49 8 481.0723687001546 619.6169516371931
49 10 317.7391293107483 341.614247606384
49 18 72.31794921857713 133.68684836527115
49 22 1244.5194490448769 401.0591294072252
49 28 1181.296611069187 195.21824479536585
50 2 193.39286554570788 147.94379112527778
50 3 943.1016988763056 166.02603187157786
50 5 1089.0045458716718 121.2404721877854
50 6 1198.499451519229 76.00084131951898
50 8 479.214397702613 616.6895919036633
50 10 319.78181896702534 343.02311511826605
50 18 76.74111362879393 139.017304915348
50 22 1244.440677508186 401.3085742501648
50 28 1167.8989468661214 200.694105945934
51 2 187.53169004618792 147.4887714688358
51 3 943.1804852755012 166.03374023437496
51 5 1088.925184059161 121.25830813560744
51 6 1198.4628223777097 76.00249319365528
51 8 476.9596785147358 612.691832539887
51 10 322.1517375565731 345.03559047685843
51 18 81.48279734750918 144.57388417994093
51 22 1244.3460967120002 401.601815653782
51 28 1153.4600774591609 206.16996709650212
