1 1 316.95660439235286 334.1593002693622
1 2 159.74602458362787 296.90232034906785
1 3 317.5138830140579 467.0955668604652
1 4 1154.8403423122263 524.7550567970619
1 5 1098.4223070801456 530.904950400949
1 6 997.0824945707296 635.2094157544125
1 7 904.9557421639606 594.1507582262728
1 8 382.81302733305927 209.4157959768993
1 9 958.7773516378916 501.4804815985752
1 10 295.977168307554 125.05048336102617
1 11 147.82374314434873 246.79703237502383
1 12 1042.9629345274805 368.9289670353044
1 13 561.1184190538193 104.99474283854164
2 1 324.22711424661856 334.40459170851494
2 2 157.17169265236095 297.59989835123304
2 3 329.05757105627725 460.9435360930688
2 4 1154.5790607029194 524.8475319950177
2 5 1096.2667329076924 529.5854326882363
2 6 995.3573068754374 635.7412415897834
2 7 903.739489403242 594.4027140553964
2 8 382.7887848657016 209.1307234857009
2 9 958.2454804807028 501.7656029332414
2 10 298.269819139905 126.04756449079846
2 11 144.93533720227805 247.27294667157523
2 12 1043.3619125885857 368.69487226792586
2 13 560.9512325710718 105.84684651692704
3 1 331.4227874502064 334.63303444070493
3 2 154.87490941494767 298.3221603508932
3 4 1154.1945667708098 524.8687509603961
3 5 1094.1111587352389 528.2659149755237
3 6 993.6321191801452 636.1782049646167
3 7 902.5232366425234 594.4898811173413
3 8 382.8213774793947 208.99417317023892
3 9 957.6680458776536 501.95784481662525
3 10 300.562469972256 127.04464562057078
3 11 142.38166149452053 247.79486885664107
3 12 1043.707298491392 368.4607775005473
3 13 560.7840460883244 106.69895019531243
4 1 338.5436240031162 334.844877798745
4 2 152.8452001195687 299.065475157837
4 3 352.14494714071583 448.639474558276
4 4 1153.6809098418332 524.82069380146
4 5 1091.9555845627856 526.946397262811
4 6 991.9069314848532 636.5217810214441
4 7 901.3069838818049 594.4222931921101
4 8 382.9131450072927 208.99423414925528
4 9 957.0458518796702 502.060844525631
4 10 302.855120804607 128.0417267503431
4 11 140.1453791588638 248.35998902947108
4 12 1043.9990922358995 368.22668273316873
4 13 560.616859605577 107.55105387369784
5 1 345.58962390534816 335.0403711154482
5 2 151.07225623006892 299.8264978670469
5 3 363.6886351829352 442.4874437908795
5 4 1153.0333315543508 524.70532055791
5 5 1089.8000103903323 525.6268795500985
5 6 990.181743789561 636.7734449027969
5 7 900.0907311210863 594.2095280750752
5 8 383.0659589993672 209.1196313188871
5 9 956.37970253768 502.0781705846016
5 10 305.14777163695794 129.0388078801154
5 11 138.2098079881139 248.96557899153348
5 12 1044.2372938221083 367.99258796579016
5 13 560.4496731228296 108.40315755208329
5 16 270.2711567240734 269.0222375200924
6 1 352.5607871569022 335.2197637236273
6 2 149.5459420402458 300.6021566266309
6 3 375.23232322515446 436.3354130234832
6 4 1152.2481994010789 524.5245712008857
6 5 1087.644436217879 524.3073618373859
6 6 988.4565560942688 636.9346717512067
6 7 898.8744783603677 593.8607209367099
6 8 383.281248990596 209.3597041148737
6 9 955.6704019026092 502.01332276531787
6 10 307.44042246930894 130.0358890098877
6 11 136.55890838663478 249.6089911568117
6 12 1044.421903250018 367.75849319841154
6 13 560.2824866400822 109.25526123046868
6 16 269.6866108256186 270.6152175461653
6 18 1106.3433261074858 345.7945731026786
7 1 359.4571137577784 335.38330495609523
7 2 148.25630097188338 301.3896396780799
7 4 1151.3229416959568 524.2803656329651
7 5 1085.4888620454258 522.9878441246732
7 6 986.7313683989768 637.006936709205
7 7 897.6582255996491 593.3845775044357
7 8 383.5600281913153 209.70438560895184
7 9 954.9187540253856 501.8697320869996
7 10 309.73307330165994 131.03297013966005
7 11 135.1772713268878 250.28765746210087
7 12 1044.552920519629 367.524398431033
7 13 560.1153001573348 110.1073649088541
7 16 269.31757774465746 272.06278375201003
7 18 1105.6378871372765 345.9661486279834
8 1 366.27860370797663 335.531244145665
8 2 147.1935615565326 302.18638266884903
8 4 1150.2559839659575 523.9746036881643
8 5 1083.3332878729725 521.6683264119606
8 6 985.0061807036844 636.9917149193233
8 7 896.4419728389305 592.78938706659
8 8 383.902918599737 210.1441819394388
8 9 954.1255629569353 501.65076081630446
8 10 312.02572413401094 132.03005126943236
8 11 134.0501063059711 250.99908827730468
8 12 1044.630345630941 367.2903036636544
8 13 559.9481136745875 110.95946858723951
8 16 269.15051281905835 273.3793434207992
8 18 1104.851332749282 346.13772415328816
8 19 20.66105866865675 242.72987365722668
9 1 373.025257007497 335.66383062514944
9 2 146.34814310103698 302.99005623726424
9 4 1149.0466867678365 523.6091651319385
9 5 1081.177713700519 520.3488086992479
9 6 983.2809930083924 636.890481524093
9 7 895.2257200782119 592.0830352985089
9 8 384.3101755366275 210.67015207600423
9 9 953.2916327481852 501.3597024673287
9 10 314.31837496636194 133.02713239920467
9 11 133.16322930215932 251.7408713157314
9 12 1044.6541785839545 367.0562088962759
9 13 559.7809271918401 111.81157226562492
9 16 269.17243105131445 274.57839838232394
9 18 1103.9836629435017 346.30929967859294
9 19 22.114284469142078 242.79393208821625
10 1 379.6970736563394 335.7813137273615
10 2 145.71066103680445 303.79855386975345
10 4 1147.6952849298216 523.185909661181
10 5 1079.0221395280655 519.0292909865353
10 6 981.5558053131002 636.7047116660457
10 7 894.0094673174933 591.2730169107298
10 8 384.781711602152 211.27388791862973
10 9 952.4177674500626 500.9997818016071
10 10 316.61102579871294 134.024213528977
10 11 132.50305073144298 252.51067054439116
10 12 1044.6244193786686 366.8221141288973
10 16 269.3708962698687 275.67257773253294
10 18 1103.0348777199365 346.4808752038977
10 19 23.461059466275277 242.85799051920583
10 24 1297.0236095492287 584.2932285075826
11 1 386.2940536545039 335.8839427851141
11 2 145.27193195282484 304.609980030402
11 4 1146.2028282182434 522.7066769042236
11 5 1076.8665653556125 517.7097732738227
11 6 979.830617617808 636.4358804877129
11 7 892.7932145567747 590.366448119311
11 8 385.31712005488106 211.94749473075683
11 9 951.504771113494 500.57415482811246
11 10 318.90367663106395 135.0212946587493
11 11 132.05656340406796 253.306225094292
11 12 1044.541068015084 366.5880193615187
11 16 269.7340102904385 276.6736700193116
11 18 1102.0049770785856 346.65245072920254
11 19 24.70138366005635 242.92204895019543
11 24 1293.6895738577805 584.4374438596423
12 1 392.8161970019905 335.9719671312201
12 2 145.0229783124334 305.42263856283336
12 4 1144.571123429106 522.1732864208369
12 5 1074.7109911831592 516.39025556111
12 6 978.105429922516 636.085463131626
12 7 891.5769617960561 589.3700789382693
12 8 385.9156976129619 212.68357190662317
12 9 950.5534477894064 500.08590880325625
12 10 321.19632746341495 136.0183757885216
12 11 131.81133048107498 254.12534817073677
12 12 1044.4041244932005 366.35392459414015
12 16 270.25040207734 277.59265489450075
12 18 1100.8939610194495 346.8240262545073
12 19 25.835257050485303 242.986107381185
12 24 1290.355538166332 584.5181057614495
13 1 399.2635036987992 336.0456360984924
13 2 144.95503285381997 306.2350213644144
13 4 1142.802677904597 521.5875377022296
13 5 1072.5554170107057 515.0707378483975
13 6 976.3802422272238 635.6549347403168
13 7 890.3607090353375 588.2903052941359
13 8 386.5764666774522 213.47519407278665
13 9 949.5646015287264 499.5380622308882
13 10 323.48897829576595 137.01545691829392
13 11 131.75547343083923 254.96592596361964
13 12 1044.2135888130183 366.1198298267616
13 16 270.9092169048132 278.4397342321556
13 18 1099.701829542528 346.9956017798121
13 19 26.86267963756213 243.05016581217455
13 24 1287.0215024748836 584.5361903302288
14 1 405.6359737449301 336.105199019744
14 2 145.05954267428407 307.0457973327848
14 4 1140.900644474538 520.9512101710492
14 5 1070.3998428382524 513.7512201356848
14 6 974.6550545319316 635.1457704563164
14 7 889.144456274619 587.1331809626291
14 8 387.2981969778188 214.3158925238382
14 9 948.5390363823813 498.9335648622964
14 10 325.78162912811695 138.01253804806623
14 11 131.8776599856098 255.82591655772265
14 12 1043.9694609745372 365.885735059383
14 16 271.70010551834616 279.22436271304474
14 18 1098.428582647821 347.16717730511687
14 19 27.78365142128683 243.11422424316416
14 24 1283.6874667834352 584.4926736832045
14 27 386.2406921386719 214.1660003662109
15 1 411.93360714038295 336.1509052277877
15 2 145.32817299823597 307.85380158471213
15 4 1138.8687678227775 520.2660631813814
15 5 1068.2442686657992 512.4317024229722
15 6 972.9298668366396 634.5594454221565
15 7 887.9282035139004 585.9044293274463
15 8 388.0794266395986 215.19963699230237
15 9 947.4775564012976 498.2752976962074
15 10 328.0742799604679 139.00961917783854
15 11 132.16709209804904 256.70334884301235
15 12 1043.671740977757 365.65164029200446
15 16 272.61321329599974 279.9552778753886
15 18 1097.0742203353288 347.33875283042164
15 19 28.59817240165941 243.1782826741537
15 24 1280.3534310919867 584.3885319376013
16 1 418.15640388515794 336.1830040554365
16 2 145.75281062894328 308.65802494727063
16 4 1136.7113322785208 519.5338360187507
16 5 1066.088694493346 511.1121847102596
16 6 971.2046791413474 633.8974347803686
16 7 886.7119507531818 584.6094549611724
16 8 388.91848267422415 216.12081775272603
16 9 946.3809656364024 497.566072978786
16 10 330.3669307928189 140.00670030761086
16 11 132.61349389777237 257.5963214249363
16 12 1043.3204288226782 365.4175455246258
16 16 273.6391694097325 280.6405296318381
16 18 1095.6387426050512 347.5103283557264
16 19 29.306242578679864 243.2423411051433
16 24 1277.0193954005383 584.2247412106435
17 1 424.3043639792551 336.2017448355033
17 2 146.32556708402367 309.45760372134555
17 4 1134.4331110326025 518.7562479001199
17 5 1063.9331203208926 509.7926669975469
17 6 969.4794914460552 633.1612136734841
17 7 885.4956979924632 583.2533550283076
17 8 389.81350089101255 217.07422805995597
17 9 945.2500681386224 496.80863420363545
17 10 332.6595816251699 141.00378143738317
17 11 133.20709964788742 258.50300153471983
17 12 1042.9155245093004 365.1834507572473
17 16 274.76907598672494 281.28750925269327
17 18 1094.1221494569884 347.6819038810312
17 19 29.907861952348195 243.3063995361329
17 24 1273.68535970909 584.0022776195558
18 1 430.3774874226742 336.20737690080097
18 2 147.03878141468334 310.2518097174614
18 4 1132.0393167786967 517.9349979738904
18 5 1061.7775461484391 508.4731492848343
18 6 967.754303750763 632.3522572440347
18 7 884.2794452317446 581.8409305104113
18 8 390.76244523131794 218.0550469216035
18 9 944.0856679588848 496.0056561117974
18 10 334.9522324575209 142.00086256715548
18 11 133.93864170153384 259.4216239396624
18 12 1042.457028037624 364.9493559898687
18 16 275.9944972707044 281.9029778153616
18 18 1092.52444089114 347.853479406336
18 24 1270.3513240176414 583.7221172815625
19 1 436.3757742154155 336.2001495841425
19 2 147.88502270870134 311.04004056393563
19 4 1129.535553779473 517.071765319902
19 5 1059.6219719759858 507.1536315721217
19 6 966.0291160554708 631.4720406345517
19 7 883.063192471026 580.3766972533657
19 8 391.7631265248473 219.05882220469863
19 9 942.888569148116 495.1597446917518
19 10 337.2448832898719 142.9979436969278
19 11 134.79933845842262 260.35048985343457
19 16 277.3074487832695 282.4930941200566
19 24 1267.0172883261932 583.3852363138883
20 1 442.2992243574789 336.18031221834065
20 2 148.85709227715964 311.8218102873564
20 4 1126.927771357685 516.168208949433
20 5 1057.4663978035326 505.83411385940906
20 6 964.3039283601788 630.5220389875667
20 7 881.8469397103074 578.8648968367555
20 8 392.8132206681405 220.08145407653123
20 9 941.6595757572428 494.2734371794171
20 10 339.5375341222229 143.9950248267001
20 11 135.78088232137563 261.2879658463741
20 16 278.700386485215 283.06344207173566
20 24 1263.6832526347448 582.9926108337576
21 1 448.1478378488644 336.1481141362085
21 2 149.94802552491913 312.5967401653855
21 4 1124.222218812205 515.2259678052004
21 5 1055.3108236310793 504.5145961466964
21 6 962.5787406648866 629.5037274456112
21 7 880.6306869495888 577.3095072653672
21 8 393.9102862252135 221.11917877968108
21 9 940.3994918371926 493.34920205815
21 10 341.8301849545739 144.99210595647244
21 11 136.87542765286514 262.2324827557828
21 16 280.16619593785623 283.6190575282787
21 24 1260.3492169432964 582.5452169583947
21 33 1204.5505253203287 530.7879550148579
22 1 453.9216146895719 336.1038046705589
22 2 151.15109350484155 313.36454985188544
22 4 1121.4254017589967 514.2466607613593
22 5 1053.155249458626 503.1950784339838
22 6 960.8535529695944 628.4185811512167
22 7 879.4144341888702 575.7142534828046
22 8 395.05178145036535 222.168552741236
22 9 939.109121438892 492.3894390587455
22 10 344.1228357869249 145.98918708624475
22 11 138.0755787315533 263.1825345962233
22 16 281.69818146435387 284.1644546149058
22 24 1257.015181251848 582.0440308050242
22 33 1201.873404451375 529.9555218304664
23 1 459.6205548796016 336.0476331542047
23 2 152.45980415575707 314.12504877437215
23 4 1118.5440398970286 513.2318866235036
23 5 1050.9996752861723 501.8755607212712
23 6 959.1283652743024 627.2680752469146
23 7 878.1981814281517 574.0826177072234
23 8 396.2350807331488 223.22643701619788
23 9 937.7892686132676 491.3964791594372
23 10 346.41548661927584 146.98626821601707
23 11 139.37437770883164 264.1366774698153
23 16 283.29005531103826 284.70365150483576
23 24 1253.6811455603995 581.4900284908708
23 33 1199.1558367871985 529.123088646075
24 1 465.24465841895335 335.97984891995884
24 2 153.86790322417778 314.8781278037912
24 4 1115.5850261991268 512.1832241286656
24 5 1048.8441011137193 500.55604300855856
24 6 957.40317757901 626.0536848752365
24 7 876.9819286674331 572.4178495891836
24 8 397.4574904655042 224.2899820650774
24 9 936.4407374112463 490.372584585897
24 10 348.70813745162684 147.98334934578938
24 11 140.76529256536065 265.0935284765323
24 16 284.9359268087346 285.24019566618347
24 24 1250.347109868951 580.8841861331589
24 33 1196.3991251313305 528.2906554616835
25 1 470.7939253076272 335.9007013006343
25 2 155.3693748697571 315.6237511966194
25 4 1112.55538752777 511.1022319453161
25 5 1046.688526941266 499.2365252958459
25 6 955.677989883718 624.7768851787139
25 7 875.7656759067145 570.7229761916179
25 8 398.7162643310579 225.3566128656764
25 9 935.0643318837556 489.3199488112351
25 10 351.00078828397784 148.9804304755617
25 11 142.24220506760906 266.0517646244983
25 16 286.630291534087 285.77718857509814
25 24 1247.0130741775026 580.2274798491128
25 33 1193.6045722873046 527.4582222772921
26 1 476.2683555456231 335.8104396290439
26 2 156.958441954495 316.3619488092916
26 4 1109.462246675822 509.9904486733645
26 5 1044.5329527688127 497.9170075831333
26 6 953.9528021884258 623.4391512998783
26 7 874.5494231459959 569.0008117919214
26 8 400.0086180165831 226.424014359059
26 9 933.6608560817216 488.2406965560001
26 10 353.29343911632884 149.977511605334
26 11 143.79939872439363 267.0101217402842
26 16 288.3680204708835 286.3173098951408
26 24 1243.6790384860542 579.5208857559571
26 33 1190.7734810586528 526.6257890929005
27 1 481.6679491329412 335.7093132380006
27 2 158.62956601568897 317.09280858495083
27 4 1106.3127858322073 508.8493928441584
27 5 1042.3773785963594 496.5974898704207
27 6 952.2276144931336 622.0419583812612
27 7 873.3331703852773 567.2539675061557
27 8 401.3317433456254 227.4901172297102
27 9 932.2311140560716 487.13688378817903
27 10 355.58608994867984 150.9745927351063
27 11 145.4315467434185 267.96739337920457
27 16 290.1443491713805 286.8628411229021
27 24 1240.345002794606 578.7653799709163
27 33 1187.9071542489082 525.793355908509
28 1 486.9927060695813 335.59757146031734
28 2 160.3774469226309 317.8164693125241
28 4 1103.1142114725253 507.68056292048425
28 5 1040.221804423906 495.277972157708
28 6 950.5024267978416 620.5867815653941
28 7 872.1169176245587 565.4848607353731
28 8 402.6828218342911 228.5530840198835
28 9 930.7759098577324 486.01049772319726
28 10 357.87874078103084 151.97167386487862
28 11 147.13369998781457 268.9224297356141
28 16 291.9548669176275 287.4156886998599
28 24 1237.0109671031576 577.961938611215
28 33 1185.0068946616034 524.9609227241176
29 1 492.2426263555435 335.4754636288069
29 2 162.19702221704986 318.53311365812294
29 4 1099.8737206746046 506.4854372965667
29 5 1038.066230251453 493.95845444499537
29 6 948.7772391025492 619.0750959948084
29 7 870.9006648638401 563.6957244340578
29 8 404.05903766919965 229.6112955781361
29 9 929.2960475376308 484.86345682391845
29 10 360.17139161338184 152.96875499465094
29 11 148.90127493267929 269.87413655320427
29 16 293.7955058827916 287.9774065904768
29 24 1233.6769314117091 577.1115377940777
29 33 1182.0740051002708 524.1284895397262
29 40 297.3380777293238 164.8804455987339
30 1 497.4177099908278 335.34323907628243
30 2 164.08346613730063 319.24296146876827
30 4 1096.5984688589988 505.26547429806914
30 5 1035.9106560789994 492.6389367322828
30 6 947.0520514072572 617.5083768120356
30 7 869.6844121031215 561.8886162006847
30 8 405.4575901075997 230.66333784205256
30 9 927.7923311466932 483.6976108006448
30 10 362.4640424457328 153.96583612442325
30 11 150.73004162161584 270.8214740352999
30 16 295.66253029248213 288.5492183265372
30 24 1230.342895720261 576.2151536367286
30 33 1179.109788368443 523.2960563553347
30 40 300.256502078202 165.84213154609574
30 41 95.8215226497814 228.8478670560397
31 1 502.51795697543423 335.20114713555665
31 2 166.03218832629807 319.9462633484399
31 4 1093.2955389544209 504.0221121820932
31 5 1033.755081906546 491.31941901957015
31 6 945.3268637119652 615.8880991596075
31 7 868.4681593424029 560.065427190397
31 8 406.8757052996485 231.7079889551565
31 9 926.2655647358472 482.5147406111168
31 10 364.75669327808384 154.96291725419556
31 11 152.61611162327293 271.7634557551558
31 16 297.5525255860757 289.132038517725
31 24 1227.0088600288125 575.2737622563925
31 33 1176.115547269653 522.4636231709433
31 40 303.1749264270801 166.80381749345756
31 41 99.5776536403559 229.3705690119817
32 1 507.54336730936274 335.0494371394425
32 2 168.0388322231974 320.6432945064511
32 4 1089.9719119881202 502.7567691371793
32 5 1031.5995077340929 489.9999013068575
32 6 943.6016760166729 614.2157381800553
32 7 867.2519065816844 558.227890849801
32 8 408.3106475328549 232.74420671801064
32 9 924.7165523560196 481.3165584605133
32 10 367.0493441104349 155.9599983839679
32 11 154.55592598788402 272.69914756625326
32 16 299.46238757804025 289.7264938284409
32 24 1223.6748243373638 574.2883397702936
32 33 1173.0925846074333 521.6311899865517
32 40 306.0933507759583 167.7655034408194
32 41 103.39644843808526 229.8932709679237
33 1 512.4939409926133 334.8883584207529
33 2 170.09927313882034 321.3343488781477
33 4 1086.634439101197 501.470843283306
33 5 1029.4439335616394 488.68038359414487
33 6 941.8764883213807 612.4927690159105
33 7 866.0356538209658 556.3775914738787
33 8 409.7597298986867 233.77111637350504
33 9 923.1460980581368 480.10470780145147
33 10 369.34199494278585 156.9570795137402
33 11 156.54624320380714 273.6276665125968
33 16 301.3893116192599 290.3329434208591
33 24 1220.3407886459154 573.2598622956567
33 33 1170.0422031853163 520.7987568021603
33 40 309.01177512483645 168.72718938818124
33 41 107.27790704296946 230.41597292386567
34 1 517.369678025186 334.7181603123008
34 2 172.2096160148269 322.0197335179316
34 4 1083.2898149888583 500.1657126718906
34 5 1027.288359389186 487.3608658814322
34 6 940.1513006260884 610.7206668097048
34 7 864.8194010602472 554.5159725850183
34 8 411.22032438134033 234.7879987263333
34 9 921.5550058931258 478.88076333398703
34 10 371.6346457751368 157.95416064351252
34 11 158.584127154064 274.5481797390106
34 16 303.3307817583596 290.9514988642248
34 24 1217.0067529544672 572.1893059497062
34 33 1166.965705806835 519.9663236177688
34 40 311.9301994737146 169.68887533554306
34 41 111.22202945500852 230.9386748798077
35 1 522.1705784070808 334.53909214689907
35 2 174.3661928666333 322.69976326460943
35 4 1079.944552765617 498.8427352857889
35 5 1025.1327852167328 486.0413481687197
35 6 938.4261129307964 608.9009067039694
35 7 863.6031482995286 552.6443451341631
35 8 412.6898713686755 235.79427859665745
35 9 919.9440799119136 477.646231005614
35 10 373.9272966074878 158.95124177328483
35 11 160.66693507287985 275.4599034014351
35 16 305.28455990303 291.5820435103908
35 24 1213.6727172630187 571.0776468496665
35 33 1163.864395275522 519.1338904333774
35 40 314.8486238225928 170.6505612829049
35 41 115.22881567420244 231.46137683574972
36 1 526.8966421382977 334.35140325736063
36 2 176.56555991007542 323.37475567906586
36 4 1076.604960255424 497.5032490392952
36 5 1022.9772110442796 484.721830456007
36 6 936.7009252355044 607.0349638412362
36 7 862.38689553881 550.7638955240777
36 8 414.1658885853123 236.7895136079601
36 9 918.3141241654268 476.40254801126457
36 10 376.2199474398388 159.94832290305715
36 11 162.79230550222275 276.36210157722377
36 16 307.2486749813515 292.2242513355948
36 24 1210.3386815715703 569.9258611127622
36 33 1160.7395743949094 518.3014572489859
36 40 317.76704817147095 171.61224723026675
36 41 119.2982657005512 231.98407879169173
37 1 531.5478692188367 334.1553429764984
37 2 178.8044943718185 324.0450262542611
37 4 1073.2771177067498 496.148571778142
37 5 1020.8216368718262 483.4023127432944
37 6 934.975737540212 605.1243133640363
37 7 861.1706427780914 548.8756934547321
37 8 415.64597944789296 237.773383309086
37 9 916.6659427045928 475.1510827933096
37 10 378.5125982721898 160.94540403282946
37 11 164.95814624834324 277.2540851754395
37 16 309.2214121031194 292.8776052484758
37 24 1207.004645880122 568.7349248562176
37 33 1157.5925459685304 517.4690240645945
37 40 320.6854725203491 172.5739331776286
37 41 123.43037953405484 232.5067807476337
38 1 536.1242596486977 333.9511606371253
38 2 181.0799909835121 324.7108838975537
38 4 1069.9668569325984 494.7800012795007
38 5 1018.6660626993728 482.08279503058174
38 6 933.25054984492 603.1704304149015
38 7 859.9543900173728 546.980699590804
38 8 417.12784084250654 238.7456786304709
38 9 915.000339580338 473.8931350415583
38 10 380.8052491045408 161.94248516260177
38 11 167.16262233831355 278.13521084715137
38 16 311.2013017211685 293.541414864331
38 24 1203.6706101886734 567.5058141972575
38 33 1154.4246127999177 516.6365908802029
38 40 323.60389686922724 173.53561912499043
38 41 127.62515717471332 233.02948270357572
38 52 561.1202697753905 248.2422790527344
39 1 540.6258134278809 333.7391055720542
39 2 183.3892581596916 325.3726266853476
39 4 1066.6797418754657 493.39881525198086
39 5 1016.5104885269196 480.7632773178691
39 6 931.5253621496278 601.1747901363632
39 7 858.7381372566542 545.0797730512986
39 8 418.6092703242773 239.70629167455888
39 9 913.3181188435892 472.629935693258
39 10 383.0978999368918 162.93956629237408
39 11 169.40414397656755 279.004879895731
39 16 313.1871087926973 294.2148337456125
39 24 1200.336574497225 566.239505253106
39 33 1151.2370776926036 515.8041576958115
39 40 326.5223212181054 174.49730507235228
39 41 131.88259862252664 233.55218465951776
39 52 562.8112182617188 248.2857360839844
39 53 1258.1639738508975 634.3576255838975
40 1 545.052530556386 333.5194271140981
40 2 185.72971385942475 326.0305378900644
40 4 1063.4210505972374 492.0062713356308
40 5 1014.3549143544662 479.4437596051565
40 6 929.8001744543355 599.1388676709528
40 7 857.5218844959356 543.1736787212866
40 8 420.0881727391168 240.6552058404079
40 9 911.6200845452736 471.3626469330946
40 10 385.39055076924274 163.9366474221464
40 11 171.68135450143984 279.8625371871493
40 16 315.17782194059305 294.89687610866383
40 24 1197.0025388057766 564.936974140988
40 33 1148.0312434501209 514.97172451142
40 40 329.44074556698354 175.4589910197141
40 41 136.20270387749483 234.07488661545975
40 52 564.5021667480469 248.3291931152344
40 53 1257.4952688355093 636.3929982706172
41 1 549.4044110342135 333.2923745960698
41 2 188.098981131705 326.68488227943965
41 4 1060.1957586940266 490.60360710193714
41 5 1012.199340182013 478.1242418924439
41 6 928.0749867590436 597.064138161202
41 7 856.305631735217 541.2630943857595
41 8 421.5625662676402 241.5924862824834
41 9 909.907040736318 470.0923621931924
41 10 387.68320160159374 164.9337285519187
41 11 173.99311834170535 280.70767006027324
41 16 317.1726426147563 295.5864329966961
41 24 1193.6685031143284 563.5991969781277
41 33 1144.808412876002 514.1392913270286
41 40 332.3591699158617 176.4206769670759
41 41 140.58547293961786 234.5975885714018
41 53 1256.400678748051 637.7379906404185
42 1 553.6814548613629 333.0581973507823
42 2 190.49488334458977 327.3359026881444
42 4 1057.0085241359525 489.1920400538252
42 5 1010.0437660095596 476.8047241797312
42 6 926.3497990637512 594.9520767496421
42 7 855.0893789744985 539.3486176856036
42 8 423.0305878912449 242.51827070364047
42 9 908.1797914676488 468.820106153114
42 10 389.9758524339448 165.93080968169102
42 11 176.3385089731191 281.539807237162
42 16 319.1709742534253 296.28228791900466
42 24 1190.33446742288 562.2271498817497
42 33 1141.56988877378 513.3068581426371
42 40 335.2775942647399 177.38236291443778
42 41 145.03090580889574 235.1202905273438
42 53 1254.926481673648 638.4795970310352
43 1 557.8836620378345 332.8171447110484
43 2 192.91543909808505 327.98381686173093
43 4 1053.863673531857 487.7727676256585
43 5 1007.8881918371064 475.4852064670186
43 6 924.6246113684592 592.8041585788046
43 7 853.8731262137799 537.4307728956912
43 8 424.490498280354 243.43276048229387
43 9 906.4391407901936 467.54683473986034
43 10 392.2685032662957 166.92789081146333
43 11 178.71679687495538 282.3585177333639
43 16 321.172411444501 296.98313195642555
43 24 1187.0004317314315 560.8218089690786
43 33 1138.316973946987 512.4744249582457
43 40 338.19601861361804 178.3440488617996
43 41 149.5390024853285 235.6429924832858
43 53 1253.1150919873592 638.6967328376873
44 1 562.0110325636281 332.56946600968115
44 2 195.35885682077583 328.6288145729041
44 4 1050.765189818968 486.3469671832393
44 5 1005.7326176646528 474.165688754306
44 6 922.899423673167 590.6218587912211
44 7 852.6568734530613 535.5100175250898
44 8 425.9406861048228 244.33621213377592
44 9 904.6858927548788 466.27343512787087
44 10 394.56115409864674 167.92497194123564
44 11 181.12743748654728 283.163409768213
44 16 323.17672908687143 297.6875783330312
44 24 1183.666396039983 559.3841503573386
44 33 1135.050971199156 511.64199177385416
44 40 341.1144429624962 179.30573480916144
44 41 154.10976296891607 236.1656944392278
44 53 1251.0052643540737 638.4607068518485
45 1 566.0635664387438 332.31541057949335
45 2 197.82352905020224 329.271055010116
45 4 1047.7167013774915 484.9157960238083
45 5 1003.5770434921996 472.8461710415934
45 6 921.1742359778748 588.4066525294232
45 7 851.4406206923427 533.5867487393893
45 8 427.37967176650864 245.2289291058835
45 9 902.9208514126312 465.00072573902327
45 10 396.85380493099774 168.92205307100795
45 11 183.57005916382644 283.95412967512544
45 16 325.1838715517364 298.3941764540669
45 24 1180.3323603485346 557.9151501637546
45 33 1131.7731833338198 510.80955858946265
45 40 344.03286731137433 180.26742075652328
45 41 158.74318725965853 236.6883963951698
45 53 1248.6322928314405 637.8356807624855
46 1 570.0412636631817 332.055227753298
46 2 200.30802639698143 329.9106644384865
46 4 1044.7214725701567 483.48039137604457
46 5 1001.4214693197464 471.5266533288808
46 6 919.4490482825828 586.1600149359423
46 7 850.2243679316241 531.661309605147
46 8 428.8061105540056 246.11125390861253
46 9 901.1448208143778 463.72945624263366
46 10 399.1464557633488 169.91913420078026
46 11 186.04445113586235 284.7303608118963
46 16 327.19394184393184 299.1014254101267
46 24 1176.9983246570862 556.4157845055507
46 33 1128.4849131545109 509.9771254050712
46 40 346.95129166025254 181.22910670388512
46 41 163.43927535755583 237.2110983511118
46 53 1246.0282050758256 636.8791158196727
46 54 673.050262451172 246.03502909342453
47 1 573.9441242369417 331.78916686390795
47 2 202.81109119267583 330.54773413304827
47 4 1041.7823957066937 482.0418704000658
47 5 999.265895147293 470.2071356161681
47 6 917.7238605872906 583.8834211533099
47 7 849.0081151709055 529.7339951564506
47 8 430.2187952195413 246.9835605780808
47 9 899.3586050110456 462.46030755545655
47 10 401.4391065956997 170.9162153305526
47 11 188.55055146140177 285.49182247099594
47 16 329.20719076325526 299.80778694756947
47 24 1173.6642889656378 554.8870294999516
47 33 1125.187463464761 509.14469222067976
47 40 349.8697160091307 182.19079265124697
47 41 168.198027262608 237.73380030705383
47 53 1243.221951651302 635.6422066606651
47 54 673.5868530273439 245.8017069498698
48 1 577.7721481600236 331.51747724413616
48 2 205.3316308214064 331.1823185843156
48 4 1038.9019844332506 480.6013301874282
48 5 997.1103209748396 468.88761790345546
48 6 915.9986728919984 581.5783463240573
48 7 847.7918624101869 527.8050582835986
48 8 431.616657978038 247.8462474746392
48 9 897.5630080535612 461.1938918416848
48 10 403.73175742805074 171.91329646032491
48 11 191.08843498540847 286.2382687898669
48 16 331.2240060657893 300.5116979051745
48 24 1170.3302532741895 553.3298612641817
48 33 1121.8821370681046 508.31225903628825
48 40 352.78814035800883 183.1524785986088
48 41 173.01944297481498 238.25650226299584
48 53 1240.2395904416617 634.1703022983797
48 54 674.1234436035157 245.56838480631512
48 57 1010.477783203125 357.61053466796875
49 1 581.5253354324277 331.24040822679547
49 2 207.86871073521243 331.8144339761793
49 4 1036.0823685467583 479.1598477611264
49 5 994.9547468023864 467.5681001907428
49 6 914.2734851967062 579.2462655907163
49 7 846.5756096494683 525.8747154438989
49 8 432.9987719283377 248.69973041517056
49 9 895.7588339928516 459.9307525129497
49 10 406.02440826040174 172.91037759009723
49 11 193.6583012956025 286.9694876612201
49 16 333.2449016252272 301.21158211703755
49 24 1166.996217582741 551.7452559154656
49 33 1118.5702367680728 507.4798258518968
49 40 355.706564706887 184.11416454597065
49 41 177.90352249417683 238.77920421893785
49 53 1237.1044661654744 632.5033142722991
49 60 16.085913920111125 274.76281596404567
50 1 585.2036860541539 330.95820914469886
50 2 210.4215471531569 332.4440569361252
50 4 1033.325290234227 477.7184800755934
50 5 992.7991726299332 466.24858247803024
50 6 912.548297501414 576.8886540958183
50 7 845.3593568887497 523.9431521945858
50 8 434.3643518965901 249.5444361395776
50 9 893.9468868798436 458.6713642283208
50 10 408.3170590927528 173.90745871986954
50 11 196.260462679 287.6852996433319
50 16 335.27050659419695 301.90586178170634
50 24 1163.662181891293 550.1341895710277
50 33 1115.253065368199 506.6473926675053
50 40 358.6249890557651 185.07585049333247
50 41 182.8502658206936 239.30190617487983
50 53 1233.837384994156 630.6761119618104
50 60 16.000428607059803 275.6043813869089
51 1 588.8072000252022 330.6711293306592
51 2 212.9894994441778 333.0711235577778
51 4 1030.6321017369876 476.278264016701
51 5 990.6435984574798 464.9290647653176
51 6 910.823109806122 574.5069869818948
51 7 844.1431041280312 522.0105285478536
51 8 435.7127547018048 250.38079611145832
51 9 892.1279707654642 457.4161328943061
51 10 410.6097099251037 174.90453984964185
51 11 198.89533207845224 288.3855568703403
51 16 337.3015545655862 302.592968297556
51 24 1160.3281461998442 548.4976383480926
51 33 1111.9319256720155 505.81495948311385
51 40 361.5434134046433 186.0375364406943
51 41 187.85967295436515 239.82460813082184
51 53 1230.4567842730894 628.7189050619536
51 60 16.569059267527336 276.4474085048452
52 1 592.3358773455725 330.3794181174894
52 2 215.572062193685 333.6955286957688
52 4 1028.0037644398735 474.8402164017592
52 5 988.4880242850264 463.60954705260497
52 6 909.0979221108298 572.1027393914773
52 7 842.9268513673126 520.0769841480093
52 8 437.0434788435667 251.20924065296973
52 9 890.3028897006401 456.165395664852
52 10 412.9023607574547 175.90162097941416
52 11 201.5634110491855 289.0701419625416
52 16 339.33887273386665 303.2713525644052
52 24 1156.9941105083958 546.8365783638847
52 40 364.4618377535214 186.99922238805613
52 41 192.9317438951916 240.34731008676383
52 53 1226.9788973457523 626.6576132216042
52 60 17.674312212220684 277.2913683915555
53 1 595.789718015265 330.0833248380024
53 2 218.1688569539034 334.3171255329298
53 4 1025.4408493853412 473.4053339795167
53 5 986.3324501125732 462.2900293398923
53 6 907.3727344155376 569.6773864670972
53 7 841.710598606594 518.142643270742
53 8 438.3561636119154 252.03019341388017
53 9 888.4724477362981 454.9194209413432
53 10 415.1950115898057 176.89870210918647
53 11 204.2652777153405 289.7389669366872
53 16 341.38337105641904 303.93949475137083
53 24 1153.6600748169474 545.1519857356284
53 40 367.3802621023996 187.960908335418
53 41 198.06647864317287 240.87001204270587
53 53 1223.4179134808967 624.5142228440614
53 60 19.211645677740307 278.1357321207412
54 1 599.1687220342795 329.7830988250111
54 2 220.77962367796135 334.93572541981
54 4 1022.9435392125304 471.97459343016055
54 5 984.1768759401198 460.9705116271797
54 6 905.6475467202456 567.2324033512862
54 7 840.4943458458754 516.2076196445119
54 8 439.6505876193879 252.8440661748092
54 9 886.6374489233654 453.67840837260286
54 10 417.4876624221567 177.89578323895878
54 11 207.00157472651185 290.39197211628
54 16 343.43603141485727 304.5959135309636
54 24 1150.326039125499 543.4448365805483
54 40 370.2986864512778 188.9225942827798
54 41 203.263877198309 241.39271399864788
54 53 1219.786132902746 622.3071310500941
54 60 21.08867674703288 278.9799707661034
55 1 602.4728894026163 329.4789894113284
55 2 223.4042118377258 335.5510979865187
55 4 1020.5116315212668 470.5489513653164
55 5 982.0213017676664 459.6509939144671
55 6 903.9223590249534 564.7692651865756
55 7 839.2780930851568 514.2720210940545
55 8 440.9266667552248 253.6512539846561
55 9 884.7986973127685 452.4424888548924
55 10 419.7803132545077 178.8928643687311
55 11 209.77299721428727 291.02912504187094
55 16 345.49789677635346 305.23917477942337
55 24 1146.9920034340505 541.7161070158689
55 40 373.2171108001559 189.88428023014168
55 53 1216.0941169242235 620.0514768033836
55 60 23.22440937389547 279.8235554013434
56 1 605.702220120275 329.1712459297672
56 2 226.04257122538215 336.1629715268924
56 4 1018.1445436610044 469.1293443280483
56 5 979.8657275952132 458.33147620175447
56 6 902.1971713296612 562.289447115497
56 7 838.0618403244382 512.3359540060056
56 8 442.18445156174073 254.4521306322168
56 9 882.9569969554344 451.21172453191184
56 10 422.0729640868587 179.88994549850344
56 11 212.58028074878771 291.650419381356
56 16 347.5700603549625 305.8678997432943
56 24 1143.657967742602 539.9667731588148
56 40 376.13553514903407 190.8459661775035
56 53 1212.35083318322 617.759459198368
56 60 25.54848351160763 280.66595710016225
57 1 608.8567141872559 328.8601177131405
57 2 228.6947424387611 336.7710336549865
57 4 1015.841318944706 467.7166887928589
57 5 977.7101534227598 457.0119584890418
57 6 900.471983634369 559.7944242805818
57 7 836.8455875637196 510.3995276166424
57 8 443.424124032858 255.24704445198816
57 9 881.1131519022899 449.9861087947992
57 10 424.3656149192097 180.88702662827572
57 11 215.42418929520645 292.25587384027205
57 16 349.6536547729464 306.48077267224
57 24 1140.323932051154 538.1978111266103
57 40 379.0539594979123 191.8076521248653
57 53 1208.5637959818753 615.4406429105838
57 60 28.000445345582197 281.50664693626123
58 1 611.9363716035589 328.5458540942611
58 2 231.36084705041011 337.37493223389174
58 4 1013.6006342876668 466.3118811656893
58 5 975.5545792503066 455.6924407763292
58 6 898.746795939077 557.2856718243617
58 7 835.629334803001 508.4628581217424
58 8 444.6459938348035 256.0363144641613
58 9 879.267966204262 448.7655662821313
58 10 426.65826575156063 181.8841077580481
58 11 218.3055031703484 292.84553107209433
58 16 351.7498412220992 307.076547918098
58 24 1136.9898963597054 536.4101970364801
58 53 1204.739201728912 613.1022508093579
58 60 30.52903863016581 282.34509598334154
59 1 614.9411923691839 328.2287044059419
59 2 234.04107746041203 337.9742765768753
59 4 1011.420809271276 464.915797783919
59 5 973.3990050778532 454.37292306361655
59 6 897.0216082437847 554.7646648893681
59 7 834.4130820422824 506.526072608561
59 8 445.8504939489702 256.82022684880263
59 9 877.4222439122775 447.5499528799231
59 10 428.9509165839116 182.8811888878204
59 11 221.22500699917023 293.4194565885322
59 16 353.85979862507173 307.65405650017544
59 24 1133.655860668257 534.6049070056484
59 53 1200.8820594849758 610.7494437329456
59 60 33.091517129420026 283.1807753151044
60 1 617.871176484131 327.908917980996
60 2 236.7356864329485 338.5686389208469
60 4 1009.2998166317208 463.5292949163661
60 5 971.2434309054 453.053405350904
60 6 895.2964205484926 552.2328786181324
60 7 833.1968292815639 504.5893128099264
60 8 447.0381757369412 257.5990317542233
60 9 875.5767890772631 446.3390557216278
60 10 431.2435674162626 183.87827001759268
60 11 224.1834776713192 293.97773766982647
60 16 355.9847127966958 308.21221213678336
60 24 1130.3218249768086 532.7829171513399
60 53 1196.9963166110265 608.3855874261144
60 60 35.652978162101135 284.01315600525083
60 67 34.15325927734375 286.027099609375
61 1 620.7263239484002 327.58674415223607
61 2 239.44497631661 339.15755617214904
61 4 1007.2352941736286 462.1532087632871
61 5 969.0878567329466 451.7338876381913
61 6 893.5712328532005 549.6917881531863
61 7 831.9805765208453 502.6527386804527
61 8 448.209703427678 258.37294043953665
61 9 873.732405750146 445.1325931881373
61 10 433.5362182486136 184.875351147365
61 11 227.18167229767303 294.52048227504537
61 16 358.12576560530914 308.7500167430116
61 24 1126.98778928536 530.9452035907791
61 53 1193.084979519747 606.0125066401247
61 60 38.18571725056791 284.8417091274822
62 1 623.5066347619916 327.26243225247515
62 2 242.16928794845057 339.7405319246725
62 4 1005.2245581086506 460.7883554563772
62 5 966.9322825604931 450.4143699254787
62 6 891.8460451579083 547.142868637061
62 7 830.7643237601267 500.7165317948708
62 8 449.36584802687247 259.14212275140403
62 9 871.8898979818526 443.93021490778176
62 10 435.82886908096464 185.8724322771373
62 11 230.22031616687943 295.0478179523815
62 16 360.28412413408006 309.2665653947432
62 24 1123.6537535939117 529.0927424411904
62 53 1189.1502295299904 603.6307263951348
62 60 40.668603873913526 285.6659057554997
63 1 626.2121089249049 326.9362316145261
63 2 244.90898924179 340.3170387502961
63 4 1003.2646178189856 459.4355310587698
63 5 964.77670838804 449.09485221276606
63 6 890.1208574626162 544.5875952122884
63 7 829.5480709994081 498.7808985684766
63 8 450.5074806484621 259.9067049349691
63 9 870.0500698233102 442.7315017563295
63 10 438.1215199133157 186.8695134069096
63 11 233.30009070189544 295.5598907494484
63 16 362.4609298423318 309.7610507589093
63 24 1120.3197179024633 527.2265098197983
63 53 1185.193533824247 601.2397004050581
63 60 43.08647832508177 286.48521696300446
64 1 628.8427464371405 326.6083915712019
64 2 247.66446345776072 340.8865207616516
64 4 1001.3521920458444 458.095511565037
64 5 962.6211342155866 447.7753345000534
64 6 888.395669767324 542.0274430213997
64 7 828.3318182386895 496.8460732996978
64 8 451.63556526830905 260.66676777897896
64 9 868.2137253254455 441.5359658569875
64 10 440.4141707456666 187.86659453668196
64 11 236.42162141652688 296.05686412357704
64 16 364.6572877268675 310.23276698998325
64 24 1116.985682211015 525.3474818438273
64 53 1181.215751509152 598.8380266648005
64 60 45.429569672116486 287.29911382369767
65 1 631.3985472986981 326.27916145531543
65 2 250.4360971606003 341.4483964472126
65 4 999.483726502852 456.7690529011894
65 5 960.4655600431332 446.4558167873408
65 6 886.6704820720319 539.4638872069264
65 7 827.1155654779709 494.9123210347786
65 8 452.75115090004266 261.4223450950958
65 9 866.3816685391852 440.343050580401
65 10 442.7068215780176 188.86367566645424
65 11 239.58546587196804 296.53891785211243
65 16 366.8742554832946 310.6811130927155
65 24 1113.6516465195666 523.456634630502
65 33 1065.7488687912175 494.1608949016333
65 53 1177.2172347790158 596.4236501999612
65 60 47.692934823389805 288.1070674112805
66 1 633.8795115095777 325.9487905996796
66 2 253.22426785669148 342.00206177870893
66 4 997.6554129143948 455.456890924676
66 5 958.30998587068 445.1362990746282
66 6 884.9452943767398 536.8984029114002
66 7 825.8993127172523 492.9799402545814
66 8 453.85536319306607 262.1734225313945
66 9 864.5547035154564 439.1521305446535
66 10 444.99947241036864 189.86075679622653
66 11 242.79210163334125 297.0062469427102
66 16 369.1128326673495 311.1055957511077
66 24 1110.3176108281182 521.5549442970467
66 33 1062.5245410743069 493.32846171724185
66 53 1173.1979251824032 593.9940529789424
66 60 49.87591869706375 288.9085487994543
67 1 636.2856390697796 325.6175283371072
67 2 256.0293313173455 342.5468935908654
67 4 995.863209478903 454.15974142438426
67 5 956.1544116982268 443.8167813619156
67 6 883.2201066814475 534.3324652773525
67 7 824.6830599565337 491.049265383507
67 8 454.9493954527257 262.9199367200496
67 9 862.7336343051857 437.9625116152672
67 10 447.2921232427197 190.8578379259989
67 11 246.04191422623583 297.4590605436333
67 16 371.3739498562223 311.505831623626
67 24 1106.9835751366695 519.643386960686
67 33 1059.3170899176089 492.4960285328504
67 53 1169.1574449917036 591.5464309874451
67 60 51.98163549447236 289.7030290619201
68 1 638.6169299793034 325.28562400041136
68 2 258.8516085853336 343.08225323346494
68 4 994.1028627570764 452.8783001206403
68 5 953.9988375257734 442.4972636492029
68 6 881.4949189861554 531.7675494473148
68 7 823.4668071958151 489.12066912053314
68 8 456.03449908264486 263.66177475921006
68 9 860.9192649593002 436.7734309052023
68 10 449.5847740750706 191.8549190557712
68 11 249.33518509324853 297.8975808540485
68 16 373.6584578098814 311.8815491046568
68 24 1103.6495394452213 517.7229387386445
68 33 1056.1278181246564 491.6635953484589
68 53 1165.0951836757731 589.0778584654813
68 60 54.01647107768258 290.4899792723792
69 1 640.8733842381494 324.95332692240487
69 2 261.69137266516293 343.6074904957369
69 4 992.3699309850504 451.6132426652085
69 5 951.84326335332 441.1777459364903
69 6 879.7697312908632 529.2051305638186
69 7 822.2505544350965 487.1945645923694
69 8 457.1119734492211 264.39877402906285
69 9 859.1123995287267 435.5840567748576
69 10 451.8774249074216 192.8520001855435
69 11 252.67207955052191 298.3220420343229
69 16 375.9671166323979 312.2325895521996
69 24 1100.3155037537729 515.7945757481466
69 33 1052.9580284989815 490.83116216406745
69 53 1161.010379475595 586.5854393067007
69 60 55.98960645110856 291.26887050453263
70 1 643.0550018463175 324.6208864359007
70 2 264.5488348970993 344.12194780307
70 4 990.6598088124993 450.3652246412919
70 5 949.6876891808668 439.8582282237777
70 6 878.0445435955711 526.6466837693953
70 7 821.034301674378 485.2714073287318
70 8 458.1831551682867 265.13072234208414
70 9 857.313842064392 434.3934888320703
70 10 454.17007573977264 193.8490813153158
70 11 256.05263474428483 298.7326891163208
70 16 378.3005849332708 312.5589079818015
70 24 1096.9814680623244 513.8592741064167
70 53 1156.9021960829466 584.0664456202271
70 60 57.91256234717548 292.03917383208176
71 1 645.1617828038077 324.28855187371164
71 2 267.4241310149346 344.6249646860492
71 4 988.9677534656844 449.1348815635321
71 5 947.5321150084136 438.538710511065
71 6 876.319355900279 524.0936842065764
71 7 819.8180489136594 483.3516970597339
71 8 459.249406813933 265.8573584274776
71 9 855.524396617223 433.20075793211566
71 10 456.4627265721236 194.8461624450881
71 11 259.47674760739136 299.1297769136999
71 16 380.6594089887509 312.8605732267304
71 24 1093.6474323708762 511.9180099306793
71 53 1152.769794422128 581.5184434548482
71 60 59.79876491606774 292.8003603287277
72 1 647.19372711062 323.9565725686507
72 2 270.31730688750093 345.1158825218189
72 4 987.2889123354388 447.922828878009
72 5 945.37654083596 437.2191927983524
72 6 874.5941682049868 521.5476070178937
72 7 818.6017961529408 481.43597933539615
72 8 460.31210504949865 266.5783727498043
72 9 853.7448672381465 432.0048261777077
72 10 458.7553774044746 195.8432435748604
72 11 262.9441628158604 299.5135689322082
72 16 383.0440119031657 313.1377675643897
72 24 1090.3133966794278 509.9717593381591
72 53 1148.6123995347073 578.9394056857032
72 60 61.6631325196322 293.55190106817173
73 1 649.1508347667543 323.6251978535308
73 2 273.2283039439308 345.59404954776915
73 4 985.6183519900926 446.7296619622411
73 5 943.2209666635068 435.8996750856398
73 6 872.8689805096947 519.0099273458784
73 7 817.3855433922221 479.5248469672733
73 8 461.372628180721 267.2934086617966
73 9 851.9760579780896 430.8045869189989
73 10 461.0480282368256 196.84032470463276
73 11 266.4544607454157 299.8843362799805
73 16 385.4546827702445 313.3907858089714
73 24 1086.9793609879794 508.0214984460804
73 53 1144.4293625673015 576.3278120633195
73 60 63.52168362917109 294.29326712411495
74 1 651.0331057722108 323.2946770611648
74 2 276.1569442826621 346.0588261475473
74 4 983.951088613342 445.5559561251854
74 5 941.0653924910534 434.5801573729272
74 6 871.1437928144024 516.4821203330621
74 7 816.1692906315035 477.6189412922
74 8 462.4323431310514 268.002063891363
74 9 850.2187728879787 429.5988647535793
74 10 463.3406790691766 197.83740583440508
74 11 270.0070454280241 300.24235657783504
74 16 387.8915658344425 313.6200338703497
74 24 1083.645325296531 506.06820337166766
74 53 1140.2202178623654 573.6827364251403
74 60 65.39116582755014 295.0239295702586
75 1 652.8405401269894 322.96525952436565
75 2 279.1029154641898 346.50959040939443
75 4 982.282119867054 444.4022666072373
75 5 938.9098183186002 433.2606396602145
75 6 869.4186051191103 513.9656611219763
75 7 814.9530378707849 475.7189532581528
75 8 463.4925918391341 268.7038923627804
75 9 848.4738160187411 428.38641552647846
75 10 465.6333299015276 198.8344869641774
75 11 273.6011325084363 300.58791286956983
75 16 390.3546496522654 313.82602677921466
75 24 1080.3112896050825 504.1128502321456
75 53 1135.9847351520498 571.0039210694094
75 60 67.28870591523628 295.7433594803038
76 1 654.57313783109 322.6371945759462
76 2 282.0657549875631 346.94574395680644
76 4 980.6064581790135 443.26912858023087
76 5 936.7542441461468 431.9411219475018
76 6 867.6934174238181 511.4620248551525
76 7 813.7367851100663 473.82562433223177
76 8 464.5546770784484 269.3984063520747
76 9 846.7419914213035 427.1659263301634
76 10 467.9259807338785 199.8315680939497
76 11 277.2357372007261 300.9212925322596
76 16 392.8437562535944 314.0093861784458
76 24 1076.977253913634 502.1564151447384
76 53 1131.72296685507 568.2918382915464
76 60 69.23148112035051 296.4510279279519
77 1 656.2308988845127 322.31073154871945
77 2 285.04483445062914 347.3667180515196
77 4 978.9191654556116 442.15705714743854
77 5 934.5986699736936 430.6216042347893
77 6 865.968229728526 508.9726866751221
77 7 812.5205323493477 471.9397472307594
77 8 465.6198476991151 270.08507897658893
77 10 470.21863156622953 200.828649223722
77 11 280.9096622448292 301.24278618655234
77 16 395.35853030301047 314.1708372807249
77 24 1073.6432182221856 500.1998742266708
77 53 1127.435290476582 565.5477390828933
77 60 71.23641141307053 297.1464059869039
78 1 657.8138232872575 321.98611977549825
78 2 288.03934339402065 347.7719799688206
78 4 977.2153892194724 441.06654734357113
78 5 932.4430958012402 429.3020865220767
78 6 864.2430420332339 506.4991217244168
78 7 811.3042795886291 470.0621664714965
78 8 466.6892832918662 270.7633470187407
78 10 472.5112823985805 201.82573035349432
78 11 284.6214858630832 301.5526866069655
78 16 397.89842826111936 314.3112052923904
78 24 1070.3091825307374 498.2442035951673
78 53 1123.12244611113 562.7736889919138
78 60 73.31987292376652 297.8289647308611
79 1 659.3219110393245 321.6636085890956
79 2 291.04827282889266 348.1610396451824
79 4 975.490400172021 439.9980741347782
79 5 930.2875216287867 427.982568809364
79 6 862.5178543379417 504.042805145568
79 7 810.0880268279105 468.1937787479772
79 8 467.764078274178 271.4326140839666
79 10 474.80393323093153 202.82281148326663
79 11 288.3695497167679 301.8512876321832
79 16 400.462707545876 314.4314113035288
79 24 1066.975146839289 496.29037936745215
79 53 1118.7855690486028 559.9725911477803
79 60 75.49743246543403 298.4981752335248
80 1 660.7551621407135 321.3434473223242
80 2 294.07039844840097 348.5334565982233
80 4 973.7396311809918 438.9520924186478
80 5 928.1319474563336 426.6630510966514
80 6 860.7926666426496 501.6052120811071
80 7 808.871774067192 466.33553312596126
80 8 468.84522539856806 272.09225409285614
80 9 839.96209676809 422.1749053624527
80 10 477.0965840632825 203.81989261303892
80 11 292.15194686264283 302.138883075352
80 16 403.0504156939087 314.5324676443092
80 24 1063.6411111478403 494.3393776607501
80 53 1114.4262174832097 557.1481964464697
80 60 77.78360316015642 299.15350856859595
81 1 662.1135765914246 321.0258853079972
81 2 297.1042635229307 348.88884711899175
81 4 971.9587176928752 437.9290370242061
81 5 925.9763732838804 425.34353338393873
81 6 859.0674789473574 499.18781767356575
81 7 807.6555213064734 464.48843106200354
81 8 469.9335986830562 272.74161510747234
81 9 838.3079942935552 420.8921163674207
81 10 479.3892348956336 204.81697374281129
81 11 295.9665097094885 302.4157656343786
81 16 405.6603795218449 314.61547270755585
81 24 1060.307075456392 492.3921745922855
81 53 1110.046395325526 554.3051008991292
81 60 80.19162116962798 299.7944358097759
81 79 969.4842581317248 356.54669176674315
82 1 663.3971543914578 320.71117187892736
82 2 300.14816147906686 349.2268917365754
82 4 970.1435395703091 436.9293227119183
82 5 923.8207991114268 424.02401567122615
82 6 857.3422912520653 496.7920970654753
82 7 806.4392685457548 462.65352624414334
82 8 471.02993576378793 273.3800234918623
82 9 836.6718483963815 419.5919661541848
82 10 481.6818857279845 205.8140548725836
82 11 299.81079797464565 302.68222580222545
82 16 408.2911942876346 314.68160523756086
82 24 1056.9730397649437 490.44974627928286
82 53 1105.6485701175138 551.4487301430677
82 60 82.73324352973941 300.42042803076583
82 79 966.8759569345502 356.5828151350079
83 1 664.6058955408131 320.3995563679277
83 2 303.2001181623139 349.54734295503494
83 4 968.2902643544056 435.9533441736874
83 5 921.6652249389736 422.7044979585135
83 6 855.6171035567731 494.4195253993674
83 7 805.2230157850362 460.8319242547092
83 8 472.1348196698231 274.0067884067536
83 9 835.0544631274959 418.2726605472808
83 10 483.97453656033554 206.8111360023559
83 11 303.6820866405536 302.9385507772077
83 16 410.94121285187566 314.7321180851377
83 24 1053.6390040734952 488.5130688389667
83 53 1101.2356860506216 548.5853111150027
83 60 85.41856708936575 301.0309563052669
83 79 964.1212808891024 356.4774577567241
84 1 665.7398000394905 320.091288107811
84 2 306.2578737835586 349.85003326266275
84 4 966.3953919520196 435.0014760328559
84 5 919.5096507665204 421.3849802458009
84 6 853.8919158614809 492.0715778177736
84 7 804.0067630243176 459.024782055243
84 8 473.24866002008616 274.6212066384423
84 9 833.4566425378251 416.9323366186831
84 10 486.26718739268654 207.80821713212825
84 11 307.57735391129097 303.1850233732899
84 16 413.6085348391386 314.7683314289127
84 24 1050.3049683820468 486.5831183885615
84 53 1096.8111720868872 545.7218308867805
84 60 88.25586855294023 301.6254917069804
84 79 961.241467598963 356.24663245844977
85 1 666.7988678874899 319.7866164313903
85 2 309.3188645492809 350.1348834135662
85 4 964.4558007479604 434.0740728442038
85 5 917.354076594067 420.0654625330882
85 6 852.1667281661888 489.7497294632252
85 7 802.790510263599 457.23330729354217
85 8 474.3716736424829 275.2225677618649
85 9 831.8791906782961 415.5690626878045
85 10 488.5598382250376 208.80529826190053
85 11 311.493269169115 303.4219209303824
85 16 416.2909957992904 314.7916254628589
85 24 1046.9709326905986 484.6608710452919
85 53 1092.378945183072 542.865982663539
85 60 91.25146562745796 302.2035053096074
85 79 958.2569289030116 355.9056275850371
86 1 667.7830990848115 319.48579067147847
86 2 312.380203975509 350.4019109815752
86 4 962.4687951421396 433.17146909395
86 5 915.1985024216136 418.7459448203756
86 6 850.4415404708966 487.4554554782537
86 7 801.5742575028804 455.4587574328177
86 8 475.5038646151776 275.8101596378625
86 9 830.3229115998356 414.18083832149614
86 10 490.8524890573885 209.80237939167284
86 11 315.42618093100054 303.6495142246381
86 16 418.98615636881993 314.80343255006824
86 24 1043.63689699915 482.747302926382
86 53 1087.9434086178576 540.0260989443391
86 60 94.4095992733346 302.7644681868492
86 79 955.187250875414 355.4690069996332
86 85 331.45431383963967 273.63399601862966
87 1 668.6924936314552 319.18906016088835
87 2 315.4386638855209 350.65123918647515
87 4 960.4321545116608 432.2939791997521
87 5 913.0429282491604 417.426427107663
87 6 848.7163527756045 485.1902310053909
87 7 800.3580047421618 453.7024387029737
87 8 476.645003730036 276.3832742446301
87 9 828.7886093533707 412.76559433404736
87 10 493.14513988973954 210.7994605214452
87 11 319.3721048051796 303.86806637874906
87 16 421.6912914321625 314.8052288427639
87 24 1040.3028613077015 480.8433901490567
87 53 1083.5094454220157 537.2110718450649
87 60 97.73233705935309 303.3078514124069
87 79 952.0511938256328 354.9506100836684
87 85 336.9962132380523 273.4087729820837
87 88 1003.2731630811514 681.4643684252651
88 1 669.527051527421 318.896674232433
88 2 318.4906550912921 350.8831059925648
88 4 958.344183597851 431.44189751070576
88 5 910.8873540767072 416.1069093949504
88 6 846.9911650803124 482.955531187168
88 7 799.1417519814432 451.9657048740005
88 8 477.7946073782314 276.9412138433563
88 9 827.2770879898279 411.3211927871862
88 10 495.43779072209054 211.79654165121747
88 11 323.3267114476817 304.07783177224263
88 16 424.4033792830237 314.7985253685521
88 24 1036.9688256162533 478.95010883054033
88 53 1079.0824069116532 534.4302605839616
88 60 101.2194976218143 303.8331260599817
88 79 948.866692298432 354.3635517368766
88 85 342.3950116028004 273.1835499455377
88 88 1000.5445825726874 678.6587755139481
89 1 670.2867727727089 318.60888221892515
89 2 321.5322077586883 351.09787347953693
89 5 908.7317799042536 414.78739168223774
89 6 845.2659773850202 480.7528311661165
89 7 797.9254992207246 450.24995585148895
89 8 478.9519158580133 277.48329747804974
89 9 825.7891515601344 409.8454269900788
89 10 497.7304415544416 212.79362278098975
89 11 327.28531451887187 304.27905495177896
89 16 427.1190907857052 314.784858582916
89 24 1033.6347899248049 477.0684350880573
89 53 1074.668096324497 531.6933861294137
89 60 104.86859622758676 304.33976320327486
89 79 945.6508550738622 353.72022237727606
89 85 347.6507089338837 272.9583269089917
89 88 997.9069583312904 675.9859673145361
90 1 670.9716573673188 318.3259334531778
90 2 324.55895145640534 351.2960374856866
90 5 906.5762057318004 413.4678739695251
90 6 843.5407896897281 478.58360608476806
90 7 796.709246460006 448.5566360942614
90 8 480.1158711046416 278.00886780955454
90 9 824.325604115217 408.3360214993298
90 10 500.0230923867925 213.7907039107621
90 11 331.2428586399918 304.4719695414466
90 16 429.8347785364284 314.7657803879469
90 24 1030.3007542333564 475.1993450388322
90 53 1070.2727475591312 529.0104130101645
90 60 108.67481144147678 304.8272339159875
90 79 942.4199651672698 353.03228794118013
90 85 352.7633052313023 272.7331038724458
90 88 995.3602903569608 673.4390414731267
90 94 1257.561280707363 670.1999457574661
91 1 671.5817053112509 318.0480772680039
91 2 327.56609488865297 351.4782375234413
91 5 904.4206315593472 412.14835625681246
91 6 841.8156019944358 476.4493310856541
91 7 795.4929936992875 446.8872328541198
91 8 481.2850938424826 278.5172982837531
91 9 822.8872497060023 406.7906321189823
91 10 502.3157432191435 214.7877850405344
91 11 335.19390734969863 304.65679715305964
91 16 432.5464660246598 314.7428476173155
91 24 1026.966718541908 473.3438148000896
91 53 1065.9029990173697 526.3914182881781
91 60 112.63097289737924 305.2950092718209
91 79 939.1894798292988 352.3106898831952
91 85 357.73280049505604 272.5078808358997
91 88 992.9045786496982 671.0110956358192
91 94 1254.056744071189 667.7157023768273
92 1 672.116916604505 317.7755629962164
92 2 330.54840531158663 351.64526696721805
92 5 902.2650573868938 410.8288385440999
92 6 840.0904142991437 474.3514813113062
92 7 794.2767409385689 445.24327423771257
92 8 482.45786015927024 279.0080006339582
92 9 821.4748923834175 405.2068459005175
92 10 504.6083940514945 215.7848661703067
92 11 339.13263106060344 304.8337462964543
92 16 435.2498367944352 314.7176109874861
92 24 1023.6326828504596 471.5028204890538
92 53 1061.5658625496012 523.8464476936283
92 60 116.72757017373078 305.74256034447615
92 79 935.9740305458872 351.5656451762179
92 85 362.5591947251452 272.2826577993538
92 88 990.5398232095029 668.6952274487103
92 94 1248.8213985268958 665.2314589961884
93 1 672.5772912470813 317.508639970628
93 2 333.500187633483 351.79808351360344
93 5 900.1094832144405 409.5093208313872
93 6 838.3652266038516 472.29153190425575
93 7 793.0604881778503 443.62632709052
93 8 483.63207750252906 279.4804327174927
93 9 820.0893361983892 403.5821811428552
93 10 506.9010448838455 216.78194730007905
93 11 343.05279501581265 305.00301128978543
93 16 437.940223605684 314.6916035151665
93 24 1020.2986471590112 469.6773382229495
93 53 1057.268687503151 521.38535892242
93 60 120.95278277290709 306.16935820765457
93 79 932.787423038264 350.80664631143645
93 85 367.2424879215695 272.0574347628078
93 88 988.2660240363743 666.4845345578979
93 94 1242.475915523246 662.7472156155495
94 1 672.9628292389796 317.24755752405184
94 2 336.4152631986635 351.93781991385964
94 5 897.9539090419871 408.1898031186746
94 6 836.6400389085594 470.2709580070342
94 7 791.8442354171317 442.0379947029559
94 8 484.8052600981624 279.9341066864567
94 9 818.7313852018444 401.9140873923535
94 10 509.1936957161964 217.7790284298513
94 11 346.9477472454663 305.16477116982304
94 16 440.6125975955548 314.6663284010012
94 24 1016.9646114675628 467.868344119001
94 53 1053.0191198737064 519.0176520962459
94 60 125.2925312048992 306.57487393505727
94 79 929.6426372629572 350.0424612983343
94 85 371.7826800843292 271.83221172626185
94 88 986.0831811303132 664.3721146094808
94 94 1235.5051640910096 660.2629722349106
94 97 476.2496322857314 687.4995546984792
95 1 673.2735305802 316.99256498930066
95 2 339.2869482551624 352.06579497875464
95 5 895.7983348695338 406.870285405962
95 6 834.9148512132673 468.2912347621733
95 7 790.6279826564131 440.4799143385872
95 8 485.97450379120414 280.368597492685
95 10 511.4863465485474 218.77610955962365
95 11 350.8104065232775 305.3191886022488
95 16 443.26155743973936 314.64324637950267
95 24 1013.6305757761144 466.0768142944329
95 53 1048.8250565597878 516.7522873849284
95 60 129.73054917472655 306.95857860038547
95 85 376.179771213424 271.6069886897159
95 88 983.9912944913194 662.3510652495563
95 94 1228.277016274631 657.7787288542718
95 97 480.2044691508446 682.0440989636772
96 1 673.5093952707425 316.7439116991875
96 2 342.1080321061394 352.1835248557165
96 5 893.6427606970806 405.5507676932493
96 6 833.1896635179751 466.3538373122044
96 7 789.4117298956945 438.9537545844736
96 8 487.1364603087324 280.7835517268903
96 10 513.7789973808984 219.773190689396
96 11 354.63325032307216 305.466408791953
96 16 445.881318513797 314.62376253522274
96 24 1010.296540084666 464.3037248664697
96 53 1044.6945947201643 514.597489791237
96 60 134.24847687415604 307.3199432773404
96 85 380.43376130885406 271.3817656531699
96 88 981.9903641193926 660.4144841242219
96 94 1221.059893073514 655.2944854736329
96 97 484.08745887508496 677.1674963770492
97 1 673.6704233106072 316.50184698652527
97 2 344.870754945042 352.29273457831385
97 5 891.4871865246272 404.2312499805368
97 6 831.464475822683 464.4602407996588
97 7 788.1954771349759 437.4612125236228
97 8 488.28731094494873 281.1786967919954
97 10 516.0716482132494 220.77027181916827
97 11 358.40830277532984 305.6065583933307
97 16 448.46570205448 314.60921258516504
97 24 1006.9625043932176 462.55005195233576
97 53 1040.6359762344118 512.5605410981452
97 60 138.8259753778002 307.6584390396231
97 85 384.5446503706197 271.15654261662394
97 88 980.0803900145328 658.5554688795767
97 94 1214.0390510009602 652.810242092994
97 97 487.8986014584525 672.7639538899602
97 101 1257.8194966701558 642.6208913115552
98 1 673.7566146997939 316.26662018412674
98 2 347.5667853745092 352.3953698880596
98 5 889.3316123521739 402.9117322678241
98 6 829.7392881273909 462.6119203670684
98 7 786.9792243742573 436.00401072956345
98 8 489.4227396684207 281.5538504106552
98 10 518.3642990456004 221.76735294894056
98 11 362.1271226237201 305.7397444205788
98 16 451.0081243210576 314.6008486274363
98 24 1003.6284687017692 460.8167716692558
98 53 1036.657527266433 510.6475589784373
98 60 143.44086214229537 307.9735369609349
98 85 388.5124383987205 270.931319580078
98 88 978.2613721767405 656.7671171617174
98 94 1207.3316092067398 650.3259987123552
98 97 491.6378969009471 668.7354610311959
98 101 1256.3748180256223 641.5520921071293
99 1 673.7679694383028 316.03848062480495
99 2 350.1871976090247 352.49360932854006
99 5 887.1760381797205 401.59221455511147
99 6 828.0141004320986 460.8103511569644
99 7 785.7629716135388 434.5838940830391
99 8 490.5379056514866 281.9089304669647
99 10 520.6569498779514 222.7644340787129
99 11 365.7807911816451 305.8660531579921
99 16 453.5015857566408 314.59982435613654
99 24 1000.2944330103207 459.1048601344541
99 53 1032.7675929310035 508.8632632668682
99 60 148.06926761090472 308.264708114977
99 85 392.3371253931562 270.706096543532
99 88 976.533310606015 655.0425266167424
99 94 1201.0003171470016 647.8417553317163
99 97 495.3053452025689 664.9917899069551
99 101 1253.3190894655418 639.4891996348742
100 1 673.7044875261336 315.8176776413728
100 2 352.72244836131284 352.5898766118686
100 4 929.622544147478 423.2785067284257
100 5 885.0204640072673 400.2726968423988
100 6 826.2889127368065 459.0570083118784
100 7 784.5467188528202 433.2026264108154
100 8 491.6274152218255 282.2439651823568
100 10 522.9496007103024 223.76151520848524
100 11 369.3599002887781 305.9855490702603
100 16 455.9386601495073 314.6071797424924
100 24 996.9603973188724 457.4152934651552
100 53 1028.97446706338 507.2107293945565
100 60 152.6858129211123 308.5314235754506
100 79 912.2750102023256 345.7481659408045
100 85 396.0187113539277 270.48087350698603
100 88 974.8962053023567 653.3747948907496
100 94 1195.066062884871 645.3575119510774
100 97 498.9009463633178 661.4504952006173
100 101 1249.1458902863087 636.735723302816
101 1 673.5661689632866 315.6044605666431
101 2 355.1623534124834 352.6868532574639
101 4 927.0525736575798 422.7743862785911
101 5 882.864889834814 398.9531791296862
101 6 824.5637250415143 457.3533669743419
101 7 783.3304660921016 431.86198694660936
101 8 492.6852932361901 282.55910362568545
101 10 525.2422515426534 224.75859633825755
101 11 372.8545402676011 306.09827371276447
101 16 458.3114837944254 314.6238251822275
101 24 993.626361627424 455.74904777858376
101 60 157.26380871671245 308.7731544160568
101 79 909.7170511007048 345.1323256915057
101 85 399.557196281034 270.25565047044006
101 88 973.3500562657656 651.7570196298375
101 94 1189.5191218783148 642.8732685704385
101 97 502.424700383194 658.0369141730698
101 101 1244.2629445284838 633.5431354871253
102 1 673.3530137497617 315.3990787334289
102 2 357.49606386592006 352.78749150315394
102 4 924.4943106009948 422.2976877222924
102 5 880.7093156623606 397.6336614169736
102 6 822.8385373462222 455.7009022868865
102 7 782.114213331383 430.563766614133
102 8 493.7049538763032 282.8546265575021
102 10 527.5349023750044 225.75567746802983
102 11 376.2542878799484 306.2042446418735
102 16 460.61174465398005 314.6505251091725
102 24 990.2923259359756 454.107099191964
102 60 161.77547506415976 308.98937171049687
102 79 907.27502585421 344.5553620282585
102 85 402.9525801744759 270.0304274338941
102 88 971.8948634962418 650.1822984801024
102 94 1184.3291464135982 640.3890251897997
102 97 505.8766072621973 654.6841666625114
102 101 1238.9995999174423 630.1153245745227
103 1 673.0650218855588 315.20178147454305
103 2 359.71204208491474 352.89502748860224
103 4 921.9609555853804 421.84840438020274
103 5 878.5537414899073 396.3141437042609
103 6 821.1133496509301 454.1010893920434
103 7 780.8979605706644 429.3097641322586
103 8 494.6791708669173 283.1309576085156
103 10 529.8275532073554 226.75275859780217
103 11 379.5481942835419 306.303454325241
103 16 462.8306715198949 314.6878810751185
103 24 986.9582902445272 452.4904238225207
103 60 166.19218247267054 309.179546532472
103 79 904.9544825370184 344.01952262518216
103 85 406.204863034253 269.8052043973481
103 88 970.530626993785 648.6437290876445
103 94 1179.4538956051692 637.9047818091609
103 97 509.2566670003277 651.333155084445
103 101 1233.61430679739 626.6130479981657
104 1 672.7021933706781 315.0128181227984
104 2 361.7980373140502 353.0129947110609
104 4 919.4672345669776 421.426509504434
104 5 876.398167317454 394.99462599154833
104 6 819.3881619556379 452.5554034323444
104 7 779.6817078099458 428.1017819422973
104 8 495.6000471160412 283.3886747922412
104 10 532.1202040397064 227.74983972757448
104 11 382.7247729885325 306.39586905210143
104 16 464.95902317436 314.7363142959063
104 24 983.6242545530788 450.8999977874781
104 60 170.48471401831193 309.3431499556834
104 79 902.760143458609 343.5263306746797
104 85 409.3140448603653 269.5799813608021
104 88 969.2573467583954 647.1344090985599
104 94 1174.8467059032992 635.4205384285219
104 97 512.5648795975851 647.9325644318014
104 101 1228.302097073407 623.1583852757467
105 1 672.2645282051194 314.832438011008
105 2 363.7410609843251 353.1452377534489
105 4 917.0294734616176 421.0319562785364
105 5 874.2425931450007 393.6751082788357
105 6 817.6629742603458 451.0653195503209
105 7 778.4654550492272 426.9416219574001
105 8 496.4589837773222 283.6285223518419
105 10 534.4128548720574 228.7469208573468
105 11 385.7719878140401 306.4814278435672
105 16 466.9870775513541 314.796047663758
105 24 980.2902188616304 449.3367972040609
105 60 174.6235485729121 309.4796530538322
105 79 900.6959051637368 343.07658488744846
105 85 412.2801256528127 269.3547583242562
105 88 968.0750227900728 645.6474361589464
105 94 1170.462702266872 632.9362950478832
105 97 515.80124505397 644.4388622748156
105 101 1223.2020631447667 619.8391910486389
106 1 671.752026388883 314.66089047198466
106 2 365.5273617020273 353.2959262847526
106 4 914.6656741806818 420.6646778174989
106 5 872.0870189725474 392.3555905661231
106 6 815.9377865650536 449.6323128885044
106 7 777.2492022885086 425.831081134073
106 8 497.24664873460296 283.8514229411508
106 10 536.7055057044084 229.74400198711916
106 11 388.67724084469273 306.560041362925
106 16 468.9046208979711 314.86708722584706
106 24 976.956183170182 447.80179818949335
106 60 178.57916513610326 309.5885269006196
106 85 415.1031054115955 269.1295352877101
106 88 966.9836550888176 644.1759079149035
106 94 1166.263749832753 630.4520516672443
106 97 518.9657633694817 640.8162987610849
106 101 1218.4048368461663 616.7135481173173
107 1 671.1646879219686 314.49842483854127
107 2 367.1423999213512 353.4695693327526
107 4 912.3955920919968 420.3245871677485
107 5 869.931444800094 391.0360728534105
107 6 814.2125988697615 448.2578585894264
107 7 776.03294952779 424.771946865813
107 8 497.9529445086325 284.0584901398878
107 10 538.9981565367594 230.74108311689145
107 11 391.42736038716464 306.63159082593234
107 16 470.7009369357428 314.9492031291111
107 24 973.6221474787336 446.29597686100016
107 60 182.32236827170163 309.6692425697468
107 85 417.7829841367135 268.90431225116424
107 88 965.9832436546296 642.712922012528
107 94 1162.2221462079324 627.9678082866054
107 97 522.0584345441208 637.0369066155763
107 101 1213.9600683855824 613.8142204837641
108 1 670.5025128043762 314.34529044349085
108 2 368.5708223007639 353.67102982907534
108 4 910.2408149056708 420.01157730715113
108 5 867.7758706276408 389.7165551406978
108 6 812.4874111744693 446.9434317956184
108 7 774.8166967670714 423.76599219886
108 8 498.566975585946 284.2510413030614
108 10 541.2908073691103 231.73816424666376
108 11 394.0085889267178 306.6959269111142
108 16 472.3647960219649 315.0419100313002
108 24 970.2881117872852 444.8203093358058
108 60 185.8246346489086 309.72127113491507
108 85 420.3197618281671 268.6790892146182
108 88 965.0737884875084 641.2515760979175
108 94 1158.323054278735 625.4835649059665
108 97 525.0792585778869 633.080501140561
108 101 1209.8839052753756 611.1531063846778
109 1 669.7655010361059 314.20173661964617
109 2 369.796435743114 353.9055394265683
109 4 908.2248429848628 419.7255211450109
109 5 865.6202964551874 388.3970374279852
109 6 810.7622234791771 445.6905076496119
109 7 773.6004440063529 422.8149708700667
109 8 499.0770151699065 284.4306107445593
109 10 543.5834582014613 232.73524537643607
109 11 396.40657108374126 306.7528686700598
109 16 473.884444311021 315.1444469782679
109 24 966.9540760958369 443.3757717311346
109 53 1000.4307226348913 497.6047926581846
109 60 189.0584806864099 309.7440836698256
109 79 893.7889889503244 341.70268072538056
109 85 422.7134384859556 268.45386617807225
109 88 964.2552895874546 639.784967817171
109 94 1154.5656756986864 622.9993215253277
109 97 528.0282354707801 628.934680215767
109 101 1206.1664712845811 608.7256913323654
110 1 668.9536526171578 314.06801269982026
110 2 370.8021811194865 354.17871358900203
110 4 906.3731710815052 419.46627152207066
110 5 863.4647222827341 387.07751971527256
110 6 809.037035783885 444.5005612939384
110 7 772.3841912456343 421.9206121668868
110 8 499.4704713539091 284.5989632549294
110 10 545.8761090338123 233.7323265062084
110 11 398.6063415702877 306.80220243771873
110 16 475.2475929157085 315.2557567475029
110 24 963.6200404043884 441.9633401642112
110 53 997.990542419257 496.8752619530969
110 60 191.997851301534 309.73715124817943
110 79 892.4048009799731 341.45678955517815
110 85 424.96401411007935 268.2286431415263
110 88 963.527746954468 638.3061948163859
110 94 1150.9631647933277 620.5150781446888
110 97 530.9053652228007 624.5948242981831
110 101 1202.779345358489 606.5155011515599
111 1 668.0669675475317 313.944368016826
111 2 371.5701066768066 354.49656695309415
111 4 904.7133714969578 419.2336612105117
111 5 861.3091481102808 385.7580020025599
111 6 807.3118480885928 443.3750678711293
111 7 771.1679384849157 421.08461560948285
111 8 499.7338527167524 284.7581079533435
111 10 548.1687598661633 234.7294076359807
111 11 400.59231314661713 306.84368074269827
111 16 476.4414070685599 315.37446465789947
111 24 960.28600471294 440.58399075226
111 53 995.7100306490812 496.1194240497784
111 60 194.6185297629363 309.6999449436779
111 79 891.1567520029453 341.2439226965648
111 88 962.8911605885484 636.8083547416597
111 94 1147.541283201892 618.0308347640499
111 97 533.7106478339483 620.0640964221457
111 101 1199.6830405734945 604.4985550194979
112 1 667.1054458272276 313.8310519034763
112 2 372.0813411291866 354.8655289628596
112 4 903.275178667604 419.0275029139535
112 5 859.1535739378276 384.43848428984734
112 6 805.5866603933007 442.3155025237162
112 7 769.9516857241971 420.3086454549471
112 8 499.85273334017046 284.91031247375605
112 10 550.4614106985143 235.726488765753
112 11 402.34826457773545 306.87702121755905
112 16 477.452495283172 315.49885684576515
112 24 956.9519690214915 439.2386996125057
112 53 993.5896053369196 495.2967165503519
112 60 196.8985686472879 309.63193583002214
112 79 890.0429582110701 341.0598074882819
112 88 962.345530489696 635.2845452390909
112 94 1144.3357949405909 615.5465913834112
112 97 536.444083304223 615.3534421994409
112 101 1196.8344830622664 602.6478184998268
113 1 666.0690874562458 313.72831369258404
113 2 372.3160664330181 355.292459776286
113 4 902.0905751753866 418.8475892674545
113 5 856.9979997653742 383.1189665771346
113 6 803.8614726980086 441.32334039423074
113 7 768.7354329634785 419.59432502364655
113 8 499.8117172485278 285.05811748524513
113 10 552.7540615308653 236.7235698955253
113 11 403.8573285899293 306.90190550911274
113 16 478.2668985155261 315.62685800707595
113 24 953.6179333300432 437.92844286217246
113 53 991.6282745963916 494.3605590824627
113 60 198.8187419009355 309.5325949809134
113 79 889.0607100314746 340.8994467873654
113 88 961.8908566579108 633.7278639547769
113 94 1141.3886021799408 613.0623480027723
113 97 539.105671633625 610.4815898190791
113 101 1194.1944909581216 600.9376565846615
114 1 664.957892434586 313.6364027169621
114 2 372.253490245813 355.78466644433246
114 4 901.1938791832852 418.6936928375113
114 5 854.8424255929208 381.79944886442206
114 6 802.1362850027164 440.4000566252042
114 7 767.5191802027599 418.9432308476795
114 8 499.5944022706825 285.2043515465461
114 10 555.0467123632163 237.72065102529763
114 11 405.1019798273113 306.9179781887175
114 16 478.87007932531753 315.75600860595966
114 24 950.2838976385948 436.65419661848506
114 53 989.823497854048 493.2579270077517
114 60 200.36301800430735 309.4013934700529
114 79 888.2064721265674 340.7571189691412
114 88 961.5271390931924 632.131408534816
114 94 1138.7426214641891 610.5781046221334
114 97 541.695412822154 605.475050047542
114 101 1191.7352533307858 599.3482867294224
115 1 663.7718607622484 313.5555683094235
115 2 371.8718180687873 356.3499193622546
115 4 900.6218332957343 418.5655661220593
115 5 852.6868514204675 380.4799311517094
115 6 800.4110973074243 439.5471263591682
115 7 766.3029274420413 418.35688664145584
115 8 499.183343324006 285.35214629477025
115 10 557.3393631955673 238.71773215506997
115 11 406.064022808359 306.92484566257536
115 16 479.2469110372746 315.8834415494332
115 24 946.9498619471464 435.4169369986678
115 53 988.1710421645552 491.9289122927753
115 60 201.5190542411929 309.23780237114164
115 79 887.4758833940691 340.62637792722626
115 88 961.2543777955416 630.4882766253061
115 94 1136.4354006242938 608.0938612414946
115 97 544.2133068698101 600.3681162285939
115 101 1189.4478091283236 597.8702318943106
116 1 662.5109924392327 313.4860598027811
116 2 371.14822507319263 356.9964689932515
116 4 900.4136948439789 418.46294155047184
116 5 850.5312772480142 379.1604134389968
116 6 798.685909612132 438.7660247386541
116 7 765.0866746813227 417.8367570943905
116 8 498.5600151205745 285.5049519683141
116 10 559.6320140279183 239.71481328484225
116 11 406.7245798824503 306.9220750820285
116 16 479.3816669024883 316.00585832836725
116 24 943.615826255698 434.2176401199453
116 53 986.6648336287174 490.3062715421738
116 60 202.27871207226963 309.041292757881
116 79 886.8637569669768 340.50005307353786
116 88 961.0725727649578 628.7915658723448
116 94 1134.4914761711843 605.6096178608557
116 97 546.6593537765935 595.2028642833538
116 101 1187.3495261042845 596.5087735779816
117 1 661.1752874655393 313.42812652984776
117 2 370.0588276103931 357.73306286444154
117 4 900.6113275963723 418.3855314835614
117 5 848.375703075561 377.8408957262842
117 6 796.9607219168399 438.0582269061936
117 7 763.8704219206041 417.3842414857179
117 8 497.7047742955159 285.66655326395465
117 10 561.9246648602693 240.71189441461456
117 11 407.0640791864064 306.90919325385624
117 16 479.2580092597333 316.119504624698
117 24 940.2817905642496 433.057282099542
117 53 985.2968039145557 488.3149611944373
117 79 886.3640802135969 340.37024933827433
117 88 960.9817240014412 627.03437392203
117 94 1132.9134712843224 603.1253744802168
117 97 549.033553542504 590.0291527103982
117 101 1185.491579769412 595.2884048612323
118 1 659.7647458411678 313.38201782343646
118 2 368.57865440568753 358.56896283515874
118 4 901.2592948936176 418.3330282135786
118 5 846.2201289031076 376.5213780135715
118 6 795.2355342215478 437.4252080043181
118 7 762.6541691598856 417.0006671214223
118 8 496.5968209575264 285.8410855281347
118 10 564.2173156926203 241.70897554438687
118 11 407.0622426010308 306.8856855505709
118 16 478.8589786967948 316.22014538487804
118 24 936.9477548728012 431.9368390546823
118 53 984.0567318815332 485.8716598801202
118 60 202.600599210522 308.5474022831163
118 79 885.9700147375279 340.22834716993657
118 88 960.981831504992 625.2097984204604
118 94 1131.6719344235023 600.6411310995779
118 97 551.3359061675418 584.9046225854472
118 101 1183.966432315996 594.2572834375314
119 1 658.2793675661185 313.3479830163601
119 2 366.6816174358781 359.5139626375776
119 4 902.4049542089436 418.30510396421255
119 5 844.0645547306542 375.2018603008589
119 6 793.5103465262556 436.86844317555904
119 7 761.437916399167 416.6872825932868
119 8 495.21415966154944 286.033051282436
119 10 566.5099665249713 242.7060566741592
119 11 406.6980737076486 306.8509948207148
119 16 478.1669832117925 316.30303935956374
119 24 933.6137191813528 430.8572871025909
119 53 982.9320803076436 482.8842779422521
119 60 202.17250613859144 308.24896356901456
119 79 885.6738963776515 340.0650025353075
119 88 961.0728952756094 623.3109370137329
119 94 1130.693918427918 598.1568877189391
119 97 553.5664116517066 579.8946975617728
119 101 1182.9153115688823 593.4916846593842
120 1 656.7191526403913 313.3262714414316
120 2 364.3404824905855 360.5784056896571
120 4 904.0985531332178 418.3014108905911
120 5 841.9089805582009 373.8823425881463
120 6 791.7851588309635 436.389407562448
120 7 760.2216636384484 416.445250860061
120 8 493.5335598036162 286.2473370832369
120 10 568.8026173573223 243.7031378039315
120 11 405.9498457446429 306.8045202991569
120 16 477.1637873745046 316.3629131095463
120 24 930.2796834899044 429.8196023604922
120 53 981.9078277196508 479.2514541193218
120 60 201.3685683774984 307.91549063536814
120 79 885.4672352081561 339.8701469194739
120 88 961.2549153132944 621.3308873479459
120 94 1129.8503002771176 595.6726443383002
120 97 555.7250699949985 575.0725838699291
120 101 1182.5356899151811 593.1004545690957
