332 308 246.00662225999992 103.16972048100013
332 325 284.06596524990164 282.5946799902936
332 326 149.48947300965258 76.02138386749782
332 329 281.52375501813367 172.46704262618888
332 330 166.10110905312644 90.01205182053558
332 331 231.3733984651044 186.2540800647112
333 308 244.51399226999985 101.04928743200004
333 325 283.73730182717554 280.6474514574296
333 326 149.4913849471318 76.02082194040968
333 329 280.749965026509 171.91133178105542
333 330 166.10035197735283 90.0157482039664
333 331 229.38203951437023 185.59464026484056
333 334 134.25721404885283 52.621385584629394
334 308 243.02136227999975 98.92885438300004
334 325 283.465427095769 278.70022292456565
334 326 149.4932164262554 76.02026001332155
334 329 280.1198299722746 171.355620935922
334 330 166.09959490157925 90.01843855030181
334 331 227.49998606089505 184.842342434742
334 334 134.24317767966988 52.62224059737999
335 308 241.5287322899997 96.80842133399996
335 325 283.2310568545945 276.7529943917017
335 326 149.49496744702344 76.0196980862334
335 329 279.61865615006536 170.79991009078853
335 330 166.09883782580567 90.02014590217671
335 331 225.69428197480735 184.00610351254
335 334 134.2293357218445 52.62309561013058
336 325 283.0159777379595 274.80576585883773
336 326 149.49663800943586 76.01913615914526
336 329 279.2325296900235 170.2441992456551
336 330 166.0980807500321 90.0208933022259
336 331 223.9346512351185 183.0945319290331
336 334 134.2156881753767 52.62395062288117
337 325 282.80302492459305 272.85853732597377
337 326 149.4982281134927 76.01857423205713
337 329 278.9482881287113 169.68848840052163
337 330 166.09732367425852 90.02070379308422
337 331 222.1934140166268 182.1159276088292
337 334 134.2022350402665 52.62480563563176
337 338 228.58691369478947 92.00765370817862
338 325 282.5760598385241 270.9113087931097
338 326 149.49973775919392 76.01801230496899
338 329 278.75349250622094 169.13277755538817
338 330 166.09656659848494 90.0196004173864
338 331 220.4454028522596 181.07828196912303
338 334 134.18897631651384 52.62566064838235
338 338 225.0539679276344 89.76581969648214
339 325 282.319947850192 268.96408026024574
339 326 149.50116694653954 76.01745037788085
339 329 278.6363999885507 168.57706671025474
339 330 166.0958095227113 90.01760621776738
339 331 218.6678787143901 179.98927792094764
339 334 134.17591200411877 52.62651566113295
339 338 221.58998227516625 87.57444788996463
340 325 282.0205359826796 267.0168517273818
340 326 149.5025156755296 76.01688845079272
340 329 278.58593704132363 168.02135586512128
340 330 166.09505244693776 90.01474423686194
340 331 216.84044718928635 178.8562898680102
340 334 134.1630421030813 52.62737067388354
340 338 218.19495673738493 85.43353828862564
340 343 412.48436263675103 190.26185536617413
341 325 281.66463061235845 265.0696231945178
341 326 149.50378394616402 76.01632652370458
341 329 278.5916731497273 167.46564501998785
341 330 166.09429537116418 90.01103751730496
341 331 214.9449745696038 177.68638370736153
341 334 134.15036661340142 52.62822568663413
341 338 214.8688913142896 83.34309089246472
341 343 402.96176746097626 183.46854386877385
341 344 343.79511877987534 264.8227940228684
342 325 281.2399751751218 263.12239466165386
342 326 149.50497175844288 76.01576459661644
342 329 278.643795048818 166.90993417485438
342 330 166.0935382953906 90.00650910173117
342 331 212.96550396922976 176.48631682965788
342 334 134.1378855350791 52.62908069938472
342 338 211.6117860058821 81.30310570148231
342 343 393.80290193110704 176.98230509579298
342 344 343.9541673990898 263.59652349604505
342 346 280.9590454 264.4179077
343 325 280.73522786516696 261.1751661287899
343 326 149.5060791123661 76.0152026695283
343 329 278.7330815298483 166.35422332972092
343 330 166.09278121961702 90.00118203277553
343 331 210.8881714940071 175.262538118026
343 334 134.12559886811437 52.629935712135314
343 338 208.42364081216056 79.31358271567797
343 343 384.9943253317615 170.79114058884443
343 344 344.1040548318997 262.3702529692218
344 325 280.1399393440224 259.22793759592594
344 326 149.50710600793377 76.01464074244016
344 329 278.8508787578903 165.7985124845875
344 330 166.09202414384342 89.99507935307274
344 331 208.70112230908128 174.02118794957642
344 334 134.11350661250722 52.63079072488591
344 338 205.304455733125 77.3745219350526
344 343 376.52289228577865 164.88331216480583
344 344 344.24634371325374 261.1439824423985
345 325 279.4445304409601 257.280709063062
345 326 149.5080524451458 76.01407881535202
345 329 278.9890761557035 165.24280163945403
345 330 166.09126706806984 89.98822410525766
345 331 206.39442680682987 172.76809819383195
345 334 134.10160876825765 52.6316457376365
345 338 202.25423076877632 75.48592335960575
345 343 368.375752754102 159.2473419161979
345 344 344.3820220120251 259.9177119155752
346 325 278.6402698503807 255.3334805301979
346 326 149.50891842400227 76.0135168882639
346 329 279.1400827760808 164.68709079432057
346 330 166.09050999229626 89.9806393319651
346 331 203.95999671984464 171.50879221438663
346 334 134.08990533536567 52.63250075038709
346 338 199.27296591911545 73.64778698933742
346 343 360.540352035081 153.87201221089344
346 344 344.5115375081077 258.6914413887519
346 352 41.75823128455493 237.34984135175185
347 325 277.7192518468946 253.38625199733397
347 326 149.50970394450312 76.01295496117575
347 329 279.2968042953871 164.13137994918714
347 330 166.08975291652268 89.97234807582988
347 331 201.3915012413636 170.24848486718838
347 334 134.07839631383126 52.63335576313768
347 338 196.36066118414053 71.8601128242467
347 343 353.0044307652279 148.74636569226277
347 344 344.6348315766081 257.46517086192864
347 352 41.78896578118404 237.46294731421224
348 325 276.6743739764206 251.43902346447
348 326 149.5104090066484 76.01239303408761
348 329 279.4526204597205 163.57566910405367
348 330 166.0889958407491 89.96337337948692
348 331 198.6842831345275 168.99208250222728
348 334 134.06708170365445 52.63421077588828
348 338 193.51731656385164 70.1229008643354
348 343 345.7560249189846 143.85970527949394
348 344 344.75137232849374 256.2389003351053
348 352 41.81970027781316 237.56134783291785
349 325 275.4993147701025 249.491794931606
349 326 149.51103361043806 76.01183110699948
349 329 279.6013631173409 163.01995825892024
349 330 166.0882387649755 89.95373828557105
349 331 195.83527488540855 167.74418296196382
349 334 134.0559615048352 52.63506578863887
349 338 190.7429320582496 68.43615110960218
349 343 338.78346580895595 139.201594166836
349 344 344.8601869335398 255.01262980828204
349 352 41.85043477444228 237.64607716695173
350 325 274.1885114409961 247.5445663987421
350 326 149.5115777558721 76.01126917991134
350 329 279.7372948159464 162.46424741378678
350 330 166.08748168920192 89.94346583671698
350 331 192.84291481412947 166.5090755825804
350 334 134.04503571737354 52.63592080138946
350 338 188.03750766733535 66.79986356004747
350 343 332.0753800850944 134.76185582429753
350 344 344.9598934119567 253.7863592814588
350 352 41.88116927107139 237.7181311012173
351 325 272.7371375844814 245.5973378658781
351 326 149.5120414429506 76.0107072528232
351 329 279.85508785396814 161.90853656865332
351 330 166.08672461342834 89.93257907555959
351 331 189.70706320554015 165.29074119299185
351 334 134.03430434126946 52.63677581414005
351 338 185.4010433911062 65.21403821567128
351 343 325.6206897360389 130.53057399735553
351 344 345.0487316036597 252.56008875463544
351 352 41.91190376770051 237.7784675588482
352 325 271.141080892412 243.65010933301411
352 326 149.51242467167347 76.01014532573507
352 329 279.94980395771563 161.35282572351989
352 330 166.08596753765477 89.92110104473367
352 331 186.42891842871904 164.09285211577662
352 334 134.02376737652298 52.63763082689064
352 338 182.83353922956397 63.67867507647316
352 343 319.4086120876018 126.49809270724654
352 344 345.12459349259734 251.33381822781217
352 352 41.94263826432963 237.8280072134512
353 325 269.39692084491253 241.70288080015015
353 326 149.51272744204073 76.00958339864692
353 329 280.016874444671 160.79711487838642
353 330 166.0852104618812 89.90905478687414
353 331 183.01093304529783 162.91877216665307
353 334 134.01342482313405 52.638485839641234
353 338 180.33499518270943 62.19377414245355
353 343 313.42865980404895 122.65501625000616
353 344 345.185052823741 250.1075477009889
353 352 41.973372760958746 237.8676341014434
354 325 267.50190641894005 239.7556522672861
354 326 149.5129497540524 76.00902147155878
354 329 280.0520809814334 160.241404033253
354 330 166.0844533861076 89.89646334461575
354 331 179.4567299745977 161.7715566541592
354 334 134.00327668110273 52.63934085239183
354 338 177.90541125054096 60.75933541361292
354 343 307.6706408871105 118.9922091976623
354 344 345.2273940546438 248.8812771741656
354 352 42.00410725758786 237.89819623410585
355 325 265.4539337907918 237.80842373442212
355 326 149.5130916077085 76.00845954447065
355 329 280.0515367886983 159.68569318811953
355 330 166.083696310334 89.8833497605933
355 331 175.77101857867092 160.65395238043857
355 334 133.99332295042896 52.64019586514242
355 338 175.54478743305845 59.37535888995035
355 343 302.12465867685387 115.50079639808972
355 344 345.24864056752995 247.6550066473423
355 352 42.03484175421698 237.92050620988448
356 325 263.251524039777 235.8611952015582
356 326 149.51315300300897 76.00789761738251
356 329 280.0116684772074 159.12998234298607
356 330 166.08293923456043 89.86973707744171
356 331 171.95951081253588 159.5683976407745
356 334 133.9835636311128 52.64105087789301
356 338 173.2531237302628 58.041844571466754
356 343 296.78111185110174 112.17216297378764
356 344 345.2455822099 246.42873612051903
356 352 42.0655762508461 237.9353418268001
357 325 260.8938008546829 233.91396666869423
357 326 149.51313393995386 76.00733569029437
357 329 279.92919838475063 158.57427149785264
357 330 166.08218215878685 89.85564833779584
357 331 168.02883733157068 158.51702222347376
357 334 133.9739987231542 52.641905890643606
357 338 171.03042014215498 56.75879245816032
357 343 291.6306944255484 108.9979543235968
357 344 345.2148021426983 245.2024655936957
357 352 42.096310747475215 237.94344669445852
358 325 258.3804682267364 231.96673813583027
358 326 149.51303441854316 76.00677376320624
358 329 279.8011274407618 158.01856065271917
358 330 166.08142508301327 89.8411065842903
358 331 163.98646362870932 157.50164741027402
358 334 133.9646282265532 52.6427609033942
358 338 168.87667666873313 55.5262025500333
358 343 286.6643957539927 105.97007612124436
358 344 345.15270300908014 243.97619506687244
358 352 42.12704524410433 237.94553084654035
358 359 344.9088135 245.4217529
359 325 255.7117881609593 230.0195096029663
359 326 149.51285443877686 76.0062118361181
359 329 279.6247185971588 157.4628498075857
359 330 166.0806680072397 89.82613485956004
359 331 159.84060614276677 156.52378597579082
359 334 133.95545214130976 52.64361591614479
359 338 166.79189330999725 54.34407484708481
359 343 281.87350052793045 103.0806943164498
359 344 345.0555323436856 242.7499245400492
359 352 42.157779740733446 237.94227135276745
360 325 252.88855837797743 228.07228107010235
360 326 149.51259400065496 76.00564990902996
360 329 279.39748077699915 156.90713896245228
360 330 166.0799109314661 89.81075620623996
360 331 155.6001484170556 155.58464218844892
360 334 133.94647046742392 52.64447092889538
360 343 277.2495887767873 100.32223513402278
360 344 344.91940737888217 241.52365401322584
360 352 42.18851423736257 237.9343129314875
361 325 249.91209002234973 226.1250525372384
361 326 149.51225310417746 76.00508798194183
361 329 279.1171533796005 156.35142811731882
361 330 166.0791538556925 89.79499366696488
361 331 151.2745571807027 154.68511180908536
361 334 133.93768320489565 52.64532594164597
361 343 272.784535868268 97.68738507432865
361 344 344.7403390784748 240.29738348640257
361 352 42.21924873399168 237.92226856153863
362 325 246.78418534900996 224.17782400437432
362 326 149.51183174934434 76.00452605485368
362 329 278.78169130394235 155.7957172721854
362 330 166.07839677991893 89.77887028436952
362 331 146.8737984970212 153.82578209252097
362 334 133.92909035372497 52.64618095439656
362 343 268.47051250736695 95.1690909137833
362 344 344.51425552600995 239.0711129595793
362 352 42.2499832306208 237.90672009496484
363 325 243.5071154506877 222.2305954715104
363 326 149.51132993615565 76.00396412776554
363 329 278.38925053179264 155.24000642705192
363 330 166.07763970414535 89.76240910108875
363 331 142.4082539016381 153.00693178619258
363 334 133.92069191391187 52.647035967147154
363 343 264.2999847375322 92.76055970345624
363 344 344.23702458757907 237.844842432756
363 352 42.28071772724992 237.88821886885853
364 325 240.08359793806449 220.2833669386464
364 326 149.51074766461136 76.00340220067741
364 329 277.9381742333062 154.68429558191846
364 330 166.07688262837178 89.74563315975745
364 331 137.8886364856735 152.2285311311134
364 334 133.91248788545636 52.64789097989775
364 343 260.2657139400835 90.45525877078762
364 344 343.9044758970849 236.6185719059327
364 352 42.31145222387904 237.867286317698
365 325 236.51677465741523 218.33613840578244
365 326 149.51008493471147 76.00284027358927
365 329 277.42697943607345 154.12858473678503
365 330 166.07612555259817 89.7285655030103
365 331 133.3259070692584 151.49024186099996
365 334 133.90447826835842 52.64874599264834
365 343 256.3607568339212 88.24691571769654
365 344 343.51242214255035 235.39230137910943
365 352 42.34218672050815 237.84441458567744
366 325 232.81018938939087 216.38890987291848
366 326 149.509341746456 76.00227834650113
366 329 276.8543442087248 153.57287389165157
366 330 166.0753684768246 89.71122917348227
366 331 128.73119028192014 150.79141720363987
366 334 133.89666306261805 52.649601005398935
366 343 252.57846547616649 86.12951842270559
366 344 343.0566796511412 234.1660308522861
366 352 42.37292121713728 237.82006713916053
367 325 228.96776555106044 214.4416813400545
367 326 149.5085180998449 76.001716419413
367 329 276.2190953870304 153.0171630465181
367 330 166.07461140105102 89.69364721380812
367 331 124.11569072678684 150.13110187920392
367 334 133.88904226823527 52.65045601814953
367 343 248.9124872618704 84.09731503902003
367 344 342.5330883017741 232.93976032546283
367 352 42.40365571376639 237.79467937842128
368 325 224.9937839026097 212.49445280719056
368 326 149.50761399487823 76.00115449232486
368 329 275.5201968536712 152.46145220138467
368 330 166.07385432527744 89.67584266662276
368 331 119.4906090674922 149.50803210152662
368 334 133.8816158852101 52.65131103090012
368 343 245.35676492383936 82.14481399569195
368 344 341.937530704774 231.7134897986396
368 352 42.43439021039551 237.76865925038143
369 325 220.8928602449596 210.5472242743266
369 326 149.50662943155595 76.00059256523672
369 329 274.7567383348942 151.9057413562512
369 330 166.07309724950386 89.65783857456101
369 331 114.86705818399788 148.92063557743677
369 334 133.87438391354246 52.65216604365071
369 343 241.9055365329841 80.2667839974747
369 344 341.265950715635 230.48721927181623
369 352 42.46512470702462 237.74238786035855
370 325 216.66992312972437 208.5999957414625
370 326 149.50556440987808 76.00003063814859
370 329 273.9279247811064 151.35003051111778
370 330 166.07234017373028 89.63965798025752
370 331 110.25597927346826 148.36703150713583
370 334 133.86734635323245 52.6530210564013
370 343 238.5533354979707 78.45825402389164
370 344 340.5143712479621 229.26094874499296
370 352 42.49585920365374 237.71622008493432
371 325 212.330191552639 206.65276720859856
371 326 149.5044189298446 75.99946871106044
371 329 273.0330662243068 150.79431966598432
371 330 166.07158309795668 89.6213239263473
371 331 105.66805800423026 147.8450305837905
371 334 133.86050320427998 52.65387606915189
371 343 235.29499056516212 76.7145133309823
371 344 339.67891138931736 228.0346782181697
371 352 42.52659370028286 237.69048518376803
372 325 207.87915267422795 204.7055386757346
372 326 149.5031929914555 75.9989067839723
372 329 272.07156822877005 150.23860882085086
372 330 166.0708260221831 89.6028594554651
372 331 101.11364060081542 147.35213499394013
372 334 133.8538544666851 52.65473108190248
372 343 232.1256258196081 75.03111144935247
372 344 338.75580283626914 226.8084076913464
372 352 42.557328196911975 237.66548741183945
373 325 203.32253950182348 202.75831014287064
373 326 149.5018865947109 75.99834485688417
373 329 271.0429228320718 149.68289797571742
373 330 166.07006894640952 89.58428761024571
373 331 96.6026500025764 146.88553841767134
373 334 133.84740014044783 52.655586094653074
373 343 229.0406606835313 73.40385818586219
373 344 337.7414055825211 225.5821371645231
373 352 42.58806269354109 237.6415066319896
373 374 166.1280771833334 89.08116023166671
374 325 198.6663086069748 200.81108161000668
374 326 149.50049973961063 75.99778292979603
374 329 269.946700071916 149.12718713058396
374 330 166.06931187063594 89.5656314333241
374 331 92.14450198505074 146.44212602739572
374 334 133.84114022556813 52.65644110740367
374 343 226.0358099172008 71.82882362234523
374 344 336.63222300913185 224.35586663769985
374 352 42.61879719017021 237.61879892680008
374 374 166.1784464333334 89.09120432666671
375 325 193.91661782329905 198.86385307714272
375 326 149.49903242615477 75.99722100270789
375 329 268.7825400461443 148.57147628545053
375 330 166.06855479486237 89.54691396733493
375 331 87.74802124127746 146.01847448953777
375 334 133.835074722046 52.65729612015426
375 343 223.1070836193394 70.30233811630751
375 344 335.4249161463231 223.1295961108765
375 352 42.64953168679933 237.59759721126463
375 374 166.22881568333338 89.1012484216667
376 325 189.079803949222 196.9166245442788
376 326 149.4974846543433 75.99665907561976
376 329 267.55014546308666 148.01576544031707
376 330 166.06779771908876 89.52815825491321
376 331 83.4213575841859 145.610851963429
376 334 133.82920362988145 52.658151132904855
376 343 220.25078722590115 68.82099230083986
376 344 334.1163174016401 221.9033255840532
376 352 42.68026618342845 237.578111844683
377 325 184.1623604595661 194.9693960114148
377 326 149.49585642417625 75.99609714853162
377 329 266.24927479121834 147.4600545951836
377 330 166.06704064331518 89.5093873386936
377 331 79.17190199624747 145.2152181015408
377 334 133.8235269490745 52.65900614565545
377 343 217.46352151129395 67.38163708438515
377 344 332.7034434457309 220.67705505722995
377 352 42.711000680057566 237.56053124300524
378 325 179.17091519385576 193.02216747855076
378 326 149.4941477356536 75.99553522144348
378 329 264.8797359163873 146.90434375005017
378 330 166.0662835675416 89.49062426131094
378 331 75.00620279926807 144.82722404965898
378 334 133.8180446796251 52.65986115840604
378 343 214.74218258744804 65.98138365111663
378 344 331.1835074699484 219.45078453040665
378 352 42.74173517668668 237.5450224911401
378 381 347.1487069875002 315.68086392071564
379 325 174.11220807139762 191.0749389456868
379 326 149.49235858877535 75.99497329435535
379 329 263.4413803587668 146.3486329049167
379 330 166.06552649176805 89.47189206540018
379 331 70.9298817589879 144.44221244685468
379 334 133.8127568215333 52.66071617115663
379 343 212.08396190428172 64.61760346047231
379 344 329.5539307789877 218.22451400358332
379 352 42.7724696733158 237.5317319551177
379 381 349.2970926165581 316.26448552683
379 382 166.31646728333342 89.28316243166672
380 325 168.9930687902961 189.1277104128228
380 326 149.49048898354152 75.9944113672672
380 329 261.9340979717672 145.79292205978325
380 330 166.06476941599445 89.45321379359596
380 331 66.94755021482706 144.0552174251352
380 334 133.8076633747991 52.66157118390722
380 343 209.4863462501089 63.28792824744596
380 344 327.81235362403095 216.99824347676008
380 352 42.80320416994491 237.52078589457236
380 382 166.2340698333334 89.58379109666672
381 325 163.82039452926256 187.18048187995885
381 326 149.48853891995208 75.99384944017906
381 329 260.35781228682026 145.23721121464982
381 330 166.06401234022084 89.43461248853326
381 331 63.062725231051445 143.6609646101715
381 334 133.80276433942245 52.66242619665781
381 343 206.9471177504165 61.99025002264534
381 344 325.9566453793086 215.77197294993675
381 352 42.83393866657403 237.5122910747159
381 382 166.15167238333336 89.8844197616667
382 325 158.60112765571102 185.2332533470949
382 326 149.48650839800703 75.99328751309093
382 329 258.7124762800522 144.68150036951636
382 330 166.06325526444726 89.41611119284683
382 331 59.27774563338608 143.25387112016324
382 334 133.7980597154034 52.6632812094084
382 343 204.46435386897065 60.72272107214667
382 344 323.9849140038714 214.54570242311348
382 352 42.86467316320315 237.5063353784717
383 325 153.34223342640323 183.28602481423093
383 326 149.48439741770642 75.99272558600279
383 329 256.99806876899675 144.12578952438292
383 330 166.0624981886737 89.39773294917167
383 331 55.593688279390335 142.82804556717747
383 334 133.79354950274194 52.664136222158994
383 343 202.03642740804932 59.48375395749463
383 344 321.8955148640089 213.3194318962902
383 352 42.895407659832266 237.5029884193209
384 325 148.0506776846014 181.33879628136697
384 326 149.48220597905018 75.99216365891465
384 329 255.2145912954584 143.57007867924946
384 330 166.0617411129001 89.37950080014234
384 331 52.010284036397934 142.37728805610095
384 334 133.78923370143804 52.66499123490959
384 343 199.6620065066381 58.272021515411325
384 344 319.687058753334 212.09316136946688
384 381 346.64995054900646 313.8416734569473
385 325 142.7334045737516 179.391567748503
385 326 149.47993408203834 75.99160173182652
385 329 253.36206557042897 143.014367834116
385 330 166.06098403712653 89.36143778839384
385 331 48.5258339876309 141.895090185164
385 334 133.78511231149173 52.66584624766018
385 343 197.34005464264192 57.08645685913507
385 344 317.35841931495816 210.8668908426436
385 352 42.9568766530905 237.50431148971984
385 381 344.0559074431658 312.4428719044663
385 388 426.3133281744124 304.7801919206977
386 325 137.3973142337054 177.44433921563905
386 326 149.47758172667093 75.99103980473838
386 329 251.44053144473585 142.45865698898257
386 330 166.06022696135295 89.34356695656085
386 331 45.137125560082495 141.3746350458532
386 334 133.781185332903 52.666701260410775
386 343 195.0698306313716 55.92625337606296
386 344 314.90873975120485 209.64062031582037
386 352 42.98761114971962 237.5090349068996
386 381 340.946245148778 310.7880444888724
386 388 423.15517422071343 305.8348610289395
387 325 132.0492405060213 175.49711068277497
387 326 149.4751489129479 75.99047787765025
387 329 249.4500454408117 141.9029461438491
387 330 166.05946988557935 89.32591134727836
387 331 41.83934859931469 140.80879722276586
387 334 133.77745276567185 52.66755627316137
387 343 192.8508886263589 54.79086472996278
387 344 312.3374387971125 208.41434978899707
387 352 43.018345646348735 237.51647506102745
387 381 337.38258124887943 308.8969595265808
387 388 419.9970202670145 306.4268720895052
388 325 126.69592863880098 173.549882149911
388 326 149.4726356408693 75.98991595056211
388 329 247.39067979715765 141.34723529871567
388 330 166.05871280980577 89.30849400318117
388 331 38.626011534594 140.19014279352268
388 334 133.77391460979828 52.66841128591196
388 343 190.6830781187164 53.680004859896144
388 344 309.6442160336301 207.18807926217372
388 352 43.04908014297786 237.52661939990503
388 381 333.42097710072994 306.78882938146126
388 388 416.8388663133155 306.5779401659965
388 393 166.0687561 89.55224609
389 325 121.34401298547164 171.60265361704705
389 326 149.47004191043507 75.98935402347396
389 329 245.2625220664777 140.7915244535822
389 330 166.0579557340322 89.29133796690395
389 334 133.7705708652823 52.66926629866255
389 343 188.56654393783535 52.59364798062597
389 344 306.8290564841591 205.96180873535047
389 352 43.07981463960697 237.5394407751592
389 381 329.1122665256262 304.4823104653042
389 388 413.68071235961634 306.3104723393917
390 325 115.99999470543116 169.6554250841831
390 326 149.46736772164527 75.98879209638584
390 329 243.0656752740033 140.23581360844875
390 330 166.0571986582586 89.27446628108179
390 334 133.7674215321239 52.67012131141314
390 343 186.5017262507463 51.53202858194709
390 344 303.89223455730826 204.7355382085272
390 352 43.11054913623609 237.55489805425896
390 381 324.5023753941059 301.99550323653966
390 388 410.5225584059174 305.6474401317537
391 325 110.67021948914044 167.70819655131913
391 326 149.46461307449985 75.9882301692977
391 329 240.80025852890685 139.68010276331532
391 330 166.05644158248504 89.25790198834933
391 334 133.76446661032307 52.67097632416373
391 343 184.48936056293317 50.4956414293556
391 344 300.8343172366731 203.50926768170388
391 352 43.1412836328652 237.572936732824
391 381 319.6326338648796 299.34595220303163
391 388 407.3644044522184 304.61225578561425
392 325 105.36085522919892 165.76096801845517
392 326 149.46177796899886 75.98766824220955
392 329 238.46640833374116 139.12439191818186
392 330 166.05568450671143 89.2416681313414
392 334 133.76170609987983 52.67183133691432
392 343 182.5304777168785 49.485241564165335
392 344 297.65616663731635 202.2829971548806
392 352 43.17201812949432 237.5934895469327
393 325 100.07786974310876 163.8137394855912
393 326 149.45886240514224 75.98710631512142
393 329 236.06428026035428 138.5686810730484
393 330 166.05492743093785 89.22578775269285
393 334 133.75914000079416 52.672686349664914
393 343 180.6264038937516 48.50184430275112
393 344 294.3589418064803 201.05672662805733
393 352 43.20275262612344 237.61647708520468
393 381 309.2577446848154 293.62601698585786
393 388 401.0480965448205 301.52057890966535
393 396 133.53358973333332 51.70594279166665
394 325 94.8270084715914 161.86651095272725
394 326 149.45586638293003 75.98654438803328
394 329 233.59405127167705 138.01297022791496
394 330 166.05417035516427 89.21028389503847
394 334 133.7567683130661 52.67354136241551
394 343 178.7787606122438 47.54672523759655
394 344 290.9440998705104 199.830456101234
394 352 43.23348712275256 237.6418084014076
394 381 303.81495682895184 290.5879420536803
394 388 397.8899425911216 299.5120728760958
394 396 133.62376913333333 51.65395609666665
395 325 89.61377218505368 159.91928241986318
395 326 149.45278990236224 75.98598246094514
395 329 231.05592254549265 137.4572593827815
395 330 166.0534132793907 89.19517960101321
395 334 133.7545910366956 52.6743963751661
395 343 176.98946472932585 46.62142023557681
395 344 287.413396475371 198.60418557441076
395 352 43.26422161938167 237.6693816261832
395 381 298.2376005500555 287.4517418195028
395 388 394.7317886374226 297.2271740734577
395 396 133.71394853333334 51.60196940166665
396 325 84.44339468493126 157.97205388699922
396 326 149.44963296343886 75.98542053385701
396 329 228.45012286212292 136.90154853764807
396 330 166.05265620361712 89.18049791325187
396 334 133.75260817168268 52.675251387916695
396 343 175.2607284397818 45.72772544022882
396 344 283.7688855403103 197.37791504758744
396 352 43.2949561160108 237.6990845798282
396 381 292.5483921915293 284.232181029045
396 388 391.5736346837237 294.6898156441748
397 325 79.32082050316967 156.02482535413526
397 326 149.44639556615985 75.98485860676887
397 329 225.77691250201315 136.3458376925146
397 330 166.0518991278435 89.16626187438912
397 334 133.75081971802734 52.67610640066729
397 343 173.59505927562714 44.86769727009232
397 344 280.01291829673573 196.1516445207641
397 352 43.32569061263991 237.73079538403545
397 381 286.76713912189007 280.94346847361885
397 388 388.41548073002446 291.9237309321761
398 325 74.25068260612898 154.0775968212713
398 326 149.44307771052527 75.98429667968072
398 329 223.0365877021104 135.79012684738117
398 330 166.0511420520699 89.15249452705994
398 334 133.74922567572958 52.67696141341788
398 343 171.99526010808768 44.0436524192919
398 344 276.1481416500173 194.92537399394087
398 352 43.35642510926903 237.76438307475476
398 381 280.9109895825386 277.59925699420273
398 388 385.2573267763255 288.95236295834184
398 402 133.7979736 52.11380005
399 325 69.23728010663763 152.13036828840734
399 326 149.4396793965351 75.9837347525926
399 329 220.2294856295921 135.2344160022477
399 330 166.05038497629636 89.13921891389909
399 334 133.7478260447894 52.67781642616847
399 343 170.46442914538784 43.2581678571878
399 344 272.1774958241731 193.6991034671176
399 352 43.38715960589815 237.7997082137008
399 381 274.9946758598089 274.2126434778329
399 388 382.09917282262654 285.79877856373787
399 402 133.6931763 52.13538742
400 325 64.28455595695414 150.18313975554338
400 326 149.4362006241893 75.98317282550445
400 329 217.3559899455868 134.67870515711425
400 330 166.04962790052278 89.12645807754144
400 343 169.0059599337401 42.51408082887065
400 344 268.10421138675883 192.47283294029427
400 352 43.417894102527264 237.83662350128725
400 381 269.03074738383293 270.7961688595824
401 325 59.396074656397104 148.23591122267942
401 326 149.43264139348793 75.98261089841631
401 329 214.4165368191898 134.12299431198082
401 330 166.0488708247492 89.1142350606218
401 334 133.74561001698183 52.67952645166965
401 343 167.62354135746136 41.81448885530699
401 344 263.93180542159826 191.246562413471
401 352 43.44862859915638 237.87497438849093
401 381 263.02979508042336 267.36181812302675
401 388 375.78286491522863 279.0348662696779
402 325 54.574999949894845 146.28868268981546
402 326 149.42900170443096 75.98204897132818
402 329 211.411621585954 133.56728346684736
402 330 166.04811374897562 89.10257290577495
402 334 133.7447936201144 52.68038146442024
402 343 166.32115763891488 41.16274973214604
402 344 259.66407720465213 190.02029188664773
402 352 43.47936309578549 237.9145996890511
402 381 257.0006688684225 263.9210202981485
402 388 372.6247109615297 275.4680858030915
402 403 394.4435809776187 211.7190011702478
402 404 166.1243896 88.97638702
403 325 49.82407254120335 144.3414541569514
403 326 149.42528155701837 75.98148704424004
403 329 208.3418058711104 133.0115726217139
403 330 166.04735667320202 89.09149465563583
403 334 133.74417163460456 52.68123647717084
403 343 165.1030883381609 40.562481531262165
403 344 255.3051030165516 188.7940213598244
403 352 43.51009759241461 237.95533219215577
403 381 250.9506843388081 260.4846484628506
403 388 369.4665570078307 271.80604500323534
403 403 375.73486137390137 197.404421646148
404 325 45.14558778842911 142.39422562408745
404 326 149.4214809512502 75.9809251171519
404 329 205.20772527670488 132.45586177658046
404 330 166.04659959742844 89.08102335283904
404 334 133.7437440604523 52.68209148992143
404 344 250.85923037771136 187.56775083300116
404 352 43.54083208904373 237.99699927407343
404 381 244.88582210242748 257.06301974342205
404 388 366.30840305413176 268.06880843266845
404 403 359.18396431207657 184.73760361596945
405 325 40.54137340490706 140.4469970912235
405 326 149.41759988712644 75.98036319006377
405 329 202.01009760564196 131.900150931447
405 330 166.04584252165486 89.07118204001974
405 334 133.7435108976576 52.68294650267202
405 344 246.3310714769177 186.34148030617783
405 352 43.57156658567285 238.03942351088332
405 381 238.81091804802415 253.6658953127917
405 388 363.1502491004328 264.2756480611861
405 403 344.60857751220465 173.58036213368177
406 325 36.01276716776192 138.4997685583595
406 326 149.41363836464708 75.97980126297563
406 329 198.7497316412628 131.34444008631354
406 330 166.04508544588128 89.06199375981252
406 334 133.74347214622048 52.683801515422616
406 344 241.72549606254324 185.11520977935453
406 352 43.60230108230196 238.08242329055795
406 381 232.7298454046249 250.30248039157595
406 388 359.9920951467336 260.4449912682176
406 403 331.83647507429123 163.80201548710463
407 325 31.56059462297708 136.55254002549557
407 326 149.40959638381213 75.97923933588748
407 329 195.4275364172645 130.7887292411801
407 330 166.0443283701077 89.05348155485215
407 334 133.74362780614098 52.68465652817321
407 344 237.0476234727539 183.8889392525313
407 352 43.633035578931086 238.12581342524936
407 381 226.6456874758005 246.98142424889372
407 388 356.83394119303466 256.5943715274334
407 403 320.7052434310317 155.27918622270226
408 326 149.40547394462155 75.97867740879936
408 329 192.04453108552843 130.23301839604665
408 330 166.0435712943341 89.04566846777364
408 334 133.74397787741904 52.6855115409238
408 344 232.3028140412644 182.662668725708
408 352 43.6637700755602 238.1694057633213
408 381 220.5609016567469 243.7108202000381
408 388 353.6757872393357 252.74038577452305
408 403 311.0620074644685 147.89560291171074
409 326 149.4012710470754 75.97811548171121
409 329 188.60185531992465 129.6773075509132
409 330 166.04281421856052 89.03857754121178
409 334 133.74452236005467 52.68636655367439
409 344 227.4966598674655 181.43639819888463
409 352 43.69450457218932 238.21300980197705
409 381 214.4774760901928 240.4982056096196
409 388 350.51763328563675 248.8986546210945
409 403 302.76315608620644 141.54190104827285
410 326 149.39698769117365 75.97755355462307
410 329 185.10078018903727 129.12159670577975
410 330 166.04205714278694 89.03223181780133
410 334 133.7452612540479 52.68722156642498
410 344 222.63497476186603 180.2101276720614
410 352 43.72523906881844 238.2564332992406
410 381 208.3970763087273 237.35056188819
410 388 347.3594793319378 245.08378886058927
411 326 149.3926238769163 75.97699162753494
411 329 181.5427196356468 128.5658858606463
411 330 166.04130006701337 89.02665434017713
411 334 133.7461945593987 52.68807657917557
411 344 217.7237836485729 178.98385714523812
411 352 43.75597356544756 238.2994828863375
411 381 202.321183860302 234.27431449480355
411 388 344.20132537823883 241.30935955792663
411 403 289.66884015500546 131.52002695202827
412 326 149.38817960430336 75.9764297004468
412 329 177.92924250429496 128.01017501551286
412 330 166.0405429912398 89.02186815097407
412 334 133.7473222761071 52.68893159192616
412 344 212.76931111654267 177.7575866184148
412 381 196.2512254267931 231.2753329363186
412 388 341.0431714245399 237.58787316083908
412 403 284.6300083771348 127.66587302088736
413 326 149.38365487333482 75.97586777335866
413 329 174.26208503451198 127.4544641703794
413 330 166.03978591546618 89.01789629282693
413 334 133.74864440417306 52.68978660467676
413 344 207.77796940412367 176.53131609159152
413 352 43.817442558705785 238.38368489369168
413 381 190.1886958628893 228.35893076611683
413 388 337.8850174708409 233.93075140938163
413 403 280.4482787325978 124.46923952177168
414 326 149.37904968401068 75.97530584627053
414 329 170.543163980823 126.89875332524592
414 330 166.0390288396926 89.01476180837047
414 334 133.75016094359663 52.69064161742735
414 344 202.7563456362113 175.30504556476825
414 352 43.8481770553349 238.4244504521339
414 381 184.1352681964636 225.5298655871302
414 388 334.72686351714174 230.34831606596708
414 403 277.0222507342696 121.85231712833048
415 326 149.37436403633097 75.97474391918239
415 329 166.7745902077295 126.3430424801125
415 330 166.03827176391903 89.01248774023968
415 334 133.75187189437776 52.69149663017794
415 344 197.71118831820783 174.07877503794492
415 352 43.87891155196402 238.4640696014394
415 381 178.0928999185562 222.79233904695135
415 388 331.5687095634428 226.84977753832936
415 403 274.25814379006624 119.7430111989379
416 326 149.3695979302956 75.97418199209424
416 329 162.95868283882737 125.78733163497904
416 330 166.03751468814545 89.01109713106912
416 334 133.75377725651646 52.692351642928536
416 344 192.64939325861636 172.85250451112165
416 352 43.90964604859314 238.50235252215495
416 381 172.06392689049244 220.1499968440039
416 388 328.4105556097438 223.4432294741273
416 403 272.0695232450962 118.0747434720397
417 326 149.36475136590468 75.97362006500612
417 329 159.0979839847423 125.2316207898456
417 330 166.03675761237187 89.01061302349397
417 334 133.75587703001275 52.69320665567913
417 344 187.5779886520468 171.62623398429838
417 352 43.940380545222254 238.53911194165997
417 381 166.05114977061749 217.60592872218692
417 388 325.25240165604487 220.1356467269361
417 403 270.37702618539333 116.78625308349729
418 326 149.35982434315815 75.97305813791797
418 329 155.1952739660628 124.67590994471216
418 330 166.0360005365983 89.01105846014885
418 334 133.75817121486662 52.69406166842972
418 344 182.50411961134523 170.3999634574751
418 352 43.97111504185138 238.57416374573225
418 381 160.05791355669498 215.1626684735529
418 388 322.0942477023459 216.9328888133168
418 403 269.10808776319027 115.82139810547233
419 326 149.35481686205603 75.97249621082983
419 329 151.25358704803512 124.12019909957868
419 330 166.0352434608247 89.01245648366857
419 334 133.76065981107809 52.69491668118031
419 344 177.4350318540819 169.17369293065178
419 352 44.00184953848049 238.607327591817
419 381 154.08817499876022 212.82219393795825
419 388 318.9360937486469 213.8397078216076
419 403 268.1966665238142 115.1289567425847
419 429 330.8818549285643 129.7243522630306
420 326 149.3497289225983 75.9719342837417
420 329 147.27622783975676 123.56448825444524
420 330 166.0344863850511 89.01483013668793
420 334 133.76334281864712 52.6957716939309
420 344 172.3780548349023 167.94742240382843
420 352 44.03258403510961 238.63842752057823
420 381 148.1465643942356 210.5859270024812
420 388 315.777939794948 210.85976123809812
420 403 267.5829710289836 114.66242862865327
420 429 324.08985049277544 123.24851288588252
421 326 149.34456052478498 75.97137235665356
421 329 143.26678805844858 123.0087774093118
421 330 166.03372930927753 89.01820246184194
421 334 133.76622023757375 52.69662670668149
421 344 167.34058409463614 166.72115187700524
421 352 44.06331853173873 238.6672925682797
421 381 142.23843766748905 208.45473360235337
421 388 312.61978584124904 207.99562891945243
421 403 267.2131852507591 114.37983609735966
421 429 318.35239481250755 117.48335233191028
422 326 149.33931166861606 75.97081042956542
422 329 139.2291639824398 122.45306656417836
422 330 166.03297223350395 89.02259650176514
422 334 133.76929206785795 52.69748171943209
422 344 162.33006293699145 165.4948813501819
422 352 44.094053028367846 238.69375737902735
422 381 136.36991892755032 206.42892372002825
422 388 309.4616318875501 205.24883511289957
422 429 313.51059483131394 112.36045648006257
423 326 149.33398235409155 75.97024850247729
423 329 135.1675743558444 121.8973557190449
423 330 166.03221515773038 89.0280352990927
423 334 133.77255830949971 52.69833673218268
423 344 157.35396342212334 164.2686108233586
423 352 44.12478752499696 238.71766281700548
423 381 130.54793655872345 204.50825138541404
423 388 306.3034779338509 202.61987532675263
423 403 267.01831305772066 114.21996907144784
423 429 309.4055574920494 107.81141121068504
424 326 149.32857258121146 75.96968657538915
424 329 131.08657888276502 121.34164487391143
424 330 166.03145808195677 89.03454189645923
424 334 133.77601896249908 52.69919174493327
424 344 152.4197666561231 163.04234029653537
424 352 44.15552202162608 238.73885657881328
424 381 124.78024773299694 202.69191467692144
424 388 303.14532398015194 200.1082473322749
424 403 267.11300652474165 114.27956484630704
424 429 305.8783897354733 103.76780240260996
425 326 149.32308234997575 75.969124648301
425 329 126.9910972043872 120.785934028778
425 330 166.0307010061832 89.04213933649957
425 334 133.77967402685604 52.70004675768386
425 344 147.53494238341227 161.81606976971204
425 352 44.18625651825519 238.75719380586816
425 381 119.07545708119868 200.97855571913533
425 388 299.987170026453 197.71248773112893
425 403 267.29062137007713 114.39643949270248
425 429 302.7701985046733 100.16121593688148
425 438 393.2024417388602 284.6168402181065
426 326 149.31751166038444 75.96856272121288
426 329 122.88642846653238 120.23022318364454
426 330 166.02994393040962 89.05085066184863
426 334 133.78352350257055 52.700901770434456
426 344 142.70692790672183 160.58979924288872
426 352 44.21699101488432 238.77253769626984
426 381 113.44302515685558 199.3662606854923
426 388 296.82901607275403 195.43021189793944
426 403 267.52310917526484 114.54824865236878
426 429 299.92209074436687 96.9232376916334
426 438 388.9127741525008 279.95770726118644
427 326 149.31186051243753 75.96800079412473
427 329 118.7782714474015 119.67451233851108
427 330 166.02918685463604 89.06069891514106
427 334 133.78756738964267 52.70175678318505
427 344 137.94310624478385 159.3635287160655
427 352 44.24772551151343 238.7847601170797
427 381 107.89326879382132 197.85255979618523
427 388 293.6708621190551 193.25816014781597
427 403 267.78675274550915 114.71597876399755
427 429 297.1751733960118 93.98545354837552
427 438 384.7484038171388 275.48633275637985
428 326 149.30612890613503 75.96743886703659
428 329 114.67274509230629 119.11880149337765
428 330 166.02842977886246 89.07170713901188
428 334 133.79180568807234 52.70261179593564
428 344 133.2507836986333 158.13725818924215
428 352 44.27846000814255 238.7937422170944
428 381 102.43735191226006 196.43442731944376
428 388 290.5127081653561 191.19224716722965
428 403 268.0618923082948 114.88374800980093
428 429 294.3705534019973 91.27944938500876
428 438 380.7034362077684 271.1955025292264
429 326 149.30031684147696 75.96687693994846
429 329 110.57640979159623 118.56309064824418
429 330 166.02767270308885 89.0838983760958
429 334 133.7962383978596 52.70346680868623
429 344 128.63716662395746 156.91098766241885
429 352 44.30919450477167 238.799375038594
429 381 97.08726903796196 195.10828157141805
429 388 287.3545542116572 189.22761725261807
429 403 268.3326511979103 115.0386078506708
429 429 291.349337705411 88.736811083043
429 438 376.7719767996023 267.07800240528013
429 443 260.0330400466919 287.4381491853856
430 326 149.29442431846326 75.96631501286032
430 329 106.4962890073657 118.00737980311077
430 330 166.02691562731528 89.09729566902773
430 334 133.80086551900447 52.70432182143682
430 344 124.1093375897035 155.68471713559563
430 352 44.33992900140078 238.80156012946827
430 381 91.85581982135773 193.8699849145487
430 388 284.1964002579582 187.3587036319077
430 403 268.58666206151247 115.17034419625998
430 429 287.95263324840926 86.28912452037912
430 438 372.9481310676201 263.1266182100371
431 326 149.28845133709396 75.96575308577218
431 329 102.4398915558122 117.45166895797728
431 330 166.0261585515417 89.11192206044247
431 334 133.8056870515069 52.70517683418742
431 344 119.6742307874374 154.4584466087723
431 352 44.3706634980299 238.8002101562888
431 381 86.75657367706299 192.71484376082665
431 388 281.038246304259 185.5792920961976
431 403 268.8147926107049 115.27127883955836
431 429 284.02154697524384 83.86797557817772
431 438 369.22600448702 259.33413576906605
431 443 244.26507472991943 275.18133521107666
432 326 149.2823978973691 75.96519115868405
432 329 98.4152343934402 116.89595811284384
432 330 166.02540147576812 89.12780059297485
432 334 133.8107029953669 52.70603184693801
432 344 115.33860674826428 153.23217608194898
432 352 44.40139799465902 238.7952495153149
432 381 81.8038278222084 191.63760856818408
432 388 277.88009235056006 183.88259069621563
432 403 269.0108716785908 115.33607063814998
432 429 279.39718582620844 81.40495013527106
432 438 365.5997025328543 255.69334090784832
432 443 236.2704267501831 269.41450263684965
433 326 149.2762639992886 75.96462923159591
433 329 94.4308659080416 116.3402472677104
433 330 166.02464439999454 89.14495430925957
433 334 133.8159133505845 52.7068868596886
433 344 111.10902642831206 152.00590555512576
433 352 44.43213249128814 238.78661494589323
433 381 77.0125545412302 190.6324738425901
433 388 274.7219383968611 182.26130244880915
433 403 269.17141512036324 115.36151694133878
433 438 362.0633306802483 252.1970194520109
433 443 228.3642406463623 263.8824544840609
434 326 149.2700496428525 75.96406730450776
434 329 90.49588985741138 115.78453642257692
434 330 166.02388732422096 89.16340625193165
434 334 133.8213181171597 52.70774187243919
434 344 106.99182446254416 150.77963502830244
434 352 44.46286698791725 238.7742561420164
434 381 72.39834170043468 189.69307813886556
434 388 271.5637844431621 180.70770402625203
434 403 269.2953518033028 115.346354752779
434 438 358.61099440426915 248.83795722703508
434 443 220.6242094039917 258.580491862318
435 326 149.26375482806085 75.96350537741964
435 329 86.619989677798 115.2288255774435
435 330 166.02313024844736 89.18317946362576
435 334 133.82691729509247 52.708596885189785
435 344 102.9930819044821 149.5533645014791
435 352 44.49360148454637 238.75813636505336
435 381 67.97732324898243 188.8125040574232
435 388 268.4056304894632 179.21372819691896
435 403 269.3837495222688 115.29106213152409
435 438 355.2367991800565 245.60894005847516
435 443 213.0996789932251 253.50391588125785
436 326 149.25737955491357 75.9629434503315
436 329 82.81345351133496 114.67311473231004
436 330 166.02237317267378 89.2042969869769
436 334 133.8327108843828 52.709451897940376
436 344 99.1185981594026 148.3270939746559
436 352 44.52433598117548 238.73823305530823
436 381 63.766102358698845 187.98327824729492
436 388 265.24747653576424 177.7710517719388
436 403 269.4395409971476 115.19765952602027
436 438 351.9348504826776 242.50275377184155
436 443 205.81680488586423 248.64802765050263
437 326 149.25092382341072 75.96238152324337
437 329 79.08719960832968 114.11740388717658
437 330 166.0216160969002 89.22678186461975
437 334 133.8386988850307 52.71030691069097
437 344 95.37386218458414 147.10082344783257
437 352 44.555070477804605 238.71453844517964
437 381 59.7816631346941 187.19737140543293
437 388 262.0893225820653 176.3711876310408
437 403 269.467249751091 115.0695110335946
437 438 348.6992537872429 239.51218419271757
437 443 198.7834129333496 244.00812827966
438 326 149.24438763355224 75.96181959615522
438 329 75.4528024434112 113.56169304204316
438 330 166.02085902112665 89.25065713918924
438 334 133.8448812970362 52.71116192344156
438 344 91.76402309210972 145.87455292100924
438 352 44.58580497443372 238.6870601703777
438 381 56.04127888381481 186.44619827577844
438 388 258.9311686283663 175.005581330508
438 403 269.4727161154151 114.91112565249205
438 438 345.5241145688633 236.63001714661368
438 443 191.9932680130005 239.57951887835225
439 326 149.23777098533816 75.96125766906708
439 329 71.92251921305433 113.00598219690968
439 330 166.02010194535305 89.2759458533201
439 334 133.8512581203993 52.71201693619215
439 344 88.29386004526168 144.64828239418603
439 352 44.61653947106284 238.65582188332337
439 381 52.56240555644035 185.7206176506588
439 388 255.77301467466737 173.6657133437693
439 403 269.46282306313515 114.72795866057275
439 438 342.4035383025912 233.8490384590987
439 443 185.4302110671997 235.357500556187
440 326 149.2310738787685 75.96069574197895
440 329 68.5093169156462 112.45027135177622
440 330 166.01934486957944 89.30267104964717
440 334 133.85782935511995 52.71287194894274
440 344 84.96775138936937 143.4220118673627
440 352 44.64727396769196 238.6208638642347
440 381 49.3625713288784 185.0109323685756
440 388 252.61486072096815 172.3432046994567
440 403 269.4452224522829 114.52621295675635
440 438 339.33163046361005 231.1620339556539
440 443 179.07161235809326 231.33737442280108
441 326 149.22429631384324 75.96013381489081
441 329 65.22690005926415 111.8945605066428
441 330 166.01858779380586 89.33085577080526
441 334 133.8645950011982 52.71372696169334
441 344 81.78964313585311 142.19574134053937
441 352 44.678008464321074 238.58224363448244
441 381 46.45925508439541 184.30688931711484
441 388 249.4567067672692 171.02992852777243
441 403 269.42806059122086 114.31264023855329
441 438 336.30249652695784 228.56178946183357
441 443 172.89161205291748 227.5144415878167
442 326 149.2174382905624 75.95957188780267
442 329 62.08973878854886 111.33884966150931
442 330 166.0178307180323 89.36052305942921
442 334 133.87155505863404 52.71458197444393
442 344 78.76301676221192 140.96947081371616
442 352 44.70874296095019 238.54003656765417
442 381 43.869757026433945 183.59767943038605
442 388 246.29855281357027 169.71812515333295
442 403 269.4197044596076 114.09434245154262
442 438 333.31024196774524 226.04109080319176
442 443 166.86389255523682 223.88400316082695
443 326 149.21049980892593 75.95900996071454
443 329 59.11309763416648 110.7831388163759
443 330 166.0170736422587 89.39169595815393
443 334 133.87870952742745 52.71543698719452
443 344 75.890856300015 139.74320028689283
443 352 44.73947745757931 238.49433650317224
443 381 41.611060708761215 182.8719376908848
443 388 243.1403988598713 168.40052270144224
443 403 269.42846769839525 113.87857299298048
443 438 330.3489722610975 223.59272380522447
443 443 160.9640007019043 220.44136025148327
444 326 149.2034808689339 75.9584480336264
444 329 56.31306474748999 110.22742797124243
444 330 166.01631656648513 89.42439750961425
444 334 133.88605840757845 52.71629199994511
444 344 73.17561469087377 138.5169297600695
444 352 44.77021195420843 238.4452563571176
444 388 239.98224490617235 167.07046209275725
444 403 269.46233616769314 113.6725380346179
444 438 327.4127928820526 221.2094742935442
444 443 155.17135906219482 217.1818139693787
444 452 133.62984925717683 53.95333557199987
445 326 149.19638147058626 75.95788610653825
445 329 53.70658168522641 109.67171712610896
445 330 166.01555949071152 89.45865075644492
445 334 133.893601699087 52.717147012695705
445 344 70.6191795617342 137.2906592332463
445 352 44.80094645083754 238.3929287354185
445 388 236.8240909524734 165.72202672809362
445 403 269.52869437634945 113.4831979200244
445 438 324.49580930579395 218.88412809363217
445 443 149.47082042694092 214.1006654241501
445 452 133.29530335144955 53.56548385799991
446 326 149.189201613883 75.95732417945013
446 329 51.31147380732 109.11600628097554
446 330 166.01480241493795 89.49447874128076
446 334 133.90133940195318 52.718002025446296
446 344 68.22283810656518 136.06438870642296
446 352 44.83168094746666 238.33750654620235
446 388 233.66593699877444 164.35017672553658
446 403 269.6340511664748 113.31706830486657
446 438 321.5921270073304 216.60947103101356
446 443 143.85377979278564 211.19321572537592
446 452 133.19896240287562 53.17763214399992
447 326 149.18194129882417 75.95676225236198
447 329 49.146481095813215 108.56029543584208
447 330 166.01404533916437 89.53190450675656
447 334 133.90927151617691 52.71885703819689
447 344 65.9872415671125 134.83811817959963
447 352 44.862415444095774 238.2791636112961
447 381 36.204411402344704 179.5568935170304
447 388 230.50778304507548 162.95088836550713
447 403 269.78376565128565 113.18002158403397
447 438 318.6958514618745 214.37828893128608
447 443 138.3189640045166 208.45476598272217
447 452 133.34082641144778 52.78978042999992
448 326 149.17460052540974 75.95620032527384
448 329 47.2312895487994 108.00458459070865
448 330 166.0132882633908 89.57095109550728
448 334 133.91739804175822 52.71971205094748
448 344 63.91236869478598 133.61184765277642
448 352 44.893149940724896 238.2180952789131
448 381 35.83262851834297 178.55855891294777
448 388 227.34962909137653 161.5212970301509
448 403 269.9817733094096 113.0770882256329
448 438 315.8010881444061 212.18336761994576
448 443 132.8727512359619 205.88061730579648
448 452 133.72089537716238 52.40192871599993
449 326 149.1671792936397 75.95563839818571
449 329 45.58656322769821 107.44887374557518
449 330 166.0125311876172 89.61164155016765
449 334 133.92571897869712 52.72056706369807
449 344 61.99748873244971 132.3855771259531
449 352 44.92388443735401 238.1545190360193
449 381 35.87807069718838 177.46382734936196
449 388 224.19147513767732 160.05984666198492
449 403 270.2303118631244 113.01225796714424
449 438 312.9019425301376 210.01749292253223
449 443 127.52915954589844 203.4660708042065
450 326 149.15967760351407 75.95507647109757
450 329 44.23397666309029 106.89316290044172
450 330 166.01177411184364 89.65399891337246
450 334 133.93423432699362 52.72142207644867
450 344 60.24112364510074 131.15930659912976
450 352 44.95461893398313 238.0886751203216
450 381 36.35090984404087 176.25744214083534
450 388 221.0333211839784 158.5664421543479
450 403 270.5296471938491 112.98828118667006
450 438 309.99252009406337 207.8734506645997
450 443 122.30931854248048 201.20642758757455
451 326 149.15209545503285 75.95451454400943
451 329 43.19624791946262 106.33745205530828
451 330 166.01101703607003 89.69804622775668
451 334 133.94294408664766 52.72227708919926
451 344 58.64100962644443 129.93303607230655
451 352 44.98535343061225 238.0208271324591
451 388 217.87516723027943 157.04260719195008
451 403 270.8777992352844 113.00647018104792
451 438 307.0669263113523 205.7440266716294
451 443 117.24061584472656 199.09698876555197
451 458 215.02382910417876 55.694698015000085
451 459 134.0940094 52.68727112
452 326 149.144432848196 75.9539526169213
452 329 42.49717215169221 105.78174121017484
452 330 166.01025996029645 89.7438065359551
452 344 57.19405796099454 128.70676554548322
452 352 45.016087927241365 237.95126264889404
452 388 214.71701327658047 155.4916471876204
452 403 271.27026817947626 113.06650052219628
452 438 304.119266657086 203.62200676923385
452 443 112.35547828674316 197.1330554476881
452 458 212.49899652797467 55.02519571178584
453 326 149.1366897830036 75.95339068983316
453 330 166.00950288452287 89.7913028806024
453 334 133.96094684002853 52.72398711470044
453 344 55.896315165795386 127.4804950186599
453 352 45.04682242387048 237.8802938331792
453 388 211.55885932288152 153.91881574317813
453 403 271.69976007938385 113.16621229052544
453 438 301.14364660636056 201.50017678292352
453 443 107.68962955474854 195.30992874367803
453 458 210.1910890696381 54.35569340857154
454 326 149.12886625945558 75.95282876274501
454 330 166.0087458087493 89.84055830433353
454 334 133.97023983375533 52.72484212745103
454 352 45.0775569204996 237.80825804890628
454 388 208.40070536918256 152.3314872123301
454 403 272.1559131741524 113.30141148343682
454 438 298.1341716342868 199.3713225381944
454 443 103.2800645828247 193.62290976305667
454 458 208.1001067291545 53.68619110535724
454 462 270.8741808644737 113.30935680490802
455 326 149.12096227755197 75.95226683565689
455 330 166.00798873297572 89.89159584978329
455 334 133.97972723883973 52.725697140201625
455 352 45.10829141712872 237.73551847186167
455 388 205.2425514154836 150.73933273926377
455 403 272.6250233799219 113.46567115560174
455 438 295.08494721594616 197.2282298606442
455 443 99.16248607635498 192.0672996155336
455 458 206.2260495065348 53.01668880214294
455 462 270.71481445570174 114.41919476178371
456 326 149.11297783729276 75.95170490856874
456 330 166.0072316572021 89.94443855958646
456 334 133.9894090552817 52.726552152952216
456 352 45.13902591375784 237.662464701898
456 388 202.08439746178465 149.15450152009726
456 403 273.0897707864642 113.65013292059302
456 438 291.99007882644946 195.0636845757981
456 443 95.368483543396 190.63839941067272
456 458 204.5689174017716 52.34718649892864
456 462 270.5554480469298 115.3853786187683
457 326 149.10491293867793 75.9511429814806
457 330 166.0064745814285 89.99910947637797
457 334 133.99928528308124 52.72740716570281
457 344 52.08580449782312 122.5754129113668
457 352 45.16976041038695 237.58951337588223
457 388 198.92624350808543 147.59180688858032
457 403 273.52894512563944 113.84330811351538
457 438 288.8436719408637 192.87047250916655
457 443 91.9222297668457 189.3315102580964
457 458 203.12871041487236 51.67768419571439
457 462 270.39608163815785 116.20790837586355
458 326 149.09676758170752 75.95058105439247
458 330 166.00571750565496 90.05563164279256
458 334 134.00935592223837 52.7282621784534
458 344 51.44165829755366 121.34914238454348
458 352 45.20049490701607 237.51710877899316
458 388 195.7680895543865 146.06891684234142
458 403 273.9171719029546 114.03087919205429
458 438 285.6398320343869 190.64137948630375
458 443 88.83676528930664 188.14193326744132
458 458 201.90542854583327 51.00818189250009
458 462 270.23671522938594 116.88678403307313
459 326 149.08854176638152 75.95001912730433
459 330 166.00496042988138 90.11402810146517
459 334 134.0196209727531 52.729117191204
459 344 50.90251981141046 120.12287185772016
459 352 45.23122940364519 237.445723457844
459 388 192.60993560068755 144.6065488494933
459 403 274.22463849931955 114.19550090283155
459 438 282.37266458199883 188.36919133270567
459 443 86.10987663269043 187.06496954830072
459 462 270.077348820614 117.42200559038793
460 326 149.08023549269993 75.94945720021619
460 330 166.0042033541078 90.17432189503047
460 334 134.03008043462538 52.72997220395459
460 352 45.2619639002743 237.3758588322889
460 388 189.4517816469886 143.22867067158222
460 403 274.4168198555708 114.31660182029007
460 438 279.0362750588829 186.04669387398465
460 443 83.71963882446289 186.0959202103113
461 326 149.07184876066273 75.94889527312806
461 330 166.0034462783342 90.23653606612336
461 334 134.04073430785525 52.73082721670518
461 352 45.29269839690342 237.30804580792028
461 388 186.29362769328964 141.96270445734262
461 403 274.45420452952385 114.37018536031246
461 438 275.6247689400916 183.6666729356366
461 443 81.61943912506104 185.23008636312443
462 326 149.06338157026994 75.94833334603992
462 330 166.00268920256062 90.30069365737864
462 334 134.0515825924427 52.73168222945577
462 352 45.32343289353254 237.2428453877292
462 388 183.13547373959068 140.83973539993167
462 403 274.29202089458704 114.32863133773208
462 438 272.13225170073565 181.2219143431721
462 443 79.7327241897583 184.4627691162896
462 472 248.2970001199988 250.529263299999
463 326 149.05483392152155 75.94777141895177
463 330 166.00193212678704 90.3668177114311
463 334 134.06262528838775 52.73253724220636
463 352 45.354167390161656 237.1808492850469
463 388 179.97731978589172 139.89472702518106
463 403 273.8799624964595 114.16049720719457
463 438 268.5528288159694 178.70520392218896
463 443 77.94719696044922 183.7892695794726
463 472 241.52394408999865 245.0931106499993
464 326 149.04620581441756 75.94720949186365
464 330 166.00117505101346 90.4349312709158
464 334 134.07386239569038 52.73339225495696
464 352 45.38490188679077 237.12268053591103
464 388 176.81916583219277 139.16673945635557
464 403 273.16191463917494 113.83031921461225
464 438 264.8806057608017 176.10932749819767
464 443 76.10883617401123 183.20488886226667
464 462 269.2805167767543 117.94330187862944
464 472 234.7508880599985 239.65695799999912
464 475 394.06113691666616 295.7317962666664
465 326 149.03749724895798 75.9466475647755
465 330 166.00041797523988 90.50505737846738
465 334 134.0852939143506 52.734247267707545
465 352 45.41563638341989 237.06899411008635
465 388 173.6610118784938 138.6991515941918
465 403 272.07567997276783 113.29841390252112
465 438 261.1096880103869 173.4270708967233
465 443 74.01516437530518 182.7049280743231
465 462 269.1211503679824 117.61659883660832
465 472 227.9778320299988 234.22080534999893
465 475 393.2004801666662 295.19384766666644
466 326 149.0287082251428 75.94608563768736
466 330 165.99966089946628 90.57721907672062
466 334 134.09691984436836 52.735102280458136
466 352 45.44637088004901 237.02047752516228
466 388 170.50285792479465 138.53989120945334
466 403 270.55270460247993 112.52067936584352
466 438 257.234181039792 170.65121994330548
466 443 71.4085054397583 182.28468832523504
466 472 221.20477599999867 228.78465269999924
466 475 392.3398234166663 294.6558990666665
