1 1 280.9078674 137.8624878
2 3 336.6459178014155 143.7310397641209
3 3 321.8094954892233 141.79201531035005
4 3 310.5272721993583 140.96135314870634
5 3 302.54918446949955 141.02071491769175
6 3 297.63231616762454 141.77623986997506
7 3 295.5408984920098 143.0569586262651
8 3 296.04630997123047 144.71325405790972
9 3 298.92707646416034 146.61536929822088
10 3 303.9688711599722 148.6519628825254
10 7 667.4782230161775 164.35348828882388
11 3 310.9645145781373 150.72871101694173
11 7 664.4300556563874 163.9944994971852
12 3 319.71397456842584 152.7669569758824
12 7 661.2543202839277 163.759602028381
13 3 330.02436631090666 154.7024076282828
13 7 657.9510168987983 163.64879588241138
14 3 341.70995231594736 156.48387709255513
14 7 654.5201455009992 163.66208105927623
15 3 354.5921424242144 158.07207752026903
15 7 650.9617060905305 163.7994575589756
16 3 368.4994938066727 159.43845700855735
16 7 647.275698667392 164.06092538150952
17 3 383.26771096458623 160.56408464124837
17 7 643.4621232315839 164.44648452687792
18 3 398.7396457295176 161.4385826587235
18 7 639.520979783106 164.95613499508087
19 3 414.7652972633281 162.05910575650128
19 7 635.4522683219585 165.5898767861183
20 3 431.2018120581778 162.42936751254672
20 7 631.2559888481412 166.3477098999903
21 3 447.9134839365256 162.55871394330683
21 7 626.9321413616543 167.2296343366968
21 8 350.61254590000016 192.3529132619047
22 3 464.7717540511288 162.46124418847225
22 7 622.4807258624978 168.23565009623778
22 8 372.4201622200002 187.9250668504761
23 3 481.6552108850441 162.15497832446428
23 7 617.9017423506715 169.3657571786133
23 8 394.2277785400002 183.49722043904757
24 3 498.4495902516264 161.66107230664807
24 7 613.1951908261755 170.61995558382336
24 8 416.03539486000017 179.06937402761898
25 3 515.0477752945294 161.0030800402718
25 8 437.84301118000025 174.64152761619042
26 3 531.3497964877056 160.20626258013124
26 8 459.6506275000002 170.21368120476183
27 3 547.2628316354065 159.29694445896075
28 3 562.7012058721822 158.30191714455023
29 3 577.5863916628814 157.24788962558674
30 3 591.8470088026511 156.1609861262239
31 3 605.4188244169382 155.06629094937583
32 3 618.2447529614874 153.98744044873715
32 14 565.1513089137634 174.57790668099847
33 3 630.274856222343 152.9462621295291
33 14 563.555438909136 181.22412842971505
34 3 641.4663433158466 151.96246087797164
34 14 561.9595689045086 187.1296500530526
35 3 651.7835706886401 151.05335231948092
35 14 560.3636988998812 192.33419261339063
36 3 661.1980421176634 150.23364330559363
36 14 558.7678288952538 196.87747717310924
37 3 669.6884087101548 149.51525952961532
37 14 557.1719588906266 200.79922479458776
38 3 677.2404689036525 148.9072202709977
38 14 555.5760888859992 204.1391565402065
39 3 683.8471684659922 148.41556026843784
39 14 553.9802188813718 206.93699347234497
40 3 689.5086004953092 148.04329872170703
40 14 552.3843488767444 209.23245665338288
41 3 694.2320054200364 147.79045542220413
41 14 550.788478872117 211.06526714569983
42 3 698.031770998907 147.65411401223136
42 14 549.1926088674898 212.475146011676
43 3 700.9294323209522 147.6285323730029
43 14 547.5967388628624 213.50181431369091
44 3 702.9536718055022 147.70530014137498
44 14 546.000868858235 214.1849931141245
45 3 704.1403192021843 147.87354335529875
45 14 544.4049988536076 214.5644034753567
46 3 704.5323515909279 148.1201762280099
46 14 542.8091288489802 214.67976645976648
47 3 704.1798933819572 148.43020005092848
47 14 541.2132588443528 214.57080312973403
48 3 703.1402163157984 148.7870492252993
48 14 539.6173888397254 214.27723454763984
49 3 701.4777394632747 149.1729844225518
49 14 538.0215188350982 213.8387817758629
50 3 699.2640292255098 149.5695328733804
50 14 536.4256488304708 213.29516587678336
51 3 696.5777993339223 149.95797578556346
51 14 534.8297788258434 212.6861079127807
51 28 523.399931291146 225.2121593227032
52 3 693.5049108502344 150.3198828904983
52 14 533.233908821216 212.0513289462342
52 28 523.8044547073033 225.84041654964813
53 3 690.1383721664637 150.63769411846175
53 14 531.6380388165886 211.4305500395245
54 3 686.5783390049271 150.89534840260447
54 14 530.0421688119613 210.86349225503125
55 3 682.9321144182419 151.07895961166275
55 14 528.446298807334 210.38987665513437
56 3 679.3141487893217 151.17753961140136
56 14 526.8504288027066 210.04942430221308
57 3 675.8460398313816 151.18376845478147
57 14 525.2545587980792 209.8818562586472
58 3 672.6565325879333 151.094811700854
58 14 523.6586887934518 209.9268935868165
58 34 232.16902712417595 212.3243003934067
59 3 669.8815194327874 150.91318486237316
59 14 522.0628187888244 210.2242573491012
59 34 233.23933224835176 211.8791170945056
60 3 667.6640400700535 150.6476649821508
60 14 520.4669487841971 210.81366860788103
60 34 234.3096373725276 211.4339337956045
61 3 666.1542815341425 150.31424933811482
61 14 518.8710787795698 211.73484842553592
61 34 235.37994249670345 210.9887504967034
62 3 665.5095781897594 149.9371612771173
62 28 527.8496888688765 221.96342067593585
62 34 236.4502476208792 210.5435671978023
63 3 665.8944117319095 149.5499031774539
63 28 528.2542122850338 221.36240256312863
63 34 237.52055274505503 210.0983838989012
64 3 667.4804111859005 149.19635654010122
64 28 528.6587357011911 220.8685334982206
64 34 238.5908578692309 209.6532006000001
65 3 670.446352907334 148.9319292087153
65 28 529.0632591173484 220.51829703979683
65 34 239.66116299340672 209.208017301099
66 3 674.9781605821124 148.82474971829697
66 28 529.4677825335057 220.3481767464425
66 34 240.73146811758252 208.7628340021979
67 3 681.2689052264386 148.95690877265272
67 28 529.872305949663 220.3946561767434
67 34 241.80177324175835 208.3176507032968
67 35 685.41752925 211.9466811700001
68 3 689.5188051868108 149.42574785052827
68 28 530.2768293658203 220.6942188892856
68 34 242.8720783659342 207.8724674043957
68 35 684.24683225 212.9771712900001
69 3 699.9352261400278 150.34519494048303
69 28 530.6813527819776 221.28334844265328
69 34 243.94238349011 207.4272841054946
69 35 683.07613525 214.00766141000005
70 3 712.7326810931845 151.84714740450286
70 28 531.0858761981349 222.19852839543276
70 34 245.01268861428585 206.98210080659348
70 35 681.90543825 215.03815153
