76 22 1010.1845482745556 332.1721073268551
77 22 1007.4554104144336 325.6785839485065
78 22 1002.0351173561066 319.21557699026584
79 22 994.3352394014364 312.7852530768601
80 22 984.7123991476838 306.3897788330162
81 22 973.4738558699028 300.0313208834613
82 22 960.8828153737704 293.712045852922
83 22 947.1634653004584 287.4341203661258
84 22 932.5057359146886 281.1997110477992
85 22 917.069786337088 275.0109845226694
86 22 900.9902162628132 268.8701074154634
87 22 884.3800031284918 262.77924635090807
88 22 867.3341647550697 256.7405679537305
89 22 849.9331474482315 250.75623884865743
90 22 832.2459395686747 244.8284256604162
91 22 814.3329105685698 238.9592950137336
92 22 796.24837548699 233.15101353333648
93 22 778.0428849169984 227.405747843952
94 22 759.7652404339169 221.72566457030723
95 22 741.4642354910029 216.1129303371288
95 25 1184.0837941812351 274.315329683006
96 22 723.1901217779377 210.569711769144
96 25 1111.3454323052429 277.9478085683222
97 22 704.995801047131 205.09817549107947
97 25 1050.0982035384511 280.98116636909253
98 22 686.9377424022532 199.7004881276625
98 25 998.7250187811442 283.48538548505894
99 22 669.076625054935 194.37881630362008
99 25 955.783802232705 285.52535564356367
100 22 651.4777065457893 189.13532664367904
100 25 919.9948527105151 287.16105071916536
101 22 634.2109164243448 183.9721857725664
101 25 890.2286593392491 288.4477055534953
102 22 617.3506754098926 178.8915603150091
102 25 865.4941715770401 289.43599277505564
103 22 600.9754399945377 173.8956168957341
103 25 844.9275235771202 290.17219961897354
104 22 585.166972537525 168.98652213946843
104 25 827.7812128746882 290.69840474681405
105 22 570.0093367989175 164.1664426709392
105 25 813.4137334320694 291.052655066429
106 22 555.5876189568662 159.43754511487305
106 25 801.2796630342491 291.26914255169686
107 22 541.9863740878645 154.8019960959973
107 25 790.9202049779706 291.37838106216805
108 22 529.2877980974736 150.26196223903878
108 25 781.9541841540486 291.4073831632559
109 22 517.5696251380723 145.81961016872447
109 25 774.0694974372163 291.37983694548893
110 22 506.902750470792 141.47710650978138
110 25 767.0150184086524 291.316282844884
111 22 497.34857880935306 137.2366178869363
111 25 760.5929564544931 291.2342904622856
112 22 488.9560981194954 133.10031092491636
112 25 754.6516701723449 291.14863538327336
113 22 481.7586788845365 129.07035224844867
113 25 749.0789351249114 291.07147599806194
114 22 475.77059884089977 125.14890848226004
114 25 743.7956659230404 291.01253032134264
115 22 470.9832931727869 121.33814625107745
115 25 738.7500926917419 290.9792528117323
116 22 467.36133017303655 117.6402321796279
116 25 733.9123918102123 290.97701119206613
117 22 464.8381123773288 114.05733289263831
117 25 729.2697710418142 291.0092632686428
118 22 463.311303150258 110.59161501483584
118 25 724.8220089883544 291.07773375151737
119 22 462.6379787456244 107.2452451709472
119 25 720.5774488672614 291.18259107386984
120 22 462.6295058296528 104.0203899856997
120 25 716.5494466568343 291.3226242123055
121 22 463.0461444670218 100.91921608381996
121 25 712.7532735601999 291.4954195059836
122 22 463.5913765780279 97.9438900900352
122 25 709.2034728210419 291.6975374770845
123 22 463.90595985832624 95.09657862907228
123 25 705.9116708766669 291.92468965000444
124 22 463.5617071511806 92.37944832565825
124 25 702.8848428209312 292.17191537157487
125 22 462.0549913088325 89.79466580452004
125 25 700.1240322771482 292.4337586308393
126 22 458.7999755025376 87.34439769038477
126 25 697.623525514733 292.70444487831264
127 22 453.1215689954115 85.03081060797922
127 25 695.3704800023697 292.9780578466234
128 22 444.24810839572456 82.85607118203018
128 25 693.3450072412379 293.2487163696642
129 22 431.3037643579301 80.8223460372651
129 25 691.5207099188119 293.51075120254245
130 25 689.8656734861434 293.75888184134965
131 25 688.3439119872637 293.9883933432502
132 25 686.9172682864591 294.19531314574124
133 25 685.5477685956284 294.37658788709814
134 25 684.2004313510843 294.5302602253869
135 25 682.8465304747224 294.6556456590479
136 25 681.4673128933646 294.7535093459592
137 25 680.0581704732031 294.82624292391847
138 25 678.6332662263885 294.878041330041
139 25 677.230614932254 294.91507962040487
140 25 675.9176180390641 294.94568979027827
141 25 674.7970529012382 294.9805375935466
142 25 674.0135164191015 295.0327993627652
143 25 673.7603229652159 295.11833882871
144 25 674.2868566354737 295.2558839403064
145 25 675.9063779059798 295.4672036845441
146 25 679.0042845509015 295.77728490606387
