1 1 593.3240116489286 383.0792195382352
1 2 775.5433804645056 382.0889550891639
2 1 588.5869635100823 380.0020707633482
2 2 773.9225944589897 379.60288961263205
3 1 584.4641277433516 376.91637128823504
3 2 771.3423485006814 377.3154693494331
4 1 580.9555043487361 374.0104363683666
4 2 767.8026425895808 375.2266942995669
5 1 578.061093326236 371.4259288423485
5 2 763.303476725688 373.3365644630336
5 5 400.4239945683616 352.5249409777151
6 1 575.7808946758514 369.2578591319207
6 2 757.844850909003 371.6450798398331
6 5 391.1990593331834 350.7958770119895
7 1 574.1149083975822 367.55458524195774
7 2 751.4267651395256 370.1522404299654
7 5 383.8022288137503 349.3326279156389
8 1 573.0631344914284 366.3178127604687
8 2 744.0492194172559 368.8580462334305
8 5 377.8669231301808 348.1200045567839
9 1 572.6255729573899 365.502594858597
9 2 735.712213742194 367.7624972502284
9 5 373.026562402594 347.14281780354503
10 1 572.8022237954668 365.01733229062086
10 2 726.4157481143397 366.8655934803592
10 5 368.9145667511085 346.38587852404294
11 1 573.5930870056593 364.72377339395285
11 2 716.1598225336932 366.1673349238228
11 5 365.1643562958432 345.833997586398
12 1 574.998162587967 364.43701408914006
12 2 704.9444370002543 365.6677215806192
12 5 361.4093511569168 345.47198585873105
13 1 577.0174505423902 363.9254978798641
13 2 692.7695915140232 365.3667534507484
13 5 357.2829714544482 345.28465420916245
14 1 579.6509508689287 362.9110158529412
14 2 679.6352860749998 365.2644305342104
14 5 352.4186373085562 345.25681350581283
15 2 665.5415206831841 365.3607528310053
15 5 346.44976883935954 345.37327461680275
16 2 650.4882953385761 365.6557203411329
16 5 339.0097861669771 345.6188484102528
17 2 634.475610041176 366.14933306459335
17 5 329.7321094115277 345.9783457542835
17 7 1081.1502690000002 374.7182312000001
18 2 617.5034647909833 366.8415910013866
18 5 318.25015869312995 346.4365775170154
18 7 1069.151001 375.1162109
19 2 599.5718595879986 367.7324941515128
19 5 304.19735413190296 346.9783545665692
20 2 580.6807944322214 368.8220425149717
20 5 287.2071158479652 347.5884877710653
20 8 980.1971900333326 372.7902952178556
21 2 560.830269323652 370.11023609176345
21 5 266.91286396143573 348.2517879986243
21 8 933.3200555533328 374.685575004999
22 2 540.0202842622903 371.597074881888
22 5 242.9480185924332 348.95306611736686
22 8 886.4429210733329 374.7113185314281
22 9 696.845231619287 369.2876874604544
23 2 518.2508392481363 373.2825588853454
23 5 214.94599986107653 349.67713299541344
23 8 839.5657865933329 372.8675257971431
23 9 701.5501801848509 370.1860483479048
24 2 495.52193428119006 375.1666881021356
24 5 182.5402278874845 350.40879950088464
24 8 792.6886521133331 369.1541968021437
24 9 702.6721905695877 371.31446394033367
25 2 471.8335693614515 377.2494625322586
25 5 145.36412279177574 351.1328765019011
25 8 745.8115176333331 363.5713315464299
25 9 700.2112627734973 372.6729342377408
25 10 145.0795402166674 348.7331034000001
26 2 447.1857444889207 379.53088217571445
26 9 694.16739679658 374.2614592401263
26 10 115.049674966667 347.4962260000001
27 2 421.5784596635975 382.0109470325031
27 9 684.5405926388355 376.0800389474902
27 10 85.0198097166666 346.2593486000001
28 2 395.0117148854821 384.68965710262455
28 9 671.3308503002643 378.1286733598324
29 2 367.4855101545744 387.5670123860788
29 9 654.5381697808657 380.407362477153
30 2 338.99984547087445 390.643012882866
30 9 634.1625510806401 382.916106299452
31 2 309.5547208343822 393.9176585929859
31 9 610.2039941995874 385.6549048267293
32 2 279.1501362450976 397.3909495164386
32 9 582.6624991377078 388.6237580589849
33 2 247.7860917030208 401.0628856532242
33 9 551.538065895001 391.8226659962189
34 2 215.4625872081517 404.93346700334257
34 9 516.8306944714672 395.2516286384312
35 2 182.17962276049025 409.00269356679377
35 9 478.5403848671064 398.9106459856219
36 2 147.93719836003652 413.2705653435778
36 9 436.6671370819183 402.79971803779097
37 2 112.73531400679052 417.7370823336946
37 9 391.2109511159034 406.9188447949384
38 2 76.57396970075229 422.4022445371442
38 9 342.1718269690614 411.26802625706415
39 2 39.45316544192178 427.2660519539267
39 9 289.54976464139224 415.84726242416826
40 2 1.3729012302989076 432.328504584042
40 9 233.3447641328961 420.6565532962507
40 18 219.81892793869704 435.1419480644273
41 9 173.55682544357347 425.69589887331153
41 18 187.3637440523271 434.92454421326977
41 19 1192.130493 594.7911377
42 18 160.67258509660678 435.0947747517226
43 18 138.91611377563822 435.65263967978586
44 18 121.330172570204 436.5981389974595
44 21 331.96270515501965 538.0820626268217
45 18 107.21578373777083 437.9312727047435
45 21 332.4110503346892 534.1370953417522
46 18 95.9391493124822 439.6520408016379
46 21 337.7217438976513 530.3489843442935
47 18 86.93165110518748 441.76044328814265
47 21 345.48204072291264 526.7177296344456
48 18 79.68985070339113 444.2564801642578
48 21 353.94357855117414 523.2433312122084
49 18 73.7754894712998 447.1401514299834
49 21 361.921274026914 519.9257890775822
50 18 68.81548854979701 450.4114570853193
50 21 368.69930640998064 516.7651032305666
51 18 64.50194885646124 454.0703971302656
51 21 373.94418895448325 513.7612736711619
52 18 60.59215108555509 458.1169715648224
52 21 377.6249279733747 510.914300399368
53 18 56.908555707985215 462.5511803889895
53 21 379.9402695548488 508.2241834151848
54 18 53.338802971411496 467.3730236027669
54 21 381.2530339701334 505.6909227186124
55 18 49.83571290011969 472.58250120615486
55 21 382.03153773990925 503.3145183096508
56 18 46.41728529509419 478.1796131991531
56 21 382.7981033766992 501.0949701883
57 18 43.16669973403259 484.16435958176174
57 21 384.0846568049165 499.03227835455993
58 18 40.23231557126565 490.5367403539808
58 21 386.39541243971325 497.12644280843074
59 18 37.82767193785912 497.2967555158102
59 21 390.1766459518112 495.3774635499123
60 18 36.23148774150832 504.4444050672501
60 21 395.7935546921799 493.78534057900464
61 18 35.787661666661734 511.9796890083003
61 21 403.5142057996127 492.3500738957078
62 21 413.5005719710607 491.0716635000217
63 21 425.8066549070063 489.9501093919464
64 21 440.3836964317597 488.9854115714819
65 21 457.09247727983166 488.1775700386282
66 21 475.7227035611868 487.52658479338527
67 21 496.0194808914093 487.0324558357531
68 21 517.716876195278 486.6951831657318
69 21 540.578567184566 486.5147667833213
70 21 564.4455795147805 486.4912066885215
71 21 589.2911115927272 486.6245028813325
72 21 615.282447076519 486.9146553617543
73 21 642.849955038284 487.3616641297868
74 21 672.7631778008072 487.96552918543017
75 21 706.2140064428095 488.7262505286843
76 21 744.9069439854356 489.6438281595493
77 21 791.1564562349813 490.718262078025
78 21 847.9914103122428 491.9495522841116
79 21 919.266600846895 493.3376987778089
80 21 1009.7813638480148 494.882701559117
81 21 1125.4052782334038 496.5845606280359
