1 1 134.82979147774833 138.9399825004748
1 2 203.13920474182245 110.9394918691546
1 3 8.365083833185091 144.11311230993252
1 4 66.78817039292502 158.4858232449109
1 5 3.779018228760517 144.3811363335032
1 6 392.0332325312257 197.5649792039882
1 7 35.91807292422168 125.6493831222259
1 8 361.55028099525737 123.0851770960219
1 9 114.85997946453917 151.4007235587356
1 10 308.361707051595 125.03251489003496
1 11 343.98141912876554 116.41668972560592
2 1 134.86131202685226 139.05192288260108
2 2 203.13031714204251 110.85984247668236
2 3 9.327398224558609 143.88268232758776
2 4 67.01169523648353 158.49853134078805
2 5 4.678122030309153 144.15426783816582
2 6 392.0440017544779 197.38747217773732
2 7 35.94471392936512 125.6706701455657
2 8 361.3968504639695 123.08671731303916
2 9 114.85313134217876 151.46741984049476
2 10 309.5529211135137 124.96153863271074
2 11 343.9868497768249 116.41673088735304
3 1 134.89081199645673 139.14564920593656
3 2 203.12142954226263 110.79839320522076
3 3 10.2726979624676 143.65225234524297
3 4 67.19942537463383 158.49822438606853
3 5 5.577225831857788 143.92739934282844
3 6 392.0544958897458 197.22287671616667
3 7 35.971354934508575 125.69151256197624
3 8 361.2467445869935 123.08825753005648
3 9 114.83892036786716 151.52673655566292
3 10 310.7441351754324 125.0171646390642
3 11 343.9922804248843 116.4167720491002
3 12 9.72603700441472 126.9331148932961
4 1 134.91829138656178 139.22218770157784
4 2 203.11254194248275 110.75216258535382
4 3 11.20098304691207 143.4218223628982
4 4 67.35414359148841 158.48491116560552
4 5 6.476329633406424 143.70053084749105
4 6 392.06471493702935 197.07065083438425
4 7 35.99799593965203 125.71191037145748
4 8 361.0999633643294 123.08979774707376
4 9 114.81734654160428 151.57867370424017
4 10 311.93534923735115 125.19939290909537
4 11 343.9977110729437 116.41681321084732
4 12 9.758892875559182 126.91816669912892
5 1 134.94375019716736 139.28256460062144
5 2 203.10365434270284 110.71847061532276
5 3 12.112253477892017 143.19139238055342
5 4 67.47851942863107 158.45874799916916
5 5 7.37543343495506 143.47366235215367
5 6 392.0746588963285 196.93026297467048
5 7 36.024636944795475 125.73186357400952
5 8 360.9565067959773 123.09133796409104
5 9 114.78840986339011 151.6232312862264
5 10 313.1265632992699 125.5082234428042
5 11 344.0031417210031 116.41685437259446
5 12 9.791748746703648 126.90321850496171
5 14 128.68163192150058 212.07993096579924
6 1 134.96718842827352 139.32780613416398
6 2 203.09476674292296 110.69492454021707
6 4 67.57511117771791 158.42002620082846
6 5 8.274537236503695 143.24679385681625
6 6 392.08432776764334 196.8011920064781
6 7 36.05127794993893 125.75137216963226
6 8 360.81637488193707 123.09287818110832
6 9 114.75211033322476 151.66040930162168
6 10 314.31777736118863 125.94365624019072
6 11 344.00857236906245 116.4168955343416
6 12 9.82460461784811 126.88827031079454
6 14 137.51582310960504 205.7243221302521
6 16 380.6160673157691 170.40822446132177
7 1 134.9886060798802 139.35893853330197
7 2 203.08587914314305 110.67940463116508
7 4 67.64636787307803 158.36915989868191
7 5 9.173641038052333 143.01992536147887
7 6 392.0937215509738 196.68292722643235
7 7 36.07791895508238 125.77043615832577
7 8 360.6795676222088 123.0944183981256
7 9 114.7084479511081 151.690207750426
7 10 315.5089914231074 126.50569130125496
7 11 344.0140030171218 116.41693669608873
7 12 9.857460488992574 126.87332211662736
7 14 145.63703449701836 199.77902316816144
7 16 380.63635960895135 170.3432022299191
8 1 135.00800315198745 139.376988029132
8 2 203.07699154336316 110.67004996452484
8 4 67.69463128431443 158.3066742149366
8 6 392.1028402463199 196.5749683583305
8 7 36.10455996022583 125.78905554008998
8 8 360.5460850167924 123.0959586151429
8 9 114.6574227170402 151.71262663263937
8 10 316.70020548502606 127.19432862599687
8 11 344.0194336651812 116.41697785783586
8 12 9.890316360137035 126.85837392246016
8 14 153.09560646925337 194.22407592762175
8 16 380.6566519021336 170.2781799985164
9 1 135.02537964459523 139.38298085275065
9 2 203.06810394358325 110.6652442010751
9 4 67.7221379089047 158.23319380633586
9 6 392.1116838536816 196.47682555314245
9 7 36.13120096536928 125.80723031492496
9 8 360.4159270656879 123.09749883216018
9 9 114.59903463102104 151.72766594826174
9 11 344.0248643132406 116.417019019583
9 12 9.923172231281502 126.84342572829298
9 14 159.9390255937634 189.04016729227283
9 16 380.6769441953158 170.21315776711376
10 1 135.04073555770358 139.37794323525443
10 2 203.0592163438033 110.66360136520582
10 4 67.73102096480201 158.14943176493557
10 5 11.870952442698236 142.3393198754667
10 6 392.120252373059 196.3880193890103
10 7 36.157841970512735 125.82496048283068
10 8 360.2890937688953 123.09903904917748
10 9 114.53328369305063 151.73532569729318
10 11 344.03029496129994 116.41706018133011
10 12 9.956028102425964 126.8284775341258
10 14 166.21203689694096 184.2086188637356
10 16 380.697236488498 170.14813553571108
11 1 135.05407089131248 139.36290140773994
11 2 203.05032874402343 110.6639516241092
11 3 17.222568341016686 141.80881248648478
11 4 67.72331238303578 158.05617887922892
11 5 12.770056244246872 142.11245138012933
11 6 392.128545804452 196.30808087124856
11 7 36.18448297565618 125.84224604380712
11 8 360.1655851264147 123.10057926619476
11 9 114.46016990312896 151.73560587973364
11 11 344.03572560935936 116.41710134307726
11 12 9.98888397357043 126.8135293399586
11 14 171.95675390366267 179.71137664404904
11 16 380.7175287816802 170.0831133043084
12 1 135.06538564542194 139.33888160130374
12 2 203.04144114424355 110.66532706697036
12 3 18.014736197744963 141.57838250414
12 4 67.70094480031257 157.9542932556199
12 5 13.669160045795508 141.88558288479194
12 6 392.1365641478607 196.236551432344
12 7 36.211123980799634 125.85908699785432
12 8 360.045401138246 123.10211948321204
12 9 114.37969326125608 151.72850649558313
12 11 344.0411562574187 116.4171425048244
12 12 10.021739844714894 126.79858114579145
12 14 177.21276643937924 175.5310007181062
12 16 380.7378210748624 170.01809107290575
13 1 135.07467982003195 139.30691004704238
13 2 203.03255354446367 110.66694748415824
13 3 18.78988940100872 141.34795252179524
13 4 67.66575355161687 157.84469030024516
13 5 14.568263847344143 141.65871438945456
13 6 392.1443074032849 196.17298293195583
13 7 36.23776498594309 125.87548334497224
13 8 359.9285418043892 123.10365970022934
13 9 114.29185376743187 151.71402754484166
13 11 344.0465869054781 116.41718366657152
13 12 10.054595715859357 126.78363295162424
13 14 182.01724619475144 171.65065493609086
13 16 380.7581133680447 169.95306884150307
14 1 135.0819534151425 139.2680129760524
14 2 203.02366594468376 110.66820614641637
14 3 19.54802795080795 141.11752253945045
14 4 67.61947866281194 157.72833306114464
14 5 15.46736764889278 141.43184589411717
14 6 392.1517755707249 196.1169376569156
14 7 36.26440599108654 125.89143508516094
14 8 359.8150071248443 123.10519991724662
14 9 114.19665142165644 151.69216902750924
14 11 344.0520175535375 116.41722482831868
14 12 10.08745158700382 126.76868475745704
14 14 186.4050500528317 168.05409659591373
14 16 380.7784056612269 169.8880466101004
15 1 135.08720643075358 139.22321661943042
15 2 203.01477834490387 110.66865558405364
15 3 20.28915184714265 140.8870925571057
15 4 67.56376684324057 157.60622293078066
15 5 16.366471450441416 141.2049773987798
15 6 392.1589686501805 196.06798832122703
15 7 36.29104699622999 125.90694221842035
15 8 359.70479709961137 123.10674013426392
15 9 114.09408622392978 151.66293094358582
15 11 344.05744820159686 116.4172659900658
15 12 10.120307458148284 126.75373656328986
15 14 190.40882117879116 164.72566612564898
15 16 380.79869795440914 169.82302437869774
16 1 135.09043886686524 139.17354720827296
16 2 203.005890745124 110.66799336613512
16 3 21.01326109001284 140.6566625747609
16 4 67.50017347832599 157.47939070890556
16 5 17.26557525199005 140.97810890344238
16 6 392.1658866416517 196.02571806606647
16 7 36.31768800137344 125.92200474475052
16 8 359.59791172869035 123.1082803512812
16 9 113.98415817425185 151.62631329307146
16 11 344.0628788496562 116.41730715181292
16 12 10.153163329292749 126.73878836912267
16 14 194.05908787219212 161.65027676597066
16 16 380.8189902475913 169.75800214729506
17 1 135.09165072347744 139.1200309736766
17 2 202.99700314534405 110.66604787967292
17 3 21.720355679418496 140.42623259241614
17 4 67.4301646221726 157.348888025778
17 5 18.164679053538688 140.751240408105
17 6 392.1725295451385 195.9897204597824
17 7 36.344329006516894 125.9366226641514
17 8 359.49435101208127 123.10982056829847
17 9 113.86686727262266 151.58231607596613
17 11 344.06830949771563 116.41734831356008
17 12 10.186019200437212 126.7238401749555
17 14 197.3843601818072 158.81340425258904
17 26 363.9081950215056 204.9810599159095
18 1 135.0908420005902 139.0636941467379
18 2 202.98811554556417 110.66276410881696
18 3 22.41043561535963 140.19580261007135
18 4 67.35511899016682 157.21577912572778
18 5 19.06378285508732 140.5243719127676
18 6 392.178897360641 195.9595994978957
18 7 36.37097001166034 125.95079597662306
18 8 359.39411494978407 123.11136078531578
18 9 113.7422135190422 151.53093929226984
18 11 344.073740145775 116.4173894753072
18 12 10.218875071581676 126.70889198078832
18 14 200.41122428298257 156.20107649868697
18 26 362.9143261733597 204.51875842381057
19 1 135.08801269820353 139.00556295855338
19 2 202.97922794578423 110.65818941404572
19 3 23.08350089783624 139.9653726277266
19 4 67.2763299515779 157.08113301106917
19 7 36.39761101680379 125.96452468216545
19 8 359.29720354179875 123.11290100233307
19 9 113.6101969135105 151.47218294198257
19 11 344.07917079383435 116.41743063705434
19 14 203.16443461754795 153.7998632773564
19 26 361.9925463453832 204.06297092394456
20 1 135.08316281631738 138.94666364021967
20 2 202.9703403460044 110.65245931135712
20 7 36.42425202194725 125.97780878077856
20 8 359.20361678812543 123.11444121935035
20 9 113.47081745602756 151.40604702510436
20 11 344.0846014418937 116.41747179880149
20 14 205.667003796272 151.59686590403476
20 26 361.1469197366384 203.61750182180884
21 1 135.07629235493178 138.8880224228333
21 2 202.96145274622447 110.6457832514594
21 7 36.45089302709069 125.9906482724624
21 8 359.113354688764 123.11598143636763
21 9 113.32407514659334 151.33253154163515
21 11 344.0900320899531 116.4175129605486
21 14 207.9402902638628 149.57970691894124
21 26 360.3802221675198 203.1854212983061
21 30 48.0629111343244 189.2006308559792
22 1 135.06740131404675 138.83066553749083
22 2 202.95256514644456 110.63843039896167
22 7 36.47753403223415 126.00304315721702
22 8 359.02641724371443 123.11752165338493
22 9 113.16996998520789 151.251636491575
22 11 344.0954627380125 116.41755412229574
22 14 210.00408372651495 147.7365197695133
22 26 359.6940459604907 202.76912145973495
22 30 53.616727413339504 188.16821374683505
23 1 135.05648969366226 138.77561921528883
23 2 202.94367754666467 110.630715411565
23 7 36.5041750373776 126.01499343504236
23 8 358.9428044529769 123.11906187040222
23 9 113.00850197187115 151.16336187492388
23 11 344.10089338607185 116.41759528404287
23 14 211.87668834200133 146.05593849284318
23 26 359.0889015390304 202.3703707649194
24 1 135.04355749377834 138.72390968732384
24 2 202.9347899468848 110.62298421925308
24 7 36.530816042521046 126.02649910593844
24 8 358.86251631655114 123.12060208741951
24 9 112.83967110658318 151.0677076916818
24 11 344.10632403413126 116.41763644579
24 14 213.57500367231108 144.52708739811402
24 26 358.56431574479143 201.99036672947568
25 1 135.02860471439496 138.67656318469244
25 2 202.92590234710488 110.61559980348297
25 7 36.5574570476645 126.03756016990526
25 8 358.7855528344374 123.1221423044368
25 9 112.66347738934395 150.96467394184873
25 11 344.1117546821906 116.41767760753714
25 14 215.11460339883288 143.1395707490365
25 16 381.00162088623136 169.17280206467103
25 26 358.118926872968 201.62978690721795
25 30 66.77254523203396 185.1369824507596
26 1 135.01163135551212 138.6346059384912
26 2 202.91701474732497 110.60892797637612
26 3 27.318547578165848 138.35236275131317
26 7 36.58409805280795 126.04817662694283
26 8 358.71191400663554 123.12368252145409
26 14 216.509811800084 141.8834624462851
26 16 381.0219131794136 169.10777983326835
26 26 357.75057642587404 201.28883814870176
26 30 70.30122866308375 184.14857869585344
27 1 134.99263741712983 138.59906417981668
27 2 202.9081271475451 110.60332315990892
27 3 27.85549563292627 138.12193276896838
27 7 36.6107390579514 126.05834847705114
27 8 358.6415998331456 123.12522273847136
27 14 217.7737779919853 140.74929570993476
27 16 381.0422054725958 169.04275760186567
27 26 357.4563975847327 200.967304136906
27 30 73.5328446108216 183.1711782795068
28 1 134.9716228992481 138.57096413976544
28 2 202.8992395477652 110.59911416510371
28 3 28.37542903422217 137.89150278662362
28 7 36.63738006309485 126.06807572023018
28 8 358.57461031396764 123.12676295548866
28 14 218.9185479306812 139.7280527618968
28 16 381.06249776577806 168.97773537046302
28 26 357.2329003996754 200.66459120005288
28 30 76.53255087162279 182.2047812017196
28 39 192.5364990234375 131.37579345703125
29 2 202.8903519479853 110.59658997121949
29 3 28.87834778205354 137.66107280427883
29 7 36.66402106823831 126.07735835647998
29 8 358.51094544910154 123.12830317250597
29 14 219.9551341779056 138.81115450835594
29 16 381.08279005896026 168.91271313906034
29 26 357.0760536979519 200.37977240156596
30 2 202.88146434820536 110.59598550494272
30 3 29.364251876420383 137.43064282193404
30 7 36.69066207338175 126.0861963858005
30 8 358.4506052385474 123.12984338952324
30 14 220.89358342889383 137.9904502222061
30 16 381.1030823521425 168.84769090765766
30 26 356.9813637103512 200.1116299071665
30 30 82.05624601003058 180.30499706182368
30 43 380.3930309302506 200.21861232532683
31 2 202.87257674842547 110.59746741957812
31 3 29.83314131732272 137.20021283958928
31 7 36.717303078525205 126.09458980819176
31 8 358.3935896823051 123.13138360654052
31 14 221.7430418028395 137.2582072254872
31 16 381.1233746453247 168.782668676255
31 26 356.9439494158317 199.85869562910827
31 30 84.67159590632548 179.37160999971496
31 43 379.73300747604407 200.25006343006
32 2 202.8636891486456 110.6011198742396
32 3 30.28501610476052 136.9697828572445
32 7 36.74394408366866 126.1025386236538
32 8 358.3398987803748 123.1329238235578
32 11 344.14976921860625 116.41796573976708
32 14 222.51181789589737 136.60710057182155
32 16 381.14366693850695 168.7176464448523
32 26 356.95861460436345 199.61929014755
32 30 87.238828787888 178.44922627616577
32 43 379.2061462344352 200.2535702196276
33 2 202.85480154886568 110.60693031304086
33 7 36.77058508881211 126.11004283218654
33 8 358.2895325327564 123.1344640405751
33 11 344.15519986666567 116.41800690151422
33 14 223.20744359673196 136.0302027288499
33 16 381.1639592316892 168.65262421344966
33 26 357.01991665797914 199.39155990906636
33 30 89.78735978151542 177.537845891176
33 43 378.7950417547411 200.2298040457661
34 2 202.8459139490858 110.6147752442864
34 7 36.79722609395556 126.11710243379002
34 8 358.24249093944985 123.1360042575924
34 11 344.160630514725 116.41804806326137
34 14 223.83673266461136 135.52097326066837
34 16 381.1842515248714 168.58760198204698
34 26 357.12223205003744 199.17351270229707
34 30 92.34100245075194 176.63746884474574
34 43 378.48341700715054 200.17943626021213
35 2 202.8370263493059 110.62440601966212
35 7 36.82386709909901 126.12371742846425
35 8 358.1987740004553 123.13754447460968
35 11 344.1660611627844 116.41808922500849
35 14 224.40583707004757 135.0732485102643
35 16 381.2045438180537 168.52257975064433
35 26 357.2598185626952 198.96305141073424
35 30 94.91844513172076 175.74809513687498
35 43 378.2560914767335 200.10313821470237
36 2 202.828138749526 110.63543461342638
36 7 36.85050810424247 126.12988781620922
36 8 358.15838171577263 123.13908469162696
36 11 344.1714918108438 116.41813038675562
36 14 224.92030109798088 134.6812312819532
36 16 381.2248361112359 168.45755751924165
36 26 357.4268742225911 198.7580060426477
36 30 97.53371041707852 174.8697247675637
36 43 378.0989492574506 200.00158126097324
37 2 202.8192511497461 110.64731940160056
37 7 36.87714910938591 126.13561359702494
37 8 358.1213140854019 123.14062490864424
37 11 344.1769224589032 116.41817154850276
37 14 225.38511321351177 134.33948052381473
37 16 381.2451284044181 168.39253528783897
37 26 357.6175929547396 198.5561640381487
37 43 377.99890714616447 199.87543675076148
38 2 202.81036354996616 110.65935094115996
38 6 392.2484851939751 196.07376129688615
38 7 36.903790114529365 126.1408947709114
38 8 358.08757110934306 123.14216512566152
38 11 344.1823531069625 116.41821271024988
38 14 225.8047556901772 134.0429010101292
38 16 381.2654206976003 168.32751305643632
38 26 357.8262169546349 198.35529885339184
38 43 377.9438827366472 199.72537603580363
39 2 202.8014759501863 110.67063774922474
39 6 392.249076161806 196.09403935489092
39 7 36.93043111967282 126.14573133786858
39 11 344.18778375502194 116.41825387199702
39 14 226.18325200077223 133.7867330238143
39 16 381.28571299078254 168.26249082503364
39 26 358.0470857785662 198.15319682191475
39 43 377.9227625135922 199.55207046783627
40 2 202.7925883504064 110.68009208225044
40 6 392.2493920416525 196.11412003335568
40 7 36.95707212481626 126.15012329789651
40 11 344.1932144030813 116.41829503374416
40 14 226.52421197071925 133.5665420388609
40 16 381.3060052839648 168.19746859363096
40 26 358.2746821521426 197.94768229311683
40 30 108.51446397763164 171.46627667591352
40 43 377.9253699466229 199.356191398596
41 2 202.7837007506265 110.68641571521908
41 6 392.24943283351473 196.1338471527652
41 7 36.98371312995972 126.1540706509952
41 8 358.0062901070381 123.1467857767134
41 11 344.19864505114066 116.41833619549128
41 14 226.8308746939798 133.3782084027699
41 16 381.326297577147 168.1324463622283
41 26 358.5036744970292 197.7366410478751
41 43 377.9424335843036 199.13841017981943
42 2 202.7748131508466 110.68808572082976
42 6 392.2491985373925 196.1530749607766
42 7 37.01035413510317 126.1575733971646
42 8 357.985845748227 123.14832599373068
42 11 344.2040756992001 116.41837735723844
42 14 227.10614921151523 133.21791701898852
42 16 381.3465898703292 168.06742413082563
42 26 358.7289561758932 197.51804199129904
42 30 114.3249627209142 169.8305726614454
42 43 377.9655551481474 198.8993981632432
43 2 202.76592555106672 110.68334024868956
43 6 392.248689153286 196.1716681322194
43 7 37.03699514024662 126.16063153640476
43 8 357.96872604372777 123.14986621074796
43 11 344.20950634725943 116.41841851898556
43 14 227.35265295229044 133.082147029347
43 16 381.3668821635114 168.00240189942295
43 26 358.9456814555606 197.2899571226233
43 30 117.29440244171656 169.02922566205052
43 43 377.9871776266284 198.63982670060375
44 2 202.7570379512868 110.67016430450433
44 4 66.36227152090275 155.7206533070597
44 6 392.2479046811952 196.1895017690954
44 7 37.06363614539007 126.16324506871568
44 8 357.9549309935405 123.15140642776528
44 11 344.2149369953188 116.4184596807327
44 14 227.5727479368246 132.96766149649417
44 16 381.3871744566936 167.9373796680203
44 26 359.14929818838385 197.05057978223857
44 30 120.29545569729646 168.2388820012152
44 43 378.0005533691892 198.36036714363783
45 2 202.7481503515069 110.6462755292695
45 4 66.40785890681688 155.80160850265187
45 6 392.2468451211199 196.2064614005789
45 7 37.09027715053352 126.1654139940973
45 8 357.94446059766506 123.15294664478256
45 11 344.2203676433782 116.41850084247984
45 14 227.7685747432875 132.87149708633473
45 16 381.4074667498759 167.87235743661762
45 26 359.335577211819 196.7982411758608
45 30 123.31804960678484 167.4595416789393
45 43 377.99971218025325 198.061690844082
46 2 202.739262751727 110.60910997846088
46 4 66.45964398751211 155.89285727639586
46 6 392.24551047306034 196.2224429830162
46 7 37.11691815567697 126.16713831254968
46 8 357.9373148561016 123.15448686179984
46 11 344.2257982914376 116.41854200422696
46 14 227.94208423614032 132.79095375046535
46 16 381.4277590430581 167.80733520521494
46 26 359.50063846621435 196.53142517583825
46 30 126.351113531966 166.69120469522295
46 43 377.9794294132321 197.7444691536728
47 2 202.7303751519471 110.55580790122548
47 4 66.51733943690847 155.993875298208
47 6 392.2439007370164 196.2373528999264
47 7 37.14355916082042 126.1684180240728
47 8 357.93349376885004 123.15602707881712
47 11 344.23122893949693 116.41858316597408
47 14 228.09506705732375 132.7235844086108
47 16 381.4480513362403 167.74231297381226
47 26 359.6409738308089 196.2487813995974
47 30 129.3828531905555 165.93387105006605
47 43 377.93519406453663 197.4093734241468
47 57 10.161383379998073 126.62818724243289
48 2 202.7214875521672 110.48319951957228
48 4 66.58063036823255 156.10407192110588
48 6 392.24201591298805 196.25110796200053
48 7 37.17020016596388 126.16925312866668
48 8 357.93299733591044 123.1575672958344
48 11 344.23665958755635 116.41862432772122
48 14 228.22918087999068 132.66718463106074
48 16 381.4683436294225 167.6772907424096
48 26 359.75346667794173 195.94913656522615
48 30 132.40100791759016 165.18754074346867
48 43 377.8631768675871 197.05707500724068
48 57 10.159363106832606 126.7901843003308
49 2 202.7125999523873 110.387790807563
49 6 392.23985600097535 196.26363540710224
49 7 37.19684117110732 126.16964362633126
49 8 357.9358255572827 123.1591075128517
49 11 344.2420902356157 116.41866548946837
49 14 228.34597542478463 132.61978232110596
49 16 381.4886359226048 167.61226851100693
49 26 359.83540814547143 195.63150412419623
49 30 135.39309107493818 164.45221377543075
49 43 377.7601983868223 196.688245254691
49 57 10.15734283366714 126.91098400194778
50 2 202.70371235260745 110.2657492705031
50 6 392.2374210009783 196.2748729002674
50 7 37.223482176250776 126.1695895170666
50 8 357.94197843296695 123.16064772986898
50 11 344.24752088367507 116.41870665121547
50 14 228.4469152386632 132.5796273974748
50 16 381.508928215787 167.54724627960425
50 26 359.88451012740654 195.2950921712223
50 30 138.34661360893153 163.72789014595233
50 43 377.6236971117091 196.30355551823436
50 57 10.155322560501672 126.99881599925914
51 2 202.69482475282751 110.11288972413232
51 6 392.2347109129969 196.28476853370427
51 7 37.25012318139423 126.1690908008727
51 8 357.95145596296305 123.16218794688628
51 11 344.2529515317345 116.41874781296262
51 14 228.53340023626964 132.54518147676953
51 16 381.5292205089692 167.4822240482016
51 26 359.89891498274574 194.9393096312613
51 30 141.24929075611442 163.0145698550334
51 43 377.451697550753 195.9036771496073
51 57 10.153302287336208 127.06063491744362
52 2 202.68593715304763 109.92466007381567
52 6 392.2317257370311 196.2932808267934
52 7 37.27676418653768 126.16814747774951
52 8 357.9642581472711 123.16372816390356
52 11 344.25838217979384 116.41878897470976
52 14 228.60678400384643 132.51510755590277
52 16 381.5495128021514 167.41720181679892
52 26 359.8772019625297 194.56377072364813
52 30 144.08923189711948 162.31225290267398
52 43 377.2427783255084 195.48928150054644
52 57 10.151282014170745 127.10224944976268
53 2 202.6770495532677 109.69612709373428
53 6 392.228465473081 196.30037872608773
53 7 37.30340519168113 126.16675954769708
53 8 357.9803849858911 123.16526838092084
53 11 344.2638128278532 116.41883013645688
53 14 228.66838986569743 132.48825969453395
53 16 381.56980509533366 167.35217958539624
53 26 359.8183903551019 194.16829770337048
53 30 146.85511355865106 161.620939288874
53 43 376.996040264587 195.0610399227884
53 57 10.149261741005278 127.12844526515585
54 2 202.6681619534878 109.4219622060759
54 6 392.22493012114654 196.30604160531252
54 7 37.33004619682458 126.16492701071536
54 8 357.99983647882294 123.16680859793814
54 11 344.2692434759126 116.41887129820402
54 14 228.71952471319423 132.46367269750556
54 16 381.5900973885159 167.2871573539936
54 26 359.72193934958125 193.7529218794812
54 30 149.53633556360114 160.94062901363355
54 43 376.7110744976677 194.61962376806977
54 57 10.147241467839812 127.14310172851754
55 2 202.65927435370796 109.09642726022608
55 6 392.22111968122766 196.31025926536543
55 7 37.35668720196804 126.16264986680444
55 8 358.02261262606675 123.16834881495542
55 11 344.274674123972 116.41891245995116
55 14 228.7614905963281 132.44055179727968
55 16 381.6103896816981 167.2221351225909
55 26 359.5877446175446 193.31788291065004
55 30 152.12316032928038 160.2713220769526
55 43 376.3879305495081 194.16570438812712
55 57 10.145221194674347 127.14930243370668
56 2 202.650386753928 108.71336031195877
56 6 392.2170341533245 196.31303193431643
56 7 37.38332820711148 126.1599281159642
56 8 358.0487134276225 123.16988903197272
56 11 344.28010477203134 116.4189536216983
56 14 228.79559407780863 132.41826233637445
56 16 381.6306819748804 167.15711289118823
56 26 359.41613161291934 192.86362637785223
56 30 154.60683531376333 159.61301847883112
56 43 376.0270844339534 193.69995313469707
56 57 10.143200921508882 127.14943954924128
57 2 202.6414991541481 108.2661614026271
57 6 392.2126735374369 196.31437026740772
57 7 37.409969212254936 126.15676175819472
57 8 358.0781388834901 123.17142924899
57 11 344.2855354200907 116.41899478344544
57 14 228.82315334970684 132.39631944980022
57 16 381.65097426806255 167.09209065978558
57 26 359.20784559008735 192.39079963419584
57 30 156.9796986103587 158.96571821926912
57 43 375.6294067479448 193.2230413595162
57 57 10.141180648343417 127.14531197670748
58 6 392.20803783356496 196.3142953470541
58 7 37.43661021739839 126.153150793496
58 8 358.1108889936697 123.17296946600727
58 11 344.2909660681501 116.41903594519256
58 14 228.84550311264428 132.37437774749628
58 16 381.6712665612448 167.0270684283829
58 26 358.9640383401998 191.90024593188724
58 30 159.2352676902084 158.32942129826662
58 43 375.1961307655317 192.73564041432107
58 57 10.13916037517795 127.1382173218716
59 4 67.53447032888124 157.69738971127975
59 6 392.2031270417087 196.31283868284245
59 7 37.46325122254184 126.149095221868
59 8 358.1469637581611 123.17450968302458
59 11 344.2963967162095 116.4190771069397
59 14 228.8639972175282 132.35222099676696
59 16 381.691558854427 166.96204619698022
59 26 358.6862516456996 191.392996826335
59 30 161.368311292979 157.7041277158236
59 43 374.7288205318802 192.23842165084832
59 57 10.137140102012484 127.12903767850356
60 4 67.63303368269072 157.8526345739464
60 6 392.1979411618681 196.3100422115321
60 7 37.48989222768529 126.14459504331076
60 8 358.18636317696456 123.17604990004186
60 11 344.30182736426883 116.41911826868684
60 14 228.88000906983237 132.32975180471837
60 16 381.71185114760925 166.89702396557755
60 26 358.37639745305853 190.87026285739177
60 30 163.37490446571758 157.0898374719401
60 43 374.2293389572833 191.7320564208345
60 57 10.13511982884702 127.11831922489478
61 4 67.73149760063649 158.00518090352543
61 6 392.1924801940431 196.30595829705484
61 7 37.51653323282874 126.13965025782424
61 8 358.2290872500799 123.17759011705915
61 11 344.30725801232825 116.41915943043396
61 14 228.89492979642145 132.30698130069413
61 16 381.73214344079145 166.8320017341749
61 26 358.0367347637216 190.33342250773435
61 30 165.2524667497753 156.48655056661607
61 43 373.6998159111691 191.21721607601623
61 57 10.133099555681554 127.10634563308577
62 4 67.8293705693219 158.15398378395588
62 6 392.1867441382337 196.3006497305146
62 7 37.54317423797219 126.13426086540848
62 8 358.2751359775071 123.17913033407643
62 11 344.3126886603876 116.4192005921811
62 14 228.9101641749248 132.28401881871292
62 16 381.7524357339737 166.76697950277222
62 26 357.66984324326296 189.7840094383812
62 30 166.99978351588948 155.8942669998515
62 43 373.1426163161144 190.69457196813013
62 57 10.131079282516088 127.09320529080492
63 4 67.926163403669 158.29801413443587
63 6 392.18073299444 196.2941897301878
63 7 37.56981524311564 126.12842686606344
63 8 358.32450935924624 123.18067055109373
63 11 344.31811930844697 116.41924175392823
63 14 228.92712432565256 132.26106157990375
63 16 381.7727280271559 166.70195727136954
63 26 357.2785935487539 189.2236980013504
63 30 168.61701044736935 155.31298677164648
63 43 372.5603082418502 190.16479544891277
63 57 10.129059009350623 127.07885233611012
64 4 68.02139123951946 158.43626706902143
64 6 392.1744467626619 196.2866619415231
64 7 37.596456248259095 126.12214825978916
64 8 358.3772073952973 123.18221076811102
64 11 344.3235499565064 116.41928291567535
64 14 228.94722116605908 132.23838437494277
64 16 381.7930203203381 166.6369350399669
64 26 356.86611437433635 188.65428702945255
64 30 170.10566117141093 154.7427098820009
64 43 371.9556309992746 189.62855787010068
64 57 10.127038736185158 127.0631615047248
65 4 68.11457552623537 158.56777061657425
65 6 392.1678854428994 196.2781604371416
65 7 37.62309725340254 126.1154250465856
65 8 358.4332300856603 123.1837509851283
65 11 344.32898060456574 116.4193240774225
65 14 228.97185362775195 132.21632924649012
65 16 381.8133126135204 166.5719128085642
65 26 356.43575621501475 188.07768190322483
65 30 171.46857803851196 154.18343633091484
65 43 371.3314632344613 189.08653058343052
65 57 10.12501846301969 127.04597679010055
66 4 68.2052460192999 158.69159480105802
66 6 392.1610490351526 196.26878971683672
66 7 37.649738258546 126.1082572264528
66 8 358.49257743033525 123.1852912021456
66 11 344.3344112526251 116.41936523916964
66 14 229.0023956360438 132.19529517162567
66 16 381.8336049067026 166.50689057716153
66 26 355.9910518486508 187.49587489500095
66 30 172.70988605004288 153.63516611838827
66 43 370.6907910226692 188.5393849406389
66 57 10.122998189854226 127.0271539161606
66 71 244.06570258507367 118.88697425087744
67 4 68.2929427729184 158.80686108218302
67 6 392.1539375394214 196.25866470757416
67 7 37.67637926368945 126.10064479939074
67 8 358.55524942932203 123.18683141916289
67 11 344.3398419006845 116.41940640091676
67 14 229.0401808520569 132.1757277442856
67 16 381.8538971998848 166.44186834575888
67 26 355.5356735361721 186.910923790122
67 30 173.83492993389154 153.09789924442117
67 43 370.0366759623536 187.9877922934624
67 57 10.12097791668876 127.00659662277155
67 71 243.963040385213 118.85315788566304
68 4 68.37721813261889 158.9127521563996
68 6 392.1465509557059 196.24791076349203
68 7 37.703020268832894 126.0925877653994
68 8 358.6212460826208 123.18837163618016
68 11 344.3452725487439 116.4194475626639
68 14 229.08648517736333 132.15810885769906
68 16 381.87418949306704 166.3768461143562
68 26 355.0733869399931 186.3249287852811
68 30 174.85019436825633 152.57163570901355
68 43 369.37222326917424 187.4324239936376
68 57 10.118957643523297 126.98428676390051
68 71 243.86037818535232 118.8313057677492
69 4 68.45763872785311 159.0085221182401
69 6 392.138889284006 196.23666366590072
69 7 37.72966127397635 126.08408612447884
69 8 358.6905673902315 123.18991185319746
69 11 344.35070319680324 116.41948872441104
69 14 229.1425070211801 132.14294638682463
69 16 381.8944817862493 166.31182388295352
69 26 354.6080017606418 185.74000766401204
69 30 175.76320735357672 152.05637551216546
69 43 368.7005498700056 186.87395139290103
69 57 10.11693737035783 126.96030821849764
69 71 243.7577159854916 118.82141789713592
69 74 307.94350659940056 125.61291235562028
70 4 68.5337874645973 159.09350698200942
70 6 392.13095252432174 196.2250696232831
70 7 37.7563022791198 126.07513987662898
70 8 358.763213352154 123.19145207021474
70 11 344.35613384486265 116.41952988615816
70 14 229.2093453301029 132.1307638707858
70 16 381.9147740794315 166.24680165155087
70 26 354.1433190916027 185.15826924931
70 30 176.58242673252357 151.55211865387682
70 43 368.0247524969486 186.31304584298937
70 57 10.114917097192365 126.93486461406268
70 71 243.6550537856309 118.8234942738232
70 74 308.3443165998397 125.60563085396302
70 75 348.69894424213 133.81223316562597
71 4 68.60526551795289 159.16713556382388
71 6 392.1227406766532 196.2132852712942
71 7 37.78294328426325 126.06574902184988
71 8 358.83918396838857 123.19299228723204
71 11 344.361564492922 116.41957104790532
71 14 229.2879753803919 132.1220901953088
71 16 381.9350663726137 166.1817794201482
71 26 353.6830754923627 184.58178513339624
71 30 177.31710985818597 151.05886513414768
71 43 367.3478757813372 185.7503786956392
71 57 10.1128968240269 126.90829086294116
71 71 243.55239158577027 118.83753489781104
71 74 308.71334067858766 125.59834935230576
71 75 348.6670352495234 133.83793687983103
72 4 68.67169432474752 159.22894072399916
72 6 392.1142537410002 196.20147767276157
72 7 37.8095842894067 126.0559135601415
72 8 358.918479238935 123.19453250424932
72 11 344.3669951409814 116.41961220965244
72 14 229.3792223327964 132.1174492751577
72 16 381.9553586657959 166.1167571887455
72 26 353.2308837796768 184.01255968461572
72 30 177.9771664103124 150.57661495297805
72 43 366.6728803477506 185.18662130258707
72 57 10.110876550861434 126.88105851129215
72 71 243.4497293859096 118.8635397690994
72 74 309.0505788356444 125.59106785064849
72 75 348.6376694102705 133.85149548320726
73 4 68.73271757613561 159.27857096978616
73 6 392.1054917173629 196.1898243176849
73 7 37.83622529455016 126.04563349150388
73 8 359.0010991637933 123.1960727212666
73 11 344.3724257890408 116.41965337139958
73 14 229.48373254992973 132.11734973657244
73 16 381.9756509589782 166.05173495734286
73 26 352.79017053703643 183.45249833147705
73 30 178.57299435969435 150.10536811036786
73 43 366.0026109080227 184.62244501556964
73 57 10.108856277695969 126.85377490080884
73 71 243.3470671860489 118.90150888768834
73 74 309.35603107100985 125.5837863489912
73 75 348.61084672437124 133.85580681058565
74 4 68.78800321019945 159.3158024184563
74 6 392.09645460574114 196.17851312323648
74 7 37.8628662996936 126.034908815937
74 8 359.0870437429636 123.1976129382839
74 11 344.3778564371001 116.41969453314672
74 14 229.60194267618996 132.1222745997025
74 16 381.9959432521604 165.98671272594018
74 26 352.36411034235107 182.9033741238282
74 30 179.1152990807018 149.6451246063172
74 43 365.33976435525136 184.0585211863234
74 57 10.106836004530502 126.82717614308864
74 71 243.2444049861882 118.95144225357782
74 74 309.62969738468416 125.57650484733394
74 75 348.5865671918257 133.8534972036955
75 4 68.83724540454978 159.3405511207342
75 6 392.0871424061351 196.1677424337607
75 7 37.88950730483705 126.02373953344086
75 8 359.1763129764458 123.19915315530118
75 11 344.3832870851595 116.41973569489384
75 14 229.73404648022148 132.1326709610466
75 16 382.0162355453426 165.9216904945375
75 26 351.9555567138435 182.36679257117132
75 30 179.6148956118882 149.19588444082603
75 43 364.6868578578086 183.49552116658504
75 57 10.104815731365036 126.8021139067605
75 71 243.1417427863275 119.01333986676784
75 74 309.87157777666715 125.56922334567668
75 75 348.5648308126337 133.84692151116468
76 4 68.88016656892674 159.35288574458033
76 6 392.0775551185447 196.1577210207745
76 7 37.91614830998051 126.01212564401548
76 8 359.26890686423985 123.20069337231848
76 11 344.3887177332189 116.41977685664098
76 14 229.8799594599293 132.1489396758863
76 16 382.0365278385248 165.85666826313482
76 26 351.5669697741486 181.84415475811605
76 30 180.08249406473783 148.7576476138943
76 43 364.0461969533495 182.93411630809115
76 57 10.102795458199571 126.77953601728213
76 71 243.03908058646684 119.08720172725845
76 74 310.081672246959 125.5619418440194
76 75 348.54563758679546 133.8381630885199
77 4 68.91651933780057 159.35304061932092
77 6 392.06769274296994 196.14866808296696
77 7 37.94278931512396 126.0000671476608
77 8 359.36482540634586 123.20223358933576
77 11 344.3941483812783 116.41981801838811
77 14 230.0392812100327 132.17142504072467
77 16 382.0568201317071 165.79164603173217
77 26 351.2003406326287 181.3366187369684
77 30 180.52846818054277 148.33041412552217
77 43 363.41984364282337 182.37497796257824
77 57 10.100775185034106 126.76046086945996
77 71 242.93641838660616 119.17302783504958
77 74 310.2599807955595 125.55466034236213
77 75 348.52898751431087 133.82903379818816
77 82 113.26443498677163 151.95822242637732
78 4 68.94608856297263 159.34142914012745
78 6 392.0575552794108 196.14081324619968
78 7 37.969430320267406 125.98756404437688
78 8 359.4640686027638 123.20377380635304
78 11 344.39957902933764 116.41985918013523
78 14 230.211255552168 132.2004044757204
78 16 382.07711242488926 165.7266238003295
78 26 350.85711248589814 180.84505919746343
78 30 180.96260703538485 147.91418397570945
78 43 362.8095844844828 181.81877748178297
78 57 10.09875491186864 126.74594565267046
78 74 310.40650342246886 125.54737884070488
78 75 348.5148805951799 133.82107400949383
78 82 113.19753548930704 151.9765452991832
79 4 68.96869330617608 159.3186575328438
79 6 392.0471427278673 196.13439656350653
79 7 37.99607132541086 125.9746163341637
79 8 359.5666364534937 123.20531402337032
79 11 344.40500967739706 116.41990034188238
79 14 230.3947284275348 132.2360782071266
79 26 350.5380984365545 180.37002541363
79 30 181.39384989323764 147.5089571644562
79 43 362.2168986878946 181.26618621744197
79 57 10.096734638703175 126.73704838878086
79 74 310.5212401276869 125.5400973390476
79 75 348.5033168294026 133.81555259866008
79 82 113.13804854074712 151.9948681719891
80 4 68.98418883167653 159.28553897916322
80 6 392.0364550883394 196.1296685150937
80 7 38.02271233055431 125.96122401702128
80 8 359.67252895853545 123.2068542403876
80 11 344.4104403254564 116.41994150362952
80 14 230.5881035520922 132.27855894972544
80 26 350.24339603012885 179.9116974677963
80 30 181.83000420719304 147.1147336917625
80 43 361.6429262079464 180.7178755212917
80 57 10.09471436553771 126.73478378278378
80 74 310.60419091121383 125.53281583739032
80 75 348.49429621697897 133.81346694881017
80 82 113.08597414109188 152.01319104479504
80 86 130.7270434641699 139.20404275816085
81 4 68.99246859887326 159.24310810215226
81 6 392.0254923608272 196.12689000833976
81 7 38.04935333569776 125.94738709294955
81 8 359.7817461178892 123.2083944574049
81 11 344.4158709735158 116.41998266537664
81 14 230.7892958342915 132.3278615892652
81 26 349.9722985102336 179.46984075173583
81 30 182.2774467688256 146.73151355762826
81 43 361.0884358388609 180.17451674506887
81 57 10.092694092372245 126.74007288613323
81 74 310.6553557730495 125.52553433573306
81 75 348.48781875790894 133.81554294996522
81 82 113.0413122903413 152.03151391760093
81 86 130.95240716504446 139.2014187818382
82 4 68.99346625489969 159.19263581212482
82 6 392.0142545453306 196.1263323777956
82 7 38.07599434084121 125.9331055619486
82 8 359.89428793155474 123.2099346744222
82 11 344.4213016215752 116.4200238271238
82 14 230.99568255536863 132.38389286489655
82 26 349.72320279193275 179.0437587449464
82 30 182.7408080056275 146.3592967620535
82 43 360.55379330820335 179.63678124051003
82 57 10.090673819206778 126.75368657279093
82 74 310.6747347131939 125.5182528340758
82 75 348.4838844521926 133.82223499904558
82 82 113.00406298849538 152.04983679040683
82 86 131.17777086591903 139.19879480551558
83 4 68.98715762722429 159.1356445128636
83 6 392.0027416418497 196.12827738518453
83 7 38.102635345984666 125.9183794240184
83 8 360.01015439953227 123.21147489143948
83 11 344.42673226963456 116.42006498887092
83 14 231.20405231216571 132.4464410516087
83 26 349.49351415331927 178.63224407007226
83 30 183.22263942661573 145.99808330503825
83 43 360.03892937088983 179.10534035935177
83 57 10.088653546041312 126.77618282796868
83 74 310.6623277316471 125.51097133241852
83 75 348.48249329983 133.83372599987098
83 82 112.97422623555414 152.06815966321273
83 86 131.4031345667936 139.19617082919294
84 4 68.97356271625154 159.07392366819082
84 6 391.9909536503844 196.1330172194021
84 7 38.12927635112811 125.90320867915892
84 8 360.12934552182173 123.21301510845676
84 11 344.4321629176939 116.42010615061804
84 14 231.4105517225131 132.5151656426671
84 26 349.27954764529625 178.23352782546132
84 30 183.72306421603756 145.64787318658247
84 43 359.5433079032008 178.58086545333072
84 57 10.086633272875847 126.80783784957498
84 74 310.61813482840904 125.50368983076125
84 75 348.48364530082097 133.84992736315928
84 82 112.9518020315176 152.08648253601865
84 86 131.6284982676682 139.1935468528703
85 4 68.95274768792247 159.0095457288874
85 6 391.9788905709348 196.14085449651623
85 7 38.155917356271566 125.88759332737018
85 8 360.2518612984231 123.21455532547404
85 11 344.43759356575333 116.4201473123652
85 14 231.61062989314652 132.5895870320478
85 26 349.0764262195826 177.84522719486367
85 30 184.23941097518184 145.3086664066862
85 43 359.0658939967883 178.0640278741834
85 57 10.084612999710382 126.84857096238407
85 74 310.54215600347976 125.496408329104
85 75 348.4873404551656 133.87047900652715
85 82 112.93679037638567 152.10480540882455
85 86 131.85386196854276 139.19092287654766
86 4 68.92482686631577 158.94488241996012
86 6 391.9665524035007 196.15210225976725
86 7 38.18255836141502 125.8715333686522
86 8 360.3777017293364 123.21609554249136
86 11 344.4430242138127 116.42018847411232
86 14 231.79898065017647 132.6690761968758
86 26 348.87797557490785 177.46429133426267
86 30 184.76583061234976 144.9804629653494
86 43 358.6051220526849 177.55549897364648
86 57 10.082592726544917 126.89786334490007
86 74 310.43439125685927 125.48912682744673
86 75 348.49357876286393 133.89474935449084
86 82 112.92919127015848 152.12312828163044
86 86 132.07922566941733 139.188298900225
87 4 68.88996472624846 158.88262138825849
87 6 391.9539391480824 196.16708397956776
87 7 38.20919936655847 125.85502880300494
87 8 360.5068668145616 123.21763575950864
87 11 344.44845486187205 116.42022963585946
87 14 231.9694825320991 132.7528443798598
87 26 348.67661572144505 177.08694553585096
87 30 185.292896380882 144.6632628625721
87 43 358.1588638753168 177.0559501034565
87 57 10.080572453379451 126.95467056892198
87 74 310.2948405885475 125.48184532578944
87 75 348.5023602239159 133.92183533846548
87 82 112.9290047128359 152.14145115443634
87 86 132.3045893702919 139.18567492390235
88 4 68.84837788587659 158.82578321043897
88 6 391.9410508046796 196.1861335535027
88 7 38.23584037170192 125.83807963042842
88 8 360.6393565540988 123.21917597652592
88 11 344.45388550993147 116.4202707976066
88 14 232.11513654535423 132.83993277172968
88 26 348.4632492634297 176.70863366913972
88 30 185.80718706538653 144.35706609835427
88 43 357.72439676651044 176.5660526153501
88 57 10.078552180213984 127.01732895180646
88 74 310.1235039985445 125.47456382413218
88 75 348.5136848383215 133.95056239676404
88 82 112.93623070441802 152.15977402724224
88 86 132.52995307116646 139.18305094757972
89 4 68.80033709929633 158.77773876127867
89 6 391.92788737329255 196.20959530632945
89 7 38.26248137684537 125.82068585092266
89 8 360.7751709479478 123.2207161935432
89 11 344.4593161579908 116.42031195935373
89 14 232.228001682431 132.92920219367306
89 16 382.30032764989375 165.0113792549001
89 26 348.2271464000005 176.32395889920838
89 30 186.29085331601092 144.06187267269598
89 43 357.2983716195075 176.0864778610638
89 57 10.07653190704852 127.08345572147846
89 74 309.9203814868504 125.4672823224749
89 75 348.5275526060808 133.97948447459913
89 82 112.95086924490482 152.17809690004816
89 86 132.75531677204106 139.18042697125708
90 4 68.74616924914453 158.74222694233703
90 6 391.9144488539211 196.2378239899776
90 7 38.28912238198882 125.80284746448764
90 8 360.9143099961087 123.2222564105605
90 11 344.4647468060502 116.42035312110086
90 14 232.29912820251437 133.0193227797704
90 16 382.320619943076 164.94635702349746
90 26 347.95582664424893 175.92662268209276
90 30 186.72116713088224 143.77768258559712
90 43 356.87678101296336 175.61789719233423
90 57 10.074511633883054 127.14984299406728
90 74 309.685473053465 125.46000082081764
90 75 348.54396352719374 134.00688402408298
90 82 112.97292033429628 152.19641977285406
90 86 132.98068047291562 139.17780299493444
91 4 68.68625933919975 158.7233727709666
91 6 391.90073524656526 196.2711847835492
91 7 38.31576338713227 125.78456447112332
91 8 361.0567736985816 123.22379662757778
91 11 344.47017745410955 116.420394282848
91 14 232.318488674683 133.10876365943227
91 16 382.3409122362582 164.88133479209478
91 26 347.6349372604823 175.50936203730936
91 30 187.0700544866288 143.5044958370578
91 43 356.4549273049726 175.16098196089806
91 57 10.072491360717589 127.21234556436129
91 74 309.4187786983883 125.45271931916037
91 75 348.5629176016604 134.0307720042257
91 82 113.0023839725924 152.21474264565995
91 86 133.2060441737902 139.1751790186118
92 4 68.62105248698288 158.72570582967143
92 6 391.8867465512251 196.3100532933186
92 7 38.342404392275725 125.76583687082976
92 8 361.2025620553664 123.22533684459508
92 11 344.47560810216896 116.42043544459511
92 14 232.2749067836472 133.19578263983738
92 16 382.3612045294405 164.8163125606921
92 26 347.24812841969185 175.06388509752006
92 30 187.30361111711431 143.24231242707793
92 43 356.02739072706555 174.71640351849177
92 57 10.070471087552123 127.2657625088434
92 74 309.1202984216204 125.4454378175031
92 75 348.5844148294806 134.0488878809357
92 82 113.03926015979322 152.23306551846585
92 86 133.43140787466476 139.17255504228916
93 4 68.55105591635811 158.75417907581598
93 6 391.8724827679005 196.35481555273245
93 7 38.36904539741917 125.74666466360696
93 8 361.3516750664632 123.22687706161236
93 11 344.4810387502283 116.42047660634226
93 14 232.15598389803463 133.27841588836466
93 16 382.3814968226226 164.75129032928945
93 26 346.7769250732329 174.58080493533268
93 30 187.3816014401158 142.99113235565756
93 43 355.58799747822525 174.284833216852
93 57 10.068450814386658 127.3037126015264
93 74 308.7900322231613 125.43815631584584
93 75 348.60845521065454 134.05869962702212
93 82 113.08354889589867 152.25138839127175
93 86 133.65677157553935 139.16993106596652
94 4 68.4768409501336 158.8141880116797
94 6 391.8579438965916 196.4058680224098
94 7 38.39568640256263 125.7270478494549
94 8 361.50411273187177 123.22841727862964
94 11 344.4864693982877 116.4205177680894
94 14 231.94802340122976 133.35446761503457
94 16 382.4017891158049 164.68626809788677
94 26 346.20059554471845 174.0495716672442
94 30 187.25694063230708 142.7509556227967
94 43 355.1297878188941 173.86694240771533
94 57 10.066430541221193 127.31850354244877
94 74 308.4279801030109 125.43087481418856
94 75 348.6350387451821 134.0574037221914
94 82 113.13525018090884 152.26971126407767
94 86 133.88213527641392 139.16730708964388
95 4 68.3990450026625 158.91159021486348
95 6 391.8431299372984 196.46361759014204
95 7 38.42232740770608 125.70698642837355
95 8 361.65987505159234 123.22995749564694
95 11 344.4919000463471 116.42055892983652
95 14 231.63595278473863 133.42149975494192
95 16 382.4220814089871 164.6212458664841
95 26 345.4960168401171 173.4584028347159
95 30 186.87515985227375 142.5217822284953
95 43 354.64498416498725 173.4634024428184
95 57 10.064410268055727 127.3009949988916
95 74 308.03414206116935 125.4235933125313
95 75 348.6641654330633 134.04192515304896
95 82 113.19436401482363 152.28803413688357
95 86 134.1074989772885 139.16468311332125
96 4 68.31837357244355 159.05272522904124
96 6 391.8280408900208 196.5284815708929
96 7 38.44896841284952 125.68648040036298
96 8 361.8189620256248 123.23149771266422
96 11 344.49733069440646 116.42060009158368
96 14 231.20324350412076 133.47682165069477
96 16 382.4423737021693 164.55622363508144
96 26 344.63753667607165 172.79421206239
96 30 186.1738546116096 142.30361217275342
96 43 354.1249591818969 173.07488467389774
96 57 10.06238999489026 127.2404554592888
96 74 307.6085180976366 125.41631181087402
96 75 348.69583527429825 134.0089174131009
96 82 113.26089039764314 152.30635700968946
96 86 134.33286267816305 139.1620591369986
97 4 68.23560223472211 159.24443481506373
97 6 391.8126767547588 196.6008877067984
97 7 38.47560941799298 125.66552976542314
97 8 361.9813736539692 123.23303792968152
97 11 344.5027613424658 116.4206412533308
97 14 230.63182859746053 133.5174797348477
97 16 382.46266599535153 164.49120140367876
97 26 343.5968322264203 172.04253599344753
97 30 185.08211629423056 142.09644545557103
97 43 353.56020387850924 172.70206045268995
97 57 10.060369721724795 127.12441289986305
97 74 307.1511082124125 125.40903030921676
97 75 348.7300482688868 133.95476250275004
97 82 113.3348293293673 152.32467988249536
97 86 134.55822637903762 139.15943516067597
