1 1 842.7489656146374 168.71705486326275
2 1 842.7187914486042 168.67606615531162
3 1 842.691976348998 168.6370557198366
4 1 842.6683985847726 168.59998060755112
5 1 842.6479364248814 168.56479786916867
6 1 842.630468138278 168.53146455540272
7 1 842.6158719939161 168.49993771696674
7 4 982.5310555019806 474.2740942495569
8 1 842.6040262607492 168.4701744045742
8 4 967.1362731760516 470.44521797795375
9 1 842.5948092077306 168.44213166893854
9 4 951.7414908501224 466.7644033300451
10 1 842.5880991038141 168.4157665607733
10 4 936.3467085241932 463.2316503058311
11 1 842.5837742179532 168.3910361307919
11 4 920.951926198264 459.8469589053115
12 1 842.5817128191013 168.3678974297078
13 1 842.5817931762123 168.34630750823447
13 4 890.1623615464058 453.5217609753561
14 1 842.5838935582394 168.32622341708543
14 4 874.7675792204767 450.58125444592025
15 1 842.5878922341363 168.3076022069741
15 4 859.3727968945475 447.7888095401789
16 1 842.5936674728566 168.290400928614
16 4 843.9780145686184 445.14442625813217
17 1 842.6010975433538 168.27457663271855
17 4 828.5832322426893 442.64810459978
18 1 842.6100607145814 168.26008637000126
18 4 813.1884499167601 440.2998445651223
18 7 725.7543695623231 397.5094346479935
18 8 1197.5054931640625 127.21781158447268
19 1 842.620435255493 168.24688719117557
19 4 797.793667590831 438.0996461541592
19 7 671.6638223359084 399.5750520648377
19 8 1197.5689697265625 126.25086975097656
20 1 842.6320994350422 168.23493614695494
20 4 782.3988852649018 436.0475093668906
20 7 617.573275109494 402.8210470950963
21 1 842.6449315221824 168.22419028805288
21 4 767.0041029389727 434.1434342033166
21 7 563.4827278830794 407.2474197387693
22 1 842.6588097858674 168.21460666518286
22 4 751.6093206130436 432.3874206634371
22 7 509.3921806566648 412.8541699958567
23 1 842.6736124950505 168.2061423290583
23 4 736.2145382871145 430.7794687472522
23 7 455.30163343025015 419.6412978663585
24 1 842.6892179186855 168.19875433039277
24 4 720.8197559611853 429.3195784547619
24 7 401.21108620383575 427.60880335027474
25 1 842.7055043257257 168.1923997198996
25 4 705.424973635256 428.0077497859661
25 7 347.1205389774211 436.75668644760543
25 9 970.9364115397136 134.21579233805338
26 1 842.7223499851248 168.18703554829236
26 4 690.0301913093269 426.8439827408648
26 7 293.0299917510065 447.0849471583505
26 9 970.7591349283856 135.2292277018229
26 10 222.16238185879584 183.08079105259628
27 1 842.7396331658363 168.1826188662845
27 4 674.6354089833978 425.82827731945815
27 7 238.9394445245921 458.59358548251
27 9 970.5818583170574 136.24266306559244
27 10 221.61327294144328 183.10694301387664
28 1 842.7572321368137 168.1791067245895
28 4 659.2406266574687 424.960633521746
28 10 221.10427948129765 183.1330949751569
29 1 842.7750251670107 168.1764561739208
29 4 643.8458443315395 424.2410513477284
29 10 220.63540147835903 183.15924693643728
30 1 842.7928905253807 168.17462426499188
30 4 628.4510620056104 423.6695307974053
31 1 842.8107064808775 168.17356804851622
31 4 613.0562796796812 423.2460718707768
32 1 842.8283513024543 168.1732445752073
33 1 842.8457032590649 168.17361089577858
34 1 842.8626406196628 168.1746240609435
35 1 842.8790416532014 168.1762411214156
36 1 842.8947846286345 168.17841912790828
37 1 842.9097478149156 168.18111513113504
38 1 842.9238094809981 168.18428618180937
39 1 842.9368478958356 168.1878893306447
40 1 842.9487413283817 168.19188162835454
40 10 218.1253636216944 183.4469185105208
41 1 842.95936804759 168.19622012565233
41 10 218.1378711052395 183.4730704718011
42 1 842.9686063224141 168.20086187325157
42 10 218.19049404599156 183.4992224330814
43 1 842.9763344218073 168.2057639218657
43 10 218.28323244395057 183.5253743943617
44 1 842.9824306147233 168.2108833222082
44 10 218.41608629911656 183.551526355642
45 1 842.9867731701157 168.21617712499253
45 10 218.58905561148956 183.57767831692237
45 15 971.3986209698576 137.66993312551014
46 1 842.989240356938 168.2216023809322
46 10 218.80214038106945 183.60383027820265
46 15 971.4043232324703 137.59390765897075
47 1 842.9897104441437 168.22711614074063
47 10 219.0553406078564 183.62998223948296
47 15 971.410025495083 137.5178821924314
48 1 842.9880617006866 168.23267545513133
48 10 219.34865629185023 183.6561342007633
48 15 971.4157277576958 137.44185672589202
49 1 842.9841723955199 168.23823737481777
49 10 219.68208743305112 183.6822861620436
49 15 971.4214300203084 137.36583125935263
50 1 842.9779207975973 168.24375895051338
50 10 220.05563403145896 183.70843812332396
50 15 971.4271322829212 137.28980579281327
51 1 842.9691851758724 168.24919723293166
51 10 220.4692960870738 183.73459008460424
51 15 971.432834545534 137.2137803262739
52 1 842.9578437992988 168.2545092727861
52 10 220.9230735998956 183.76074204588457
53 1 842.9437749368299 168.25965212079012
53 10 221.41696656992437 183.78689400716488
54 1 842.9268568574192 168.26458282765722
54 10 221.9509749971601 183.8130459684452
55 1 842.9069678300206 168.2692584441009
56 1 842.8839861235873 168.27363602083457
57 1 842.8577900070729 168.27767260857172
58 1 842.8282577494311 168.28132525802584
59 1 842.7952676196155 168.2845510199104
60 1 842.7586978865794 168.28730694493885
61 1 842.7184268192766 168.28955008382468
62 1 842.6743326866605 168.29123748728134
62 15 971.4955594342738 136.3775001943408
63 1 842.6262937576846 168.29232620602232
63 15 971.5012616968864 136.3014747278014
64 1 842.5741883013026 168.2927732907611
64 15 971.5069639594992 136.22544926126204
