1 1 1133.295819302965 622.6982445648631
2 1 1115.9082091857117 598.366190776437
3 1 1099.8716976532364 575.8650672554284
4 1 1085.1310123626686 555.1231113986141
5 1 1071.6308809711377 536.0685606027711
6 1 1059.316031135773 518.6296522646761
7 1 1048.131190513704 502.73462378110594
8 1 1038.02108676206 488.31171254883753
9 1 1028.9304475379706 475.2891559646477
10 1 1020.804000498565 463.595191425313
11 1 1013.5864733009728 453.15805632761055
12 1 1007.2225936023232 443.9059880683171
13 1 1001.657089059746 435.7672240442093
14 1 996.8346873303703 428.6700016520643
15 1 992.7001160713256 422.5425582886586
16 1 989.1981029397416 417.31313135076925
17 1 986.2733755927472 412.9099582351729
18 1 983.8706616874722 409.26127633864655
19 1 981.934688881046 406.2953230579668
20 1 980.4101848305976 403.94033578991065
21 1 979.2418771932572 402.1245519312549
22 1 978.3744936261536 400.7762088787763
23 1 977.7527617864162 399.8235440292517
24 1 977.3214093311748 399.1947947794579
25 1 977.0251639175588 398.81819852617184
26 1 976.8087532026972 398.62199266617006
27 1 976.6169048437196 398.5344145962297
28 1 976.3943464977558 398.48370171312746
29 1 976.0858058219349 398.39809141364015
29 7 506.7073059082031 373.5389404296874
30 1 975.636010473386 398.2058210945447
30 7 508.32339477539074 373.06005859375006
31 1 974.9896881092392 397.8351281526177
32 1 974.0915663866236 397.214249984636
33 1 972.8863729626686 396.2714239873768
34 1 971.3188354945036 394.9348875576164
