517 488 225.3600804431626 156.97624952309974
517 495 383.2032950386868 146.21862204525678
517 502 193.14234245303987 109.26030708930816
517 541 273.3379703182727 120.32439180822983
517 554 205.4998657399992 201.02253114
517 562 174.6283875 67.49019623
517 570 344.1781354785712 103.58908572499983
517 576 303.199583530426 224.3313513295725
517 580 148.4280548095703 117.917861614289
517 587 277.4912415000001 207.6743164
517 588 103.63692124348016 95.5070627356763
518 488 225.09156606780016 157.00934219713173
518 495 383.2538005754346 146.04860794267915
518 502 193.17340478075317 109.28718146323172
518 541 267.7838112092577 116.61825235985452
518 554 210.73765870999927 208.40603334000025
518 570 342.1651349857141 102.91688647285702
518 576 298.84228348731995 222.112810088438
518 580 150.78900146484375 119.28577518291422
518 587 275.1649475000001 207.0014648
518 588 104.45403920390528 98.10233998578042
519 488 224.85639772178547 157.04070676200985
519 495 383.3043061121824 145.869910142128
519 502 193.2044671084664 109.3140558371553
519 541 262.48505028360523 113.04953749953712
519 554 215.97545167999945 215.7895355400001
519 570 340.15213449285693 102.24468722071418
519 576 295.2877473831177 220.04388854117133
519 580 152.7962646484375 121.15737636901032
519 588 105.24608968949178 100.66715638898312
519 592 421.25120600706873 194.70527975588237
520 488 224.6530332660186 157.07034321773398
520 495 383.3548116489303 145.68314565199944
520 502 193.2355294361797 109.34093021107886
520 541 257.4298325618729 109.61448579655551
520 554 221.21324464999952 223.1730377400004
520 570 338.1391339999998 101.5724879685713
520 576 292.3972795009613 218.1173811254557
520 580 154.73623657226562 123.53266517260636
520 588 106.019995338429 103.21726474259049
520 592 420.5972798778405 194.28838830117647
521 488 224.47993056143605 157.09825156430418
521 495 383.4053171856781 145.488931480686
521 502 193.26659176389296 109.36780458500242
521 541 252.60662022652104 106.30933582028956
521 554 226.4510376199996 230.55653994000068
521 570 336.12613350714264 100.90028871642846
521 576 290.0496928691864 216.32626337569675
521 580 156.786376953125 126.41164159367328
521 588 106.78267878910992 105.768417844316
521 592 419.9534621553783 193.8714968464706
521 597 381.5828604977578 240.16681671142575
522 488 224.3355474689088 157.1244318017204
522 495 383.4558227224259 145.28788463657838
522 502 193.29765409160623 109.39467895892597
522 541 248.00419262098148 103.13032614000258
522 570 334.1131330142855 100.22808946428565
522 576 288.1398825645447 214.6636919202283
522 580 159.04037475585938 129.7943056322256
522 582 241.59165190000067 254.66358443333596
522 588 107.54106267981116 108.33636849198956
522 592 419.3197528396822 193.45460539176472
522 597 371.3376746140421 229.03367948532104
523 488 224.2183418494169 157.14888392998267
523 495 383.50632825917376 145.0806221280709
523 502 193.3287164193195 109.42155333284953
523 541 243.61164624942467 100.07369532503073
523 570 332.10013252142835 99.55589021214274
523 576 286.5775098800659 213.1230044827098
523 580 161.53457641601562 133.68065728824877
523 582 245.76980590000085 262.3953654333354
523 588 108.30206964878016 110.93686948303366
523 592 418.6961519307522 193.0377139370588
523 597 361.9055776698515 219.41197681427
524 488 224.12677156385325 157.17160794909103
524 495 383.55683379592153 144.86776096355425
524 502 193.3597787470328 109.44842770677307
524 541 239.4183947800193 97.13568194468098
524 576 285.28571581840515 211.6977198823588
524 580 164.26708984375 138.0706965617428
524 582 249.94795990000057 270.1271464333354
524 588 109.07262233420624 113.58567361539464
524 592 418.0826594285884 192.6208224823529
524 597 353.2415969148278 211.09782886505127
525 488 224.05929447311064 157.1926038590454
525 495 383.60733933266937 144.64991815142457
525 502 193.39084107474605 109.47530208069664
525 541 235.41416904097423 94.31252456830408
525 559 201.20294573571425 114.9580546928571
525 576 284.1998839378357 210.3815380327869
525 580 167.21768188476562 142.96442345272226
525 588 109.8596433744533 116.29853368666954
525 592 417.47927533319125 192.20393102764703
525 597 345.3020242331549 203.9110054969788
526 488 224.01436843814736 157.21187165984588
526 495 383.6578448694172 144.4277107000744
526 502 193.4219034024593 109.5021764546202
526 541 231.58901702193543 91.600461765207
526 559 201.12177932857136 114.98149109999996
526 576 283.2664737701416 209.1683399426984
526 580 170.36143493652344 148.36183796118712
526 588 110.67005540779792 119.09120249433909
526 592 416.8859996445599 191.7870395729412
526 597 338.0444161603227 197.6930513381958
527 488 223.9904513198708 157.22941135149233
527 495 383.708350406165 144.20175561789256
527 502 193.4529657301726 109.52905082854376
527 541 227.93330387491733 88.9957321047259
527 559 201.0406129214285 115.00492750714282
527 576 282.44187688827515 208.05218771577347
527 580 173.68130493164062 154.26294008712284
527 588 111.5107810724876 121.97943283623316
527 592 416.3028323626945 191.37014811823528
527 597 331.4275938710198 192.3053622245789
527 610 136.80467022350058 94.82957902923226
528 488 223.98600097919552 157.2452229339849
528 495 383.7588559429129 143.97266991327524
528 502 193.4840280578859 109.55592520246734
528 541 224.43771191383712 86.49457415621146
528 559 200.95944651428564 115.02836391428568
528 576 281.6913733482361 207.02732455229847
528 580 177.17652893066406 160.66772983055853
528 588 112.3887430067116 124.9789775100071
528 592 415.7297734875956 190.9532566635294
528 597 325.4116431884468 187.6275091171265
528 610 138.5263817901723 96.12356558442116
529 488 223.99947527701443 157.2593064073235
529 495 383.8093614796607 143.7410705946113
529 502 193.51509038559917 109.5827995763909
529 541 221.0932406124193 84.09322648891248
529 559 200.8782801071428 115.05180032142854
529 576 280.9880771636963 206.08817474427636
529 580 180.8679351806641 167.57620719145052
529 588 113.31086384874652 128.10558931331616
529 592 415.16682301926267 190.53636520882355
529 597 319.957914580591 183.5554690361023
529 610 140.20055806648452 97.64917418174446
529 617 104.23074382911727 92.99461865838384
530 488 224.02933207430036 157.27166177150815
530 495 383.8598670164085 143.5075746702987
530 502 193.5461527133124 109.60967395031446
530 541 217.8912066088524 81.7879276721942
530 559 200.79711369999995 115.0752367285714
530 576 280.31200218200684 205.22934368159625
530 580 184.8011932373047 174.98837216982793
530 588 114.2840662370436 131.3750210439321
530 592 414.6139809576964 190.11947375411765
530 597 315.0290231565013 180.0000514984131
530 610 141.84464059351012 99.38889705948532
530 617 104.79888395768648 94.90915372472956
531 488 224.0740292319388 157.28228902653888
531 495 383.9103725531563 143.27279914872997
531 502 193.57721504102568 109.63654832423802
531 541 214.8232437008992 79.5749162754073
531 559 200.7159472928571 115.09867313571424
531 576 279.6491074562073 204.4456178487744
531 580 189.04547119140625 182.9042247656762
531 588 115.31527280961744 134.8030254993937
531 592 414.0712473028959 189.70258229941172
531 597 310.5888486718759 176.88536739349365
531 610 143.47607091331156 101.3280519284308
531 617 105.40359289961634 96.83447205414996
532 488 224.13202461082983 157.29118817241562
532 495 383.96087808990416 143.03736103829215
532 502 193.60827736873892 109.66342269816158
532 541 211.88130284822543 77.45043086781516
532 576 278.9904737472534 203.7319648242556
532 580 193.6900177001953 191.3237649790099
532 588 116.41140620500664 138.40535547735635
532 592 413.53862205486143 189.28569084470587
532 597 306.6025355299935 174.1473503112793
532 610 145.11229056707816 103.45478195697068
532 617 106.04862820082052 98.78420857037418
533 488 224.2017760719173 157.29835920913845
533 495 384.011383626652 142.80187734738502
533 502 193.63933969645225 109.69029707208514
533 541 209.05765217309815 75.41071001879754
533 576 278.3314723968506 203.0835332825081
533 580 198.8376007080078 200.24699280982892
533 588 117.5793890612258 142.19776377559174
533 592 413.0161052135934 188.86879939
533 597 303.0364927724004 171.73239850997925
533 610 146.77074109646492 105.76005580089986
533 617 106.73774740751831 100.7719981976552
534 488 224.2817414761448 157.30380213670725
534 495 384.06188916339977 142.5669650843938
534 502 193.6704020241655 109.7171714460087
534 541 206.34487695852292 73.45199229761783
534 576 277.67100763320923 202.495652992744
534 580 204.5943298339844 209.67390825813345
534 588 118.82614401669709 146.19600319169697
534 592 412.50369677909134 188.4519079352941
534 597 299.85839408729225 169.59607887268066
534 610 148.4688640430686 108.23766755871476
534 617 107.47470806560888 102.81147586012958
534 631 368.8709017932415 233.37001268193129
534 632 357.3534820973873 177.24781394191086
535 488 224.37037868439077 157.3075169551222
535 495 384.1123947001476 142.33324125771833
535 502 193.7014643518788 109.74404581993228
535 541 203.73587965010665 71.57051627364126
535 576 277.0108153820038 201.9638348184526
535 580 211.05612182617188 219.6045113239088
535 588 120.15859370969702 150.41582652332727
535 592 412.001396751356 188.0350164805882
535 597 297.03717781510204 167.70188760757446
535 610 150.2241009483696 110.88423681817947
535 617 108.26326772131142 104.91627648164284
535 631 360.0987413227558 224.1240861099213
535 632 350.0994516611099 170.81296118721366
536 488 224.46614555757697 157.30950366438316
536 495 384.1629002368954 142.10132287574925
536 502 193.73252667959204 109.77092019385582
536 541 201.223879852565 69.7625205161894
536 576 276.3548150062561 201.48377071972936
536 580 218.2932891845703 230.03880200715503
536 588 121.58366077847312 154.87298656825442
536 592 411.5092051303864 187.61812502588236
536 597 294.5430469270796 166.020122051239
536 610 152.0538933541975 113.69920861907303
536 617 109.10718392053968 107.100034986448
536 631 352.9829081892967 216.57245039287957
536 632 343.04065930843353 164.851346376352
537 488 224.56749995664725 157.3097622644902
537 495 384.2134057736433 141.87182694687726
537 502 193.7635890073053 109.79779456777938
537 541 198.8024143364746 68.02424359455472
537 576 275.708500623703 201.0513337504817
537 580 226.33126831054688 240.9767803078721
537 588 123.1082678611856 159.58323612395907
537 592 411.027121916183 187.2012335711765
537 597 292.3474690541625 164.52680921554563
537 610 153.97568280162525 116.68485346995294
537 617 110.01021420949836 109.3763862986816
537 631 347.2723481506109 210.54196666833013
537 632 336.19889134168625 159.32281819637865
538 488 224.67289974249437 157.30829275544323
538 495 384.2639113103911 141.6453704794967
538 502 193.79465133501856 109.82466894170294
538 541 196.46533702965823 66.3519240780879
538 576 275.078400850296 200.6625780601753
538 580 235.12747192382807 252.41844622608917
538 588 124.7393375961692 164.56232798838755
538 592 410.5551471087458 186.78434211647055
538 597 290.4231764646247 163.20273542404175
538 610 156.00691083271522 119.84626735560596
538 617 110.97611613408662 111.7589653422474
538 631 342.73559725284576 205.85949607472867
538 632 329.5903615653515 154.189177098684
538 634 95.43819135730156 68.22835902904626
539 488 224.7808027760329 157.30509513724235
539 495 384.3144168471389 141.42257048199826
539 502 193.82571366273183 109.8515433156265
539 541 194.20681902440265 64.74180053611053
539 576 274.4715678691864 200.31373889325187
539 580 244.5465850830078 264.36379976177705
539 588 126.48379262178788 169.82601495907875
539 592 410.0932807080746 186.36745066176468
539 597 288.7441660659388 162.0325093269348
539 610 158.1650189884822 123.19137172587216
539 617 112.0086472404655 114.26140704134014
539 631 339.1607823818922 202.35189975705
539 632 323.22613221406937 149.41417529806495
539 634 96.77695620546 70.91695421549957
539 636 135.17856995406328 92.4659805316478
540 488 224.8896669181995 157.30016940988753
540 495 384.3649223838867 141.2040439627781
540 502 193.85677599044516 109.87841768955006
540 541 192.02134857466444 63.19011153788597
540 576 273.8951666355133 200.00123258843087
540 580 254.3318328857422 276.8128409149358
540 588 128.34855557628907 175.39004983357154
540 592 409.6415227141699 185.9505592070588
540 597 287.2856994206086 161.00376749038696
540 610 160.46744881093036 126.73091349378228
540 617 113.11156507469424 116.89734631998
540 631 336.35562083125114 199.8460388509557
540 632 317.1125338077545 144.9635167531669
540 634 98.01848185333074 73.40247875999194
540 636 136.69583186949603 94.634480221197
540 640 97.23203278000034 71.77444458000036
541 488 224.997950029916 157.29351557337873
541 495 384.41542792063456 140.99040793022868
541 502 193.8878383181584 109.90529206347362
541 541 189.90373109444045 61.693095652794
541 576 273.356053352356 199.72165658138687
541 580 264.0725555419922 289.7655696855945
541 588 130.3405490978039 181.27018540975405
541 592 409.1998731270314 185.53366775235293
541 610 162.9316418414237 130.47846503928304
541 617 114.28862718280288 119.68041810230352
541 631 334.14742064476013 198.1687744949013
541 632 311.2515867650509 140.80485721118748
541 634 99.17145867366344 75.70546493807342
541 636 138.1786195624736 96.6864123698324
541 640 98.08016205000024 73.4428863500001
542 488 225.1041099721042 157.285133627716
542 495 384.4659334573824 140.78227939273893
542 502 193.91890064587167 109.9321664373972
542 541 187.84908915986307 60.24699145019986
542 576 272.86045360565186 199.47178940020967
542 580 273.17063903808594 303.2219860737096
542 588 132.466695824638 187.48217448522337
542 592 408.7683319466589 185.11677629764705
542 597 284.9377668341622 159.3318967819214
542 610 165.57503962150076 134.4504242129624
542 617 115.54359111083612 122.62425731227268
542 631 332.38308031857014 197.1469678301364
542 632 305.6414206326008 136.90780416037887
542 636 139.63867321185535 98.6670812740922
543 488 225.2066046056425 157.27502357289933
543 495 384.5164389941302 140.5802753587068
543 502 193.94996297358492 109.95904081132076
543 541 185.85286250920035 58.84803749932325
543 576 272.41367745399475 199.24859067052603
543 580 280.80186462402344 317.18209007931
543 588 134.73391839521355 194.0417698575184
543 592 408.3468991730524 184.69988484294117
543 597 284.00514723267406 158.6727180480957
543 610 168.41508369287476 138.66601432673633
543 617 116.88021440491138 125.74249887414044
543 631 330.92908902466297 196.60747999791056
543 632 300.2766963839531 133.24391685519367
543 636 141.08773299661698 100.61911605857313
544 488 225.3038917915037 157.2631854089287
544 495 384.56694453087806 140.38501283652295
544 502 193.98102530129825 109.98591518524432
544 541 183.91080804215744 57.49247236957308
544 576 272.01987385749817 199.04920111130923
544 588 137.1491394476907 200.9647243242944
544 592 407.93557480621234 184.28299338823527
544 597 283.20676406193525 158.12182807922363
544 610 171.46921559696784 143.14728417806327
544 617 118.30225461102964 129.04877771186875
544 631 329.671526491642 196.3771721366793
544 632 295.14902529120445 129.78670631255957
544 636 142.53753909515217 102.58247067965569
544 644 392.45336026427685 258.63677978515625
545 488 225.39442939058063 157.24961913580415
545 495 384.6174500676259 140.1971088345781
545 502 194.0120876290115 110.01278955916789
545 541 182.0189998210408 56.17653463019815
545 576 271.681875705719 198.87094253697435
545 588 139.7192816202296 208.26679068355588
545 592 407.5343588461385 183.8661019335294
545 597 282.52420209813863 157.67221021652222
545 610 174.7548768753186 147.9191080108285
545 617 119.8134692752501 132.55672874941956
545 631 328.51606300473213 196.28290538210425
545 632 290.24739050865173 126.51163531281054
545 636 143.99983168632025 104.5944239459932
545 644 390.6616512580768 249.6017818450928
545 647 408.06488789676223 214.22621889028235
546 488 225.47667526378063 157.23432475352564
546 495 384.6679556043737 140.01718036126294
546 502 194.0431499567248 110.03966393309145
546 541 180.17382906749845 54.89646285060735
546 576 271.40104484558105 198.7113178577274
546 588 142.4512675512524 215.96372173260897
546 592 407.1432512928309 183.44921047882352
546 597 281.9403107725084 157.31654739379883
546 610 178.28950906952377 153.00918554887176
546 617 121.41761594366108 136.27998691098765
546 631 327.38795962929726 196.15154087916017
546 632 285.55856743454933 123.39611839782448
546 636 145.48635094886413 106.6895794905722
546 644 388.9462333542415 243.56446361541748
546 647 396.77719727752265 205.00389817659743
547 488 225.54908727202564 157.2173022620932
547 495 384.7184611411215 139.8458444249809
547 502 194.07421228443803 110.066538307015
547 541 178.37200416694395 53.64849560006405
547 576 271.1772243976593 198.56801107805225
547 588 145.35201987909386 224.07127026922532
547 592 406.76225214628926 183.0323190241176
547 597 281.43920414708555 157.04691171646118
547 610 182.09055372106377 158.44804196991026
547 617 123.11845216232176 140.23218712059315
547 631 326.2320677787065 195.8099397644401
547 632 281.06754395365715 120.41952187288553
547 634 104.71645508281654 86.83988378301729
547 636 147.00883706170134 108.89986580237746
547 644 387.3071065527674 239.73518562316892
547 647 386.0739031903213 196.36758279718924
548 488 225.6101232762594 157.19855166150677
548 495 384.7689666778693 139.68371803410992
548 502 194.1052746121513 110.09341268093854
548 541 176.61055066506378 52.42887144788983
548 576 271.0086889266968 198.43888729740863
548 588 148.42846124185598 232.60518909117675
548 592 406.3913614065136 182.6154275694117
548 597 281.0062609445304 156.85458087921145
548 610 186.17545237147715 164.269027935341
548 617 124.9197354772914 144.42696430243086
548 631 325.0128295123577 195.08496317919344
548 632 276.7579413950443 117.56316380482168
548 634 105.49292054318356 88.44000512978528
548 636 148.579030203633 111.25453620031476
548 644 385.7442708536564 237.45915603637692
548 647 375.9324681246653 188.2901066602208
548 653 185.9244843 164.4315033
549 488 225.65824113738927 157.1780729517664
549 495 384.8194722146172 139.53141819705706
549 502 194.13633693986455 110.1202870548621
549 541 174.88681127037853 51.23382896342082
549 576 270.89219784736633 198.3219927106984
549 588 151.68751427781535 241.5812309961184
549 592 406.0305790735045 182.19853611470583
549 597 280.6281245164573 156.72988939285278
549 610 190.5616465624771 170.50831956416368
549 617 126.82522343460003 148.87795338057913
549 631 323.71427772939205 193.80347226094452
549 632 272.61243537068367 114.8103140098974
549 634 106.250360156846 90.02184631943237
549 636 150.2086705529946 113.78016883321106
549 644 384.2577262569103 236.2051887512207
549 647 366.3303545684321 180.74430367338937
550 488 225.6918987163008 157.15586613287206
550 495 384.869977751365 139.38956192220576
550 502 194.16739926757785 110.14716142878568
550 541 173.19844585261308 50.05960671599314
550 576 270.8230640888214 198.2155546079157
550 588 155.13610162533587 251.01514878170565
550 592 405.6799051472615 181.78164466
550 597 280.29270287789404 156.66222047805786
550 610 195.26657783577684 177.20491844974458
550 617 128.83867358033604 153.5987892789999
550 631 322.3400355130434 191.7923281500116
550 632 268.61317551136017 112.14619408082216
550 634 106.9974642963789 91.6059396279743
550 636 151.90949828876182 116.50066669285296
550 644 382.8474727625253 235.55452632904053
550 647 357.24502501031384 173.7030077446252
551 488 225.70955387397407 157.1319312048238
551 495 384.9204832881128 139.25876621795214
551 502 194.19846159529112 110.17403580270924
551 541 171.54343144153245 48.90244327488472
551 576 270.7953038215637 198.11798137333244
551 588 158.78114592266502 260.9226952455356
551 592 405.3393396277848 181.36475320529408
551 597 279.9891686672345 156.64000272750854
551 610 200.30768773239103 184.4006516430527
551 617 130.96384346052946 158.60310692182975
551 632 264.742206543684 109.5579773709178
551 634 107.74292333447374 93.2128173315432
551 636 153.69325358996866 119.43725763075054
551 644 381.5135103705016 235.18964099884036
551 647 348.6539419400506 167.13905278232414
552 488 225.7096644712874 157.10626816762158
552 495 384.9709888248606 139.1396480926869
552 502 194.2295239230044 110.2009101766328
552 541 169.92006223206408 47.758577209489886
552 576 270.8017988204956 198.02786248736084
552 588 162.6295698081085 271.3196231853799
552 592 405.008882515074 180.9478617505882
552 597 279.70795918349177 156.65084552764893
552 610 205.702417794324 192.14017167687416
552 617 133.20449062126863 163.90454123308882
552 632 260.9818884730339 107.03478898387402
552 634 108.49542764364742 94.86301170580556
552 636 155.5716766351252 122.60849430412054
552 644 380.2558390808426 234.8829889297485
552 647 340.534567845054 161.02527269360144
553 488 225.6906883691263 157.07887702126544
553 495 385.02149436160846 139.0328245548062
553 502 194.2605862507177 110.22778455055636
553 541 168.32694957661442 46.62424708905746
553 576 270.8345742225647 197.9439685251564
553 588 166.68829591976828 282.2216853988357
553 592 404.6885338091295 180.53097029588236
553 597 279.44077636580914 156.68170070648193
553 610 211.46820956288136 200.47095652855933
553 617 135.56437260861276 169.51672713685548
553 632 257.3153185546398 104.5677057961002
553 634 109.2636675965623 96.577055027592
553 636 157.5565076029743 126.03025422990322
553 644 379.07445889354494 234.4858465194702
553 647 332.864365215064 155.33450138720218
554 488 225.65108342847088 157.04975776575537
554 495 385.0719998983563 138.9389126126989
554 502 194.2916485784309 110.25465892447993
554 541 166.76302199345082 45.49569148295268
554 576 270.885057926178 197.86525115557012
554 592 404.3782935099512 180.11407884117645
554 597 279.180586787872 156.7191686630249
554 610 217.62250457966 209.4433096665889
554 617 138.0472469686065 175.4532995573827
554 632 253.72674936056137 102.14975644089282
554 634 110.05633356582256 98.37547957256902
554 636 159.6594866720843 129.71573976241052
554 644 377.96936980860846 233.91708946228027
554 647 325.6207965381909 150.0395727707073
555 488 225.5893075102431 157.01891040109132
555 495 385.1225054351041 138.85852927476117
555 502 194.3227109061442 110.28153329840347
555 541 165.2275251590181 44.36914896048256
555 576 270.9444406032562 197.79084314452484
555 588 175.46434537527966 305.60422383702826
555 592 404.07816161753885 179.69718738647057
555 597 278.9216216877103 156.74978971481323
555 610 224.18274438631488 219.11036001890895
555 617 140.65687124723627 181.7278934183996
555 632 250.20201203227043 99.7759213121608
555 634 110.88211592388689 100.27881761651952
555 636 161.89235402154736 133.67547808028758
555 644 376.9405718260368 233.1520071029663
555 647 318.7813243033597 145.1133207519306
556 488 225.5038184753139 156.98633492727328
556 495 385.1730109718519 138.79229154938548
556 502 194.35377323385748 110.30840767232704
556 576 271.0040793418884 197.720058351988
556 588 180.19551399565532 318.11620565713383
556 592 403.7881381318932 179.28029593176467
556 597 278.6593769332394 156.76052045822144
556 610 231.16637052432637 229.52806197479367
556 617 143.39700299075048 188.3541436442174
556 632 246.7289348244667 97.44313257467002
556 634 111.74970504365048 102.30760143627413
556 636 164.26684983004816 137.91732122190297
556 644 375.9880649458282 232.21107006073
556 647 312.32341099961195 140.5285792388022
557 488 225.3930741846125 156.95203134430136
557 495 385.2235165085997 138.74081644496073
557 502 194.38483556157075 110.3352820462506
557 576 271.0559313297272 197.65239173243756
557 592 403.50822305301335 178.8634044770588
557 597 278.3906130399555 156.73922157287598
557 610 238.5908245354076 240.75519539788365
557 617 146.2713997450337 195.3456851588562
557 632 243.29776468873024 95.15027413610368
557 634 112.66779129751376 104.48236330749933
557 636 166.7947142763296 142.4464460425079
557 644 375.1118491679808 231.14873123168945
557 647 306.2245191151742 136.25818213901948
557 664 260.59192503999986 148.0350716656867
558 488 225.2555324990972 156.91599965217546
558 495 385.2740220453476 138.70472096988306
558 502 194.41589788928405 110.36215642017416
558 576 271.0930824279785 197.587519336259
558 592 403.2384163808997 178.44651302235292
558 597 278.1133551681414 156.6752061843872
558 610 246.4735479608644 252.85336561501023
558 617 149.283819056247 202.71615288645265
558 632 239.901587754488 92.8981816880405
558 634 113.64506505811003 106.82363550632726
558 636 169.4876875389018 147.2653542626649
558 644 374.3119244924983 230.04225540161133
558 647 300.4621111387387 132.27496336121112
558 664 260.3626678499999 148.4784602571308
559 488 225.08965127965348 156.87823985089557
559 495 385.3245275820954 138.68462213254315
559 502 194.4469602169973 110.38903079409772
559 576 271.11027669906616 197.525298309396
559 592 402.9787181155523 178.02962156764704
559 597 277.8268931284547 156.55993223190308
559 610 254.8319823424099 265.88700341433287
559 617 152.43801847031864 210.4791817510268
559 632 236.5367492735386 90.68964266218244
559 634 114.69021669810172 109.35195030877368
559 636 172.3575097967405 152.37387240864336
559 644 373.58829091937696 228.9804744720459
559 647 295.0136495595798 128.55175681225955
559 664 260.1334106599999 148.75001743427856
560 488 224.8938883871888 156.8387519404618
560 495 385.3750331188433 138.68113694133353
560 502 194.47802254471057 110.41590516802128
560 576 271.10453748703003 197.4657668902073
560 592 402.72912825697085 177.61273011294114
560 597 277.5317813688889 156.38774156570437
560 617 155.73775553346786 218.64840667665703
560 632 233.2032750248909 88.52939626667649
560 634 115.81193658997654 112.0878399910871
560 636 175.41592122870497 157.76915187202394
560 644 372.94094844861866 228.05261516571045
560 647 289.8565968660405 125.0613964011427
560 664 259.90415347 148.8497431971373
561 488 224.66670168263957 156.79753592087403
561 495 385.425538655591 138.69488240465398
561 502 194.50908487242384 110.44277954194484
561 576 271.07584023475647 197.40914441552013
561 592 402.4896468051561 177.19583865823526
561 617 159.18678779163747 227.23746258748
561 632 229.9052918255329 86.42413347493857
561 634 117.01891510657153 115.0518368295161
561 636 178.67466201353818 163.44566887430847
561 644 372.3698970802234 227.33704471588132
561 647 284.96841554669663 121.77671603520866
561 664 259.67489628 148.77763754570333
562 488 224.40654902692768 156.75459179213237
562 495 385.47604419233886 138.72647553088973
562 502 194.5401472001371 110.4696539158684
562 576 271.0277874469757 197.35583131574091
562 592 402.2602737601071 176.77894720352938
562 597 276.92414971254766 155.86926460266113
562 617 162.7888727909885 236.25998440751573
562 632 226.65144714713097 84.38249700702727
562 634 118.319842620258 118.26447309972718
562 636 182.1454723297502 169.39522447250783
562 644 371.8751368141893 226.8901405334473
562 647 280.32656809070613 118.67054962250404
563 488 224.11188828096783 156.70991955423676
563 495 385.5265497290867 138.77653332843693
563 502 194.5712095278504 110.49652828979195
563 576 270.96842980384827 197.3064091145061
563 592 402.0410091218244 176.3620557488235
563 597 276.619061938487 155.5337233543396
563 617 166.5477680774493 245.72960706072627
563 632 223.45533061027527 82.41508134733886
563 634 119.72340950372744 121.74628107831812
563 636 185.8400923561421 175.6069445554167
563 644 371.4566676505183 226.7350397109985
563 647 275.9085169865284 115.71573107072618
563 672 405.3555821214277 206.0135960928565
564 488 223.78117730567465 156.66351920718716
564 495 385.5770552658345 138.84567280568808
564 502 194.60227185556369 110.52340266371552
564 576 270.9110288619995 197.26164043322208
564 592 401.8318528903078 175.9451642941176
564 597 276.3201886974275 155.16479969024658
564 632 220.33589452505112 80.53443275019526
564 634 121.2383061296132 125.51779304083902
564 636 189.77026227174792 182.0672798808664
564 644 371.11448958920846 226.8504266738892
564 647 271.6917247226229 112.88509428827092
564 672 396.1362609999997 199.99471715714253
564 674 330.68362861904785 192.21689715238145
565 488 223.41287396197004 156.61539075098364
565 495 385.6275608025824 138.9345109710339
565 502 194.63333418327693 110.55027703763908
565 576 270.8749735355377 197.22246898792216
565 592 401.6328050655573 175.52827283941173
565 597 276.03440765850246 154.78496026992798
565 632 217.31787392497063 78.75504923332483
565 634 122.87322287046118 129.59954126388766
565 636 193.9477222551359 188.76000601239505
565 644 370.8486026302635 227.1593599319458
565 647 267.6536537886132 110.15147318213712
565 672 386.9169398785716 193.97583822142812
565 674 329.88447787619066 190.74952370952417
566 488 223.0054361107832 156.56553418562612
566 495 385.6780663393302 139.04366483286503
566 502 194.6643965109902 110.57715141156264
566 576 270.8866844177246 197.1900195875205
566 592 401.4438656475734 175.11138138470585
566 597 275.7698611402884 154.42563772201538
566 632 214.43220737576485 77.09338056948036
566 634 124.636850098992 134.01205802313052
566 636 198.3842124848161 195.6662233583629
566 644 370.6590067736816 227.51804161071777
566 647 263.77176667179447 107.48770166130272
566 672 377.6976187571436 187.95695928571425
567 488 222.5573216129997 156.51394951111467
567 502 194.69545883870347 110.6040257854862
567 576 270.9805672168732 197.1655981382355
567 592 401.26503463635527 174.69448992999995
567 597 275.5359561033547 154.12847661972046
567 632 211.71645775437355 75.56782828271389
567 634 126.5378781876352 138.77587559481617
567 636 203.0914731398807 202.7643571831286
567 644 370.5457020194626 227.70465564727783
567 647 260.0235258624889 104.86661363265011
567 672 368.4782976357146 181.93808034999984
568 488 222.0669883295632 156.4606367274493
568 502 194.72652116641677 110.63090015940976
568 576 271.20009541511536 197.15069164067967
568 592 401.0963120319034 174.27759847529407
568 597 275.34336416143924 153.9466953277588
568 632 209.2152328491211 74.19874567724764
568 634 128.58499750922783 143.9115262555424
568 636 208.0812443991308 210.03015757352117
568 644 370.5086883676049 227.4080934524536
568 647 256.38639384822454 102.26104300515726
568 672 359.2589765142866 175.9192014142859
569 488 221.53289412140293 156.40559583463
569 495 385.8295829495737 139.49919068122654
569 502 194.75758349413 110.65777453333332
569 576 271.59884119033813 197.14696819055823
569 592 400.9376978342177 173.8607070205882
569 597 275.20402156189084 153.94655895233154
569 632 206.98060548305511 73.00843782164156
569 634 130.7868984361703 149.43954228062648
569 636 213.36526644119292 217.436699450016
569 644 370.54796581811024 226.2168035507202
569 672 350.0396553928585 169.90032247857198
569 674 326.6878749047618 184.88002993809528
