1 1 825.4894090558545 124.85770893903072
2 1 823.3595356984181 124.93026376940792
3 1 821.2296623409816 125.03271655143013
3 2 674.9745974358475 237.90749821361044
4 1 819.0997889835452 125.16430459966976
4 2 665.6462359685131 241.9965710332981
5 1 816.9699156261087 125.3242652286993
5 2 658.8328687531364 245.89378233223837
6 1 814.8400422686723 125.5118357530912
6 2 654.2091385987869 249.6033815232488
7 1 812.7101689112358 125.72625348741796
7 2 651.4791404388911 253.1296180191471
8 1 810.5802955537993 125.966755746252
8 2 650.3746856816858 256.47674123275084
8 7 493.2788315350653 541.2257518628303
9 1 808.4504221963629 126.23257984416584
9 2 650.6536163642468 259.64900057687765
9 7 529.5498747751134 517.6234824268379
9 10 595.552403295684 214.23044969713996
9 11 1197.3829426664568 492.7296649924862
10 1 806.3205488389264 126.52296309573188
10 2 652.0981691100951 262.6506454643452
10 7 562.4767110849662 495.2610687516152
10 10 592.0457273486907 216.04800228447425
10 11 1197.406871371911 492.7431026459353
11 1 804.19067548149 126.8371428155226
11 2 654.5133888903795 265.485925307971
11 7 592.2684196886769 474.13851083716224
11 10 587.8474259601701 218.68999859599583
11 11 1197.429981516739 492.7565402993845
11 14 42.06885257745402 180.55668459532467
12 1 802.0608021240535 127.17435631811053
12 2 657.725592588635 268.1590895205727
12 7 619.1340798102988 454.25580868347896
12 10 582.957499130122 221.9266333897626
12 11 1197.4522731009408 492.7699779528336
12 14 41.98040723285115 180.48988742134216
13 1 799.9309287666171 127.53384091806808
13 2 661.5808823691178 270.67438751496803
13 7 643.2827706738852 435.6129622905655
13 10 577.3759468585466 225.56755227176632
13 11 1197.4737461245168 492.78341560628274
13 14 41.894079345325366 180.42538851183747
14 1 797.8010554091805 127.9148339299677
14 2 665.943708848718 273.03606870397454
14 7 664.9235715034893 418.2099716584216
14 10 571.102769145444 229.45915082905603
14 11 1197.4944005874663 492.7968532597319
14 14 41.809868914876674 180.3631878668105
15 1 795.6711820517442 128.3165726683819
15 2 670.6954840724468 275.24838250040983
15 7 684.265561523164 402.0468367870476
15 10 564.1379659908139 233.48187376286091
15 11 1197.5142364897902 492.810290913181
15 14 41.72777594150507 180.30328548626136
16 1 793.5413086943076 128.7382944478831
16 2 675.7332442925021 277.31557831709154
16 7 701.517819956963 387.1235576764432
16 10 556.4815373946565 237.54751402171345
16 11 1197.5332538314876 492.82372856663017
16 14 41.64780042521055 180.24568137019
17 1 791.4114353368711 129.1792365830438
17 2 680.968362550909 279.24190556683726
17 7 716.8894260289393 373.4401343266086
17 10 548.1334833569717 241.5965119345721
17 11 1197.5514526125592 492.83716622007927
17 14 41.56994236599312 180.1903755185964
18 1 789.2815619794347 129.63863638843648
18 2 686.3253110657379 281.0316136624647
18 7 730.5894589631462 360.9965667375437
18 10 539.0938038777596 245.59525434394504
18 11 1197.5688328330043 492.8506038735284
18 14 41.49420176385277 180.13736793148053
19 1 787.1516886219982 130.11573117863355
19 2 691.7404734208988 282.68895201679135
19 7 742.8269979836368 349.79285490924855
19 10 529.3624989570201 249.53337373901272
19 11 1197.5853944928238 492.86404152697753
19 14 41.42057861878951 180.08665860884244
20 1 785.0218152645618 130.60975826820751
20 2 697.1610065595114 284.21817004263494
20 7 753.8111223144645 339.82899884172315
20 10 518.9395685947533 253.42104738875088
20 11 1197.6011375920168 492.8774791804267
20 14 41.34907293080334 180.03824755068214
21 1 782.8919419071253 131.11995497173083
21 2 702.5437525808532 285.62351715281306
21 7 763.7509111796824 331.10499853496754
21 10 507.8250127909592 257.2862964750544
21 11 1197.6160621305835 492.8909168338758
21 14 41.279684699894254 179.99213475699963
22 1 780.7620685496889 131.64555860377598
22 2 707.8542003408819 286.90924276014334
22 7 772.8554438033436 323.62085398898154
22 10 496.0188315456377 261.1722852258587
22 11 1197.630168108525 492.90435448732495
22 14 41.212413926062254 179.94832022779488
23 1 778.6321951922524 132.1858064789154
23 2 713.0654968563368 288.0795962774434
23 7 781.3337994095018 317.37656520376527
23 10 483.5210248587888 265.1346200482649
23 11 1197.6434555258395 492.91779214077405
23 14 41.14726060930735 179.90680396306792
24 1 776.5023218348159 132.73993591172157
24 2 718.1575085124143 289.1388271175308
24 7 789.3950572222099 312.3721321793188
24 10 470.3315927304127 269.2386486616614
24 11 1197.6559243825282 492.9312297942232
24 14 41.08422474962952 179.8675859628187
25 1 774.3724484773795 133.30718421676693
25 2 723.1159320740218 290.0911846932232
25 7 797.248296465521 308.607554915642
25 10 456.4505351605091 273.55675923084704
25 11 1197.6675746785909 492.9446674476723
25 14 41.02330634702879 179.8306662270473
26 1 772.242575119943 133.88678870862398
26 7 805.1025963634886 306.08283341273494
26 10 441.8778521490782 278.1656794991551
26 11 1197.6784064140272 492.9581051011215
26 14 40.96450540150513 179.79604475575363
27 1 770.1127017625066 134.47798670186518
27 7 813.1670361401657 304.7979676705976
27 10 426.61354369612 283.14377592157564
27 11 1197.6884195888376 492.9715427545706
27 14 40.90782191305857 179.76372154893775
28 1 767.9828284050701 135.080015511063
28 7 821.6506950196056 304.75295768923
28 10 410.6576098016344 288.5683527978783
28 11 1197.697614203022 492.9849804080197
28 14 40.85325588168909 179.73369660659964
28 21 776.0092805181114 305.1678040228323
29 1 765.8529550476337 135.6921124507899
29 10 394.0100504656215 294.512951405736
29 11 1197.70599025658 492.9984180614688
29 14 40.800807307396695 179.7059699287393
29 21 795.1607146480112 305.1094150295017
30 1 763.7230816901972 136.31351483561832
30 10 376.6708656880812 301.0446491338476
30 11 1197.713547749512 493.011855714918
30 14 40.7504761901814 179.68054151535674
30 21 812.179834304228 305.0510260361711
31 1 761.5932083327607 136.94345998012074
31 2 749.7937542262608 293.79895871286976
31 10 358.6400554690136 308.2213586150621
31 11 1197.7202866818182 493.0252933683671
31 14 40.70226253004318 179.65741136645195
31 21 827.2144101951856 304.9926370428405
31 22 876.1006140079005 119.92042880492436
32 1 759.4633349753243 137.58118519886963
32 2 753.7426440551617 294.12218699669063
32 10 339.91761980841864 316.08912685949866
32 11 1197.726207053498 493.03873102181626
32 14 40.656166326982046 179.63657948202493
32 21 840.4073342030654 304.93424804951
32 22 875.3681221461696 120.200690513069
33 1 757.3334616178878 138.22592780643748
33 2 757.5631701090455 294.37253731865746
33 10 320.5035587062964 324.67943438767315
33 11 1197.7313088645517 493.0521686752654
33 14 40.612187580998 179.6180458620757
33 21 851.896619383803 304.87585905617937
33 22 874.6356302844387 120.48095222121364
34 1 755.2035882604514 138.8769251173967
34 2 761.2617156667236 294.55425909158794
34 10 300.3978721626467 334.0064943636212
34 11 1197.7355921149797 493.0656063287145
34 14 40.570326292091046 179.60181050660424
34 21 861.8153999670924 304.8174700628488
34 22 873.9031384227077 120.76121392935826
35 1 753.0737149030149 139.5334144463198
35 2 764.8443436959575 294.67160172829966
35 10 279.6005601774696 344.0645517280153
35 11 1197.7390568047808 493.0790439821637
35 14 40.53058246026117 179.58787341561057
35 21 870.2919313563814 304.7590810695182
35 22 873.1706465609768 121.0414756375029
36 1 750.9438415455785 140.19463310777925
36 2 768.3164557040486 294.72881464161014
36 10 258.11162275076526 354.8251823312965
36 11 1197.7417029339565 493.0924816356128
36 14 40.49295608550839 179.5762345890946
36 21 877.4495901288758 304.7006920761876
36 22 872.4381546992458 121.32173734564752
37 1 748.813968188142 140.85981841634748
37 2 771.6825003920142 294.7301472443372
37 10 235.9310598825336 366.23459206679297
37 11 1197.7435305025056 493.10591928906194
37 14 40.4574471678327 179.5668940270565
37 21 883.4068740355362 304.642303082857
37 22 871.7056628375149 121.60199905379216
38 1 746.6840948307056 141.52820768659697
38 2 774.9457321123318 294.6798489492982
38 10 213.0588715727745 378.2109160038417
38 11 1197.744539510429 493.1193569425111
38 14 40.42405570723409 179.5598517294961
38 21 888.2774020010818 304.58391408952644
39 1 744.5542214732691 142.1990382331002
39 2 778.1080191302626 294.582169169311
39 10 189.49505782148816 390.6415175209145
39 11 1197.744729957726 493.1327945959602
39 14 40.392781703712565 179.5551076964135
39 21 892.169914123984 304.52552509619585
40 1 742.4243481158326 142.8715473704296
40 2 781.1697016887543 294.4413573171931
40 10 165.2396186286744 403.3802874387383
40 11 1197.744101844397 493.1462322494093
40 14 40.363625157268125 179.55266192780869
40 21 895.1882716764719 304.46713610286525
41 1 740.2944747583962 143.54497241315767
41 2 784.1294998769163 294.2616628057621
41 10 140.29255399433328 416.24494315342383
41 11 1197.7426551704418 493.15966990285847
41 14 40.336586067900775 179.55251442368163
41 21 897.431457104534 304.40874710953466
42 1 738.1646014009597 144.21855067585687
42 2 786.9844713020707 294.04733504783576
42 10 114.65386391846488 429.0143277695789
42 11 1197.7403899358608 493.1731075563076
42 14 40.31166443561052 179.55466518403236
42 21 898.99357402791 304.35035811620406
43 1 736.0347280435233 144.89151947309966
43 2 789.7300185653891 293.8026234562315
43 11 1197.7373061406531 493.18654520975673
43 14 40.288860260397335 179.55911420886085
43 21 899.9638472400977 304.29196912287347
44 1 733.9048546860868 145.5631161194585
44 2 792.3599465410912 293.5317774437672
44 10 61.30160744214595 453.17207946599626
44 11 1197.73340378482 493.1999828632058
44 14 40.26817354226125 179.56586149816712
44 21 900.4266227083506 304.23358012954293
45 1 731.7749813286503 146.23257792950585
45 2 794.8665694592308 293.2390464232602
45 10 33.58804104169553 463.8994534961025
45 11 1197.7286828683605 493.213420516655
45 14 40.249604281202245 179.57490705195116
45 21 900.4613675736812 304.17519113621233
46 1 729.6451079712139 146.89914221781422
46 2 797.240867792057 292.9286798075283
46 10 5.18284919971768 473.2041685936123
46 11 1197.7231433912748 493.2268581701041
46 14 40.23315247722033 179.58625087021298
46 21 900.1426701508551 304.11680214288174
47 1 727.5152346137774 147.562046298956
47 2 799.4726949439466 292.60492700938903
47 11 1197.7167853535632 493.24029582355325
47 14 40.21881813031551 179.59989295295256
47 21 899.5402399283928 304.05841314955114
48 1 725.385361256341 148.22052748750372
48 2 801.5510337449164 292.27203744166013
48 11 1197.7096087552254 493.2537334770024
48 14 40.20660124048776 179.61583330016992
48 21 898.7189075685753 304.00002415622055
48 22 863.6482523584746 124.68487784338312
49 1 723.2554878989044 148.87382309802982
49 2 803.4643027477165 291.9342605171591
49 11 1197.7016135962615 493.2671711304515
49 14 40.19650180773711 179.63407191186508
49 21 897.738624907435 303.94163516288995
50 1 721.125614541468 149.52117044510675
50 2 805.2007123284899 291.59584564870363
50 11 1197.6927998766714 493.2806087839007
50 14 40.188519832063534 179.65460878803796
50 21 896.6544649547634 303.8832461695594
51 1 718.9957411840315 150.161806843307
51 2 806.7486705910179 291.2610422491113
51 11 1197.6831675964552 493.2940464373498
51 14 40.18265531346705 179.67744392868866
51 21 895.516621894107 303.8248571762288
52 1 716.8658678265951 150.79496960720303
52 2 808.0972390745335 290.9340997311997
52 11 1197.672716755613 493.3074840907989
52 14 40.17890825194766 179.70257733381712
52 21 894.3704110827705 303.7664681828982
53 1 714.7359944691586 151.41989605136732
53 2 809.236638265123 290.6192675077866
53 11 1197.661447354145 493.320921744248
53 14 40.17727864750536 179.73000900342333
53 21 893.2562690518118 303.7080791895676
54 1 712.6061211117221 152.0358234903723
54 2 810.1588029106937 290.32079499168947
54 11 1197.6493593920502 493.3343593976972
54 14 40.17776650014013 179.75973893750736
54 21 892.2097535060445 303.64969019623703
55 1 710.4762477542857 152.64198923879047
55 2 810.8579871395162 290.04293159572603
55 11 1197.6364528693296 493.3477970511463
55 14 40.180371809852 179.79176713606913
55 21 891.2615433240437 303.5913012029065
56 1 708.3463743968492 153.23763061119425
56 2 811.3314193823608 289.7899267327138
56 11 1197.622727785983 493.36123470459546
56 14 40.18509457664095 179.82609359910867
56 21 890.4374385581334 303.5329122095759
56 32 777.2902933756511 159.64966074625636
57 1 706.2165010394128 153.82198492215616
57 2 811.5800070981842 289.5660298154704
57 11 1197.6081841420105 493.37467235804456
57 14 40.191934800506985 179.862718326626
57 21 889.7583604343997 303.4745232162453
57 32 773.8885294596355 159.02085367838532
58 1 704.0866276819763 154.39428948624862
58 2 811.6090913034192 289.3754902568136
58 11 1197.5928219374114 493.3881100114937
58 14 40.20089248145011 179.9016413186211
58 21 889.2403513526804 303.4161342229147
58 32 770.4867655436198 158.39204661051426
59 1 701.9567543245399 154.95378161804413
59 2 811.4292509048182 289.2225574695609
59 11 1197.5766411721863 493.4015476649428
59 14 40.21196761947033 179.94286257509398
59 21 888.894574886571 303.3577452295841
60 1 699.8268809671034 155.49969863211516
60 2 811.0571568358873 289.11148086653
60 11 1197.5596418463351 493.414985318392
60 14 40.22516021456762 179.98638209604462
60 21 888.7273157834259 303.2993562362535
61 1 697.697007609667 156.0312778430341
61 2 810.5164759968956 289.0465098605384
61 11 1197.541823959858 493.4284229718411
61 14 40.240470266742015 180.03219988147305
61 21 888.7399799643497 303.240967242923
61 22 854.1258581559723 128.32828004926338
62 1 695.5671342522305 156.5477565653735
62 2 809.8388249984505 289.03189386440374
62 14 40.25789777599349 180.08031593137923
62 21 888.9290945242099 303.1825782495924
62 22 853.3933662942413 128.60854175740803
63 1 693.437260894794 157.04837211370582
63 2 809.0647737086684 289.0718822909438
63 14 40.277442742322044 180.1307302457632
63 21 889.2863077316235 303.1241892562618
63 22 852.6608744325105 128.88880346555266
64 1 691.3073875373576 157.53236180260348
64 2 808.2448986039034 289.170724552976
64 14 40.299105165727696 180.18344282462493
64 21 889.7983890289727 303.0658002629312
64 22 851.9283825707795 129.16906517369728
65 1 689.1775141799211 157.99896294663898
65 2 807.4408859230547 289.3326700633181
65 14 40.32288504621042 180.23845366796445
65 21 890.4472290323813 303.0074112696006
65 22 851.1958907090485 129.44932688184193
66 1 687.0476408224847 158.44741286038476
66 2 806.7266846254637 289.56196823478774
66 14 40.34878238377024 180.29576277578167
66 21 891.2098395317469 302.94902227627
66 22 850.4633988473176 129.72958858998655
67 1 684.9177674650482 158.8769488584133
67 2 806.1897091523833 289.8628684802024
67 14 40.37679717840715 180.3553701480768
67 21 892.0583534907057 302.89063328293946
67 22 849.7309069855867 130.0098502981312
68 1 682.7878941076117 159.28680825529705
68 2 805.9320919920078 290.23962021237975
68 14 40.406929430121146 180.41727578484964
68 21 892.9600250466663 302.83224428960887
68 22 848.9984151238557 130.29011200627582
68 34 759.433029901414 169.90953863234753
69 1 680.6580207501753 159.6762283656085
69 2 806.0719860481026 290.6964728441375
69 14 40.43917913891222 180.48147968610024
69 21 893.8772295107808 302.77385529627827
69 22 848.2659232621248 130.57037371442047
69 34 758.2156000046506 170.46343965076272
70 1 678.5281473927388 160.0444465039201
70 2 806.7449168121872 291.2376757882932
70 14 40.47354630478039 180.5479818518286
70 21 894.7674633679628 302.7154663029477
70 22 847.5334314003939 130.8506354225651
70 34 756.9981701078873 171.01734066917788
71 1 676.3982740353024 160.39069998480434
71 2 808.105184339308 291.8674784576644
71 14 40.51003092772565 180.6167822820348
71 21 895.5833442768842 302.6570773096171
71 22 846.8009395386629 131.13089713070974
71 34 755.7807402111239 171.57124168759307
72 1 674.2684006778659 160.71422612283365
72 2 810.3273150274086 292.59013026506886
72 14 40.54863300774799 180.6878809767187
72 21 896.2726110699653 302.5986883162865
72 34 754.5633103143605 172.12514270600826
73 1 672.1385273204295 161.0142622325805
73 2 813.6075632002284 293.40988062332417
73 14 40.589352544847415 180.7612779358804
73 21 896.778123753398 302.54029932295595
73 22 845.335955815201 131.69142054699898
73 34 753.3458804175971 172.67904372442342
