1 1 285.82256447328064 370.9856517384791
1 2 83.76891030161097 363.0520306101848
1 3 410.00584173809983 379.49279143814994
2 1 286.872907098195 371.204378922337
2 2 86.46199310721562 362.9512632851802
2 3 408.7352269980185 378.7122282494481
3 1 287.97820101327426 371.417623042965
3 2 89.675782081399 362.85049596017546
3 3 407.907163260491 378.0538569559858
3 4 1209.003419396052 403.34972098229855
4 1 289.1354321243808 371.6253841003631
4 2 93.27761352922693 362.7497286351708
4 3 407.4549978207816 377.5076234186993
4 4 1207.9843590239411 403.5021066290125
5 1 290.341586337377 371.8276620945312
5 2 97.15145055504732 362.6489613101661
5 3 407.3186016051515 377.0639389182832
5 4 1207.1880379417569 403.64392730392143
6 1 291.5936495581253 372.0244570254695
6 2 101.19674590626778 362.5481939851615
6 3 407.4439650860092 376.7136702025162
6 4 1206.597502402117 403.7751830070253
7 1 292.8886076924881 372.2157688931779
7 2 105.32733847766488 362.4474266601568
7 3 407.782805968513 376.4481295335879
7 4 1206.19579865764 403.89587373832416
8 1 294.2234466463279 372.4015976976563
8 2 109.47038347622596 362.3466593351521
8 3 408.2921886486278 376.25906473542426
8 4 1205.9659729609436 404.005999497818
9 1 295.5951523255069 372.5819434389048
9 2 113.56531624652324 362.2458920101474
9 3 408.9341554426355 376.1386492410141
9 4 1205.8910715646464 404.1055602855067
10 1 297.0007106358877 372.7568061169235
10 2 117.56284975662004 362.1451246851427
10 3 409.6753695880984 376.0794721397349
10 4 1205.9541407213665 404.1945561013905
11 1 298.4371074833325 372.92618573171217
11 2 121.42400574450934 362.044357360138
11 3 410.48677001627686 376.07452822467945
11 4 1206.1382266837218 404.27298694546914
12 1 299.90132877370394 373.090082283271
12 2 125.11917952508456 361.94359003513335
12 3 411.34323789600006 376.1172080399816
12 4 1206.4263757043304 404.3408528177428
13 1 301.39036041286425 373.2484957715999
13 2 128.62723845764256 361.84282271012864
13 3 412.2232749489904 376.2012879281424
13 4 1206.801634035811 404.39815371821146
14 1 302.9011883066759 373.4014261966989
14 2 131.9346540739191 361.742055385124
14 3 413.10869353664174 376.3209200773561
14 4 1207.2470479307813 404.4448896468751
15 1 304.4307983610013 373.548873558568
15 2 135.03466786665626 361.6412880601193
15 3 413.9843185182506 376.4706225688368
15 4 1207.7456636418594 404.4810606037336
16 1 305.97617648170285 373.6908378572072
16 2 137.92649073870237 361.5405207351146
16 3 414.8377008807018 376.645269424144
16 4 1208.280527421664 404.5066665887872
17 1 307.5343085746429 373.8273190926165
17 2 140.61453611264392 361.4397534101099
17 3 415.65884313960674 376.8400806525092
17 4 1208.8346855228124 404.5217076020356
18 1 309.10218054568395 373.9583172647958
18 2 143.10768670097005 361.33898608510526
18 3 416.4399365118961 377.0506122981614
18 4 1209.3911841979236 404.5261836434791
19 1 310.6767783006883 374.0838323737453
19 2 145.41859493676915 361.23821876010055
19 3 417.1751098598653 377.27274648765393
19 4 1209.933069699615 404.5200947131175
20 1 312.25508774551844 374.2038644194648
20 2 147.56301706495756 361.1374514350959
20 3 417.860190406674 377.5026814771901
20 4 1210.4433882805056 404.5034408109509
20 26 692.1915497954041 373.1807686301596
21 1 313.8340947860368 374.3184134019544
21 2 149.5591808940408 361.0366841100912
21 3 418.4924762232994 377.7369216999496
21 4 1210.905186193213 404.4762219369792
21 26 692.1978287115934 373.0303378511709
22 1 315.4107853281056 374.42747932121415
22 2 151.42718720840688 360.9359167850865
22 3 419.07052048694254 377.9722678134144
22 4 1211.3015096903555 404.43843809120256
22 26 692.2041076277827 372.884988600992
23 1 316.9821452775874 374.531062177244
23 2 153.1884448411519 360.8351494600818
23 3 419.5939275108882 378.205806746695
23 4 1211.6154050245511 404.3900892736208
23 26 692.210386543972 372.7447208796229
24 1 318.5451605403446 374.6291619700439
24 2 154.86513940743785 360.7343821350771
24 3 420.06316054581896 378.4349017478565
24 4 1211.829918448418 404.3311754842341
24 26 692.2166654601614 372.6095346870636
25 1 320.0968170222396 374.7217786996139
25 2 156.47973569838308 360.63361481007246
25 3 420.4793613525822 378.6571824312451
25 4 1211.928096214575 404.2616967230423
25 26 692.2229443763507 372.479430023314
26 1 321.6341006291348 374.808912365954
26 2 158.0545137354842 360.53284748506775
26 3 420.8441815464109 378.87053482481326
26 4 1211.8929845756388 404.1816529900455
26 26 692.22922329254 372.3544068883742
27 1 323.1539972668925 374.89056296906415
27 2 159.6111384855709 360.4320801600631
27 3 421.1596257125984 379.07309141744696
27 4 1211.707629784229 404.0910442852437
27 26 692.2355022087294 372.2344652822442
28 1 324.6534928413752 374.96673050894447
28 2 161.17026323629318 360.3313128350584
28 3 421.4279062936256 379.2632212062912
28 4 1211.3550780929631 403.9898706086368
28 26 692.2417811249187 372.119605204924
29 1 326.12957325844536 375.0374149855948
29 2 162.75116663213998 360.23054551005373
29 3 421.65131024774286 379.4395197440761
29 4 1210.8183757544596 403.8781319602248
29 26 692.248060041108 372.0098266564136
30 1 327.5792244239653 375.1026163990153
30 2 164.37142337099073 360.129778185049
30 3 421.8320774790056 379.6007991864434
30 4 1210.080569021336 403.75582834000784
30 26 692.2543389572974 371.905129636713
31 1 328.9994322437974 375.1623347492058
31 2 166.04660856119943 360.0290108600444
31 3 421.97229103876174 379.7460783392722
31 4 1209.1247041462111 403.6229597479858
31 26 692.2606178734867 371.8055141458221
32 1 330.3871826238041 375.2165700361664
32 2 167.79003573921003 359.92824353503966
32 3 422.073779098595 379.8745727060052
32 4 1207.933827381703 403.4795261841588
32 26 692.266896789676 371.710980183741
33 1 331.73946146984787 375.2653222598972
33 2 169.61252854770476 359.827476210035
33 3 422.13802869472 379.9856845349751
33 4 1206.4909849804296 403.3255276485267
33 26 692.2731757058655 371.6215277504698
34 1 333.053254687791 375.3085914203981
34 2 171.5222260742847 359.7267088850303
34 3 422.1661112438317 380.0789928667302
34 4 1204.779223195009 403.1609641410896
34 26 692.2794546220548 371.5371568460083
35 1 334.32554818349604 375.34637751766894
35 2 173.5244218506825 359.62594156002564
35 3 422.1586198304087 380.15424358136096
35 4 1202.7815882780596 402.9858356618475
35 26 692.2857335382441 371.4578674703566
36 1 335.5533278628252 375.3786805517099
36 2 175.62143651250722 359.5251742350209
36 3 422.1156182654688 380.21133944582607
36 4 1200.4811264821997 402.8001422108003
36 26 692.2920124544335 371.3836596235146
37 1 336.733579631641 375.405500522521
37 2 177.81252411952084 359.4244069100163
37 3 422.03660191678017 380.2503301612783
37 4 1197.860884060047 402.60388378794806
37 26 692.2982913706228 371.3145333054825
38 1 337.8632893958059 375.42683743010224
38 2 180.0938121364498 359.3236395850116
38 3 421.9204703105239 380.2714024103911
38 4 1194.90390726422 402.3970603932908
38 26 692.3045702868121 371.2504885162601
39 1 338.9394430611822 375.4426912744535
39 2 182.4582750743242 359.2228722600069
39 3 421.7655115044117 380.27486990468407
39 26 692.3108492030015 371.1915252558475
40 1 339.9590265336324 375.4530620555749
40 2 184.8957417923524 359.1221049350022
40 3 421.56939823225656 380.2611634318497
40 26 692.3171281191908 371.1376435242448
40 40 1123.1728403120924 472.6384966868136
41 1 340.9190257190187 375.4579497734664
41 2 187.39293646033 359.02133760999754
41 3 421.3291958199968 380.2308209030792
41 26 692.3234070353801 371.08884332145175
41 40 1064.157707562641 451.59036455259775
42 1 341.81642652320375 375.4573544281279
42 2 189.93355318157367 358.92057028499283
42 3 421.0413818731742 380.1844774003888
42 26 692.3296859515694 371.04512464746847
42 40 1011.1252315082947 436.1816336050833
43 1 342.6482148520498 375.45127601955954
43 2 192.49836427639536 358.8198029599882
43 3 420.7018777358651 380.1228552239455
43 26 692.3359648677588 371.00648750229504
43 40 964.0754121490544 424.85648650944495
44 1 343.41137661141937 375.4397145477613
44 2 195.06536222610364 358.71903563498347
44 3 420.3060917210656 380.0467539393936
44 26 692.3422437839481 370.97293188593136
44 40 923.0082494849185 416.33809343106986
44 52 729.4698691754136 365.7217925049788
45 1 344.10289770717475 375.42267001273314
45 2 197.60993527754067 358.6182683099788
45 3 419.8489741125301 379.9570404251806
45 26 692.3485227001374 370.9444577983775
45 40 887.9237435158875 409.6286120356672
45 52 728.900149586709 365.73448183175407
46 1 344.7197640451784 375.4001424144751
46 2 200.1050767081475 358.5175009849741
46 3 419.325083938063 379.85463891988354
46 26 692.3548016163268 370.9210652396334
46 40 858.8218942419626 404.0091874892023
46 52 728.4174451326702 365.7471711585294
47 1 345.25896153129275 375.3721317529871
47 2 202.5216277515646 358.4167336599694
47 3 418.7286675142651 379.7405210695349
47 40 835.7027016631409 399.0399524580571
47 52 728.0237046565595 365.7598604853047
47 55 628.229969994165 386.8030359304222
48 1 345.71747607138013 375.33863802826914
48 2 204.82855418376585 358.31596633496474
48 3 418.0537487627322 379.6156959749487
48 4 1143.0839243298512 399.7477529974415
48 40 818.5661657794244 394.5600271086805
48 55 684.3762735243072 386.9021619091925
49 1 346.09229357130306 375.29966124032137
49 2 206.99325656971996 358.21519900996003
49 3 417.2942312977078 379.481200239047
49 4 1135.3039220964042 399.4247149129288
49 40 807.4122865908148 390.6875191080471
50 1 346.3803999369238 375.2552013891436
50 2 208.9819141705872 358.1144316849554
50 3 416.44401228519024 379.33808801418553
50 4 1126.9837405207004 399.0911118566112
50 26 692.3799172810841 370.8783102927548
50 40 802.2410640973085 387.8195236232496
51 1 346.5787810741049 375.205258474736
51 2 210.7598625114516 358.01366435995067
51 3 415.49710807349175 379.1874210494801
51 4 1118.1064258553583 398.7469438284885
51 26 692.3861961972734 370.8803253780597
51 40 803.0524982989082 386.632123321775
51 52 727.3022899595485 365.8106177924059
52 1 346.6844228887086 375.1498324970985
52 2 212.2920046095765 357.912897034946
52 3 414.4477915952527 379.0302587381328
52 4 1108.655024352996 398.3922108285608
52 26 692.3924751134628 370.8874219921742
52 40 809.8465891956121 388.0803883713888
52 52 727.3106501800916 365.8233071191812
53 1 346.69431128659744 375.08892345623104
53 2 213.5432558632044 357.8121297099413
53 3 413.2907415409077 378.8676481647578
53 4 1098.6125822662316 398.026912856828
53 26 692.3987540296521 370.8996001350986
53 52 727.3796139281573 365.8359964459565
53 55 804.6134469179669 387.3977918030438
54 1 346.60543217363374 375.0225313521337
54 2 214.4790226008772 357.71136238493665
54 3 412.0212033036072 378.7006141527079
54 4 1087.9621458476836 397.6510499132901
54 26 692.4050329458414 370.9168598068328
54 52 727.4998572737936 365.84868577273176
54 55 812.3795402816031 387.496917781814
54 63 1207.8711333273675 404.7243436737796
55 1 346.41477145568 374.95065618480646
55 2 215.06571429129465 357.61059505993194
55 3 410.6351616955909 378.5301493114001
55 4 1076.6867613499694 397.2646219979473
55 26 692.4113118620307 370.9392010073767
55 52 727.6613366323519 365.8613750995071
55 55 818.0991106574074 387.59604376058434
55 63 1207.027883873263 404.5470337913036
56 1 346.11931503859853 374.87329795424927
56 2 215.2712894137079 357.5098277349273
56 3 409.1295254360167 378.3572040836425
56 4 1064.7694750257078 396.8676291107994
56 26 692.4175907782201 370.9666237367304
56 52 727.8535114498601 365.8740644262824
56 55 822.588582911354 387.6951697393546
56 63 1206.8040114575997 404.4118551498002
57 1 345.7160488282518 374.7904566604622
57 2 215.06583498883748 357.4090604099226
57 3 407.5023234102399 378.1826767929596
57 4 1052.193333127517 396.4600712518465
57 26 692.4238696944094 370.9991279948939
57 52 728.0655668883827 365.8867537530576
57 55 826.4284287529881 387.7942957181249
57 63 1206.9054571024026 404.3125616457446
58 1 345.20195873050216 374.7021323034453
58 2 214.4221797703315 357.3082930849179
58 3 405.7529127005503 378.007403690919
58 26 692.4301486105987 371.0367137818672
58 52 728.2866365113977 365.89944307983296
58 55 830.0027679711347 387.89342169689513
58 63 1207.140389291104 404.2433779685837
59 1 344.57403065121207 374.6083248831984
59 2 213.31654109675085 357.2075257599132
59 3 403.8821983883586 377.8321490044572
59 4 1024.9966676198194 395.6132606185256
59 26 692.4364275267881 371.0793810976503
59 52 728.5060249691664 365.9121324066082
59 55 833.535981509136 387.9925476756654
59 63 1207.39564623771 404.1989996007352
60 1 343.82925049624384 374.5090343997216
60 2 211.72920540408828 357.10675843490856
60 3 401.8928651278412 377.657594983206
60 4 1010.3422365155492 395.17400784415753
60 26 692.4427064429774 371.1271299422432
60 52 728.7134306840929 365.9248217333836
60 55 837.1263363822945 388.0916736544357
60 63 1207.615881327889 404.17459281758784
61 1 342.96460417146 374.4042608530148
61 2 209.6452423988198 357.00599110990385
61 3 399.7896204910322 377.48433194681854
61 4 994.961134847822 394.7241900979845
61 26 692.4489853591667 371.1799603156458
61 52 728.8991685361038 365.9375110601589
61 55 840.7766224215156 388.1907996332059
61 63 1207.7854117081731 404.1657946875022
62 1 341.97707758272287 374.29400424307823
62 2 207.0552528914864 356.9052237848992
62 3 397.5794500843754 377.3128483322951
62 4 978.8364088692564 394.2638073800064
62 26 692.4552642753561 371.23787221785824
62 52 729.054392548014 365.9502003869341
62 55 844.421800863347 388.2899256119762
62 63 1207.9127700337558 404.16871307181
63 1 340.86365663589487 374.1782645699117
63 2 203.95615029081367 356.8044564598945
63 3 395.27188443672605 377.1435207413096
63 26 692.4615431915454 371.30086564888046
63 52 729.1713185708933 365.96288971370944
63 55 847.9536647747736 388.3890515907465
63 63 1208.0179593791254 404.1799266248142
64 1 339.6213272368384 374.05704183351526
64 2 200.351975758359 356.7036891348898
64 3 392.879277658806 376.97660398753584
64 26 692.4678221077347 371.3689406087125
64 52 729.2434469694351 365.9755790404847
64 55 851.2425113122445 388.4881775695167
64 63 1208.1224113012431 404.1964847937886
65 1 338.2470752914159 373.9303360338889
65 2 196.25474702368973 356.6029218098851
65 3 390.4170978741158 376.8122211439732
65 26 692.474101023924 371.44209709735424
65 52 729.2657853073359 365.9882683672601
65 55 854.1558258199948 388.587303548287
65 63 1208.2416470653843 404.215907818979
66 1 336.73788670548976 373.7981471710327
66 2 191.68534086009635 356.50215448488046
66 3 387.9042294212954 376.65035359027286
66 26 692.4803799401134 371.5203351148058
66 52 729.235071032648 366.0009576940353
66 55 856.5739777639392 388.68642952705727
66 63 1208.3806420231122 404.2361867336021
67 1 335.09074738492234 373.6604752449465
67 2 186.67440922084248 356.4013871598757
67 3 385.3632868279446 376.4908310600642
67 26 692.4866588563027 371.6036546610672
67 52 729.1499941631583 366.01364702081065
67 55 858.4029285050347 388.7855555058275
67 63 1208.5318931525107 404.2557833638461
68 1 333.30264323557606 373.51732025563047
68 2 181.26332903593016 356.30061983487104
68 3 382.820940555889 376.33332168828105
68 26 692.492937772492 371.6920557361383
68 52 729.0114199717652 366.0263363475859
68 55 859.5839509085054 388.8846814845978
68 63 1208.6761897562535 404.27363032887
69 1 331.37056016331337 373.36868220308446
69 2 175.50518566942358 356.1998525098664
69 3 380.3082545179096 376.1773220584869
69 26 692.4992166886814 371.7855383400192
69 52 728.8226116718274 366.0390256743612
69 55 860.1003607900348 388.98380746336807
69 63 1208.7860873118043 404.28913104080425
70 1 329.2914840739967 373.2145610873086
70 2 169.4657900372813 356.0990851848617
70 3 377.8610353659139 376.0221472502022
70 26 692.5054956048707 371.88410247270986
70 52 728.5894531025504 366.0517150011365
70 55 859.9812601948506 389.0829334421383
70 63 1208.8320844909176 404.30215970475126
71 1 327.0624008734883 373.0549569083028
71 2 163.22472938572832 355.998317859857
71 3 375.52019355057377 375.8669208862295
71 26 692.51177452106 371.9877481342104
71 52 728.3206714143473 366.0644043279118
71 55 859.3022925239056 389.1820594209086
71 63 1208.7915033220197 404.313061318784
72 1 324.68029646765075 372.8898696660671
72 2 156.87645173017728 355.8975505348523
72 3 373.3321161524063 375.7105651799804
72 26 692.5180534372494 372.0964753245206
72 52 728.0280597542145 366.07709365468713
72 55 858.1834094831138 389.28118539967886
72 63 1208.660072521714 404.32265167394667
73 1 322.1421567623463 372.7192993606015
73 2 150.53138395465228 355.79678320984766
73 3 371.3490514843095 375.5517909828011
73 26 692.5243323534387 372.2102840436406
73 52 727.7266999510922 366.0897829814624
73 55 856.7836498867255 389.3803113784492
73 63 1208.4662139847642 404.3322173542551
74 1 319.44496766343747 372.543245991906
74 2 144.31708357175202 355.6960158848429
74 3 369.6295054655656 375.3890878312986
74 26 692.530611269628 372.3291742915705
74 52 727.4351852012383 366.1024723082377
74 55 855.2929302808479 389.4794373572194
74 63 1208.2880324196883 404.3435157366959
75 1 316.58571507678664 372.3617095599805
75 2 138.37942414318331 355.5952485598383
75 3 368.23864976727015 375.2207139946672
75 26 692.5368901858174 372.4531460683101
75 52 727.175842753608 366.115161635013
75 55 853.9208474140032 389.57856333598966
75 63 1208.273008154123 404.3587749912292
76 1 313.5613849082562 372.1746900648252
76 2 132.88381436075974 355.4944812348336
76 3 367.24874172924433 375.0446865220143
76 26 692.5431691020067 372.58219937385945
76 52 726.9749565951937 366.1278509617883
76 55 852.882492545119 389.67768931476
76 63 1208.660393096041 404.3806940807817
77 1 310.3689630637085 371.98218750644
77 2 128.01645078800166 355.39371390982893
77 3 366.7395560483814 374.8587712896864
77 26 692.549448018196 372.71633420821865
77 52 726.8629901364264 366.1405402885636
77 55 852.3812775776023 389.7768152935302
77 63 1209.8063098483835 404.41244276125593
78 1 307.0054354490061 371.7842018848248
78 2 123.98560426220789 355.2929465848242
78 3 366.7988282384552 374.66047304859575
78 26 692.5557269343853 372.8555505713876
78 52 726.8748088965286 366.1532296153389
78 55 852.5887730511022 389.87594127230045
78 63 1212.211553982459 404.457661581524
79 1 303.4677879700112 371.5807331999797
79 2 121.02293995711182 355.1921792598196
79 3 367.5227098613768 374.44702547154577
79 26 692.5620058505747 372.99984846336633
79 52 727.0499031888813 366.16591894211416
79 55 853.6215579447453 389.9750672510708
79 63 1216.5520994777908 404.5204618834288
80 1 299.7530065325864 371.3717814519048
80 2 119.38487110602976 355.09141193481486
80 3 369.0162355299104 374.2153812005577
80 26 692.568284766764 373.14922788415487
80 52 727.4326108064097 366.1786082688895
80 55 855.5150813346263 390.074193229841
80 63 1223.712307301117 404.6054258017849
