210 95 585.2424871679395 442.1779443137348
210 96 440.2840854245587 436.97407002188265
210 97 359.9878895900474 425.973976952353
210 98 252.17070660047372 437.0641043761908
211 95 574.4037195947021 447.9537200406194
211 96 443.3398173468304 437.0060366829857
211 97 362.1455292881146 427.7350191749156
211 98 214.4469620756172 440.218394279048
212 95 568.6463358588517 451.718197748065
212 96 447.4557399182231 437.8232412943617
212 97 360.754169111533 429.33584455098526
212 98 176.72321755076064 443.372684181905
212 100 257.0293950048581 429.17236277017696
213 95 567.1278431471437 453.84800592437387
213 96 452.3606399560231 439.05956277344376
213 97 355.81380906033155 430.7764530805625
213 98 138.99947302590408 446.5269740847622
213 100 255.3219217242513 428.1859610772081
214 95 569.0754406992346 454.6761431246996
214 96 457.7833042780985 440.40031426679343
214 97 347.3244491345249 432.0568447636461
214 98 101.27572850104752 449.6812639876192
214 100 252.8486843636383 427.25127811528114
215 95 573.7835250534117 454.4950616247952
215 96 463.4525197012117 441.58224318921566
215 97 335.2860893340694 433.1770196002362
215 98 63.55198397619006 452.8355538904764
215 101 385.41321815000174 431.2228597166665
215 102 164.66132131499853 415.5199864624901
216 95 580.6111952923238 453.55964636057615
216 96 469.0970730431145 442.39353118278086
216 97 319.6987296589796 434.1369775903336
216 101 401.37717690000136 430.9580281666665
216 102 148.38855079928453 416.1354460815419
217 95 588.9797583706677 452.09008963778615
217 96 474.4457511213259 442.67379415407777
217 97 300.56237010927 434.9367187339385
217 101 417.341135650001 430.6931966166665
217 102 132.11578028357007 416.1108125803548
217 103 350.2202452684869 433.4445730168373
218 95 598.3702343571931 450.2746614255011
218 96 479.22734075272456 442.314082252793
218 97 277.87701068492606 435.5762430310492
218 102 115.84300976785562 415.44608595892896
218 103 348.6867681542353 434.2777239400893
219 95 608.320861691609 448.27237556129694
219 96 483.17062875494594 441.2568798772991
219 97 251.6426513859624 436.0555504816671
219 102 99.57023925214162 414.1412662172643
219 103 343.1560215713398 433.857208289206
219 105 187.15054104213004 427.9314196349998
220 95 618.4246025420725 446.21555114910007
220 96 486.004401945509 439.4961056699976
220 97 221.8592922123644 436.3746410857916
220 102 83.29746873642716 412.19635335535713
220 103 333.6280055197858 432.8449408020824
220 105 173.50236419276325 427.83415126999984
220 107 434.6180973649025 416.3522686495962
221 95 628.3266479298472 444.21227011457086
221 96 487.4574471415253 437.0771125182509
221 97 188.5269331641321 436.53351484342375
221 102 67.02469822071271 409.6113473732148
221 103 320.1027199996315 431.7837071772665
221 107 430.4986865520477 413.0489958461149
222 95 637.721923192963 442.3487298041582
222 96 487.25855116028106 434.0966875730082
222 97 151.64557424129453 436.5321717545621
222 102 50.75192770499871 406.3862482708319
222 103 302.5801650108333 431.0971639957279
222 107 428.85352689027786 410.0129491306761
223 95 646.3525930587202 440.691491920501
223 96 485.1365008197026 430.7030522134155
223 97 111.21521544380812 436.3706118192076
223 100 196.13016451802469 421.1664743548379
223 103 281.06034055339114 431.0898387711495
223 107 428.5287402272224 407.2346109684841
223 112 553.4086914 425.8432007
224 95 654.0055671036243 439.2896263152361
224 96 480.82008293661056 427.095862085931
224 97 67.23585677170195 436.0488350373598
224 100 185.9992863573825 420.748978703333
224 103 255.5432466273196 431.9471299424768
224 105 118.90965679529744 427.4450778099999
224 114 324.4994761333328 418.22577408333314
225 100 175.10264411674507 420.3832017828704
225 103 226.02888323263323 433.7353068701923
225 105 105.26147994593111 427.3478094449999
225 114 320.5974833333329 417.6394551333332
225 115 448.7127431092104 420.2643901578946
226 95 665.7348213158548 437.3729694932699
226 103 192.5172503692884 436.4015098381788
226 105 91.61330309656432 427.2505410799999
226 114 316.6954905333329 417.0531361833332
226 115 423.61974271350846 421.8537646877192
227 103 155.00834803731414 439.7737500499934
227 105 77.96512624719799 427.15327271499984
227 115 398.52674231780657 423.4431392175437
228 103 113.50217623672506 443.5609096139669
228 115 373.4337419221056 425.0325137473683
229 100 123.85843435414426 419.43728141144175
229 103 67.9987349674775 447.3527415860444
229 115 348.3407415264037 426.62188827719285
229 126 790.0676894257776 446.10613404870674
230 100 109.1329717134904 419.3300981461903
230 115 323.2477411307018 428.2112628070174
230 126 826.4032194404863 446.4407956890009
231 100 93.64174499283035 419.2746336119808
231 105 23.372418849732185 426.7641992549999
231 115 298.1547407349999 429.800637336842
231 126 857.4049018803053 446.8671435629385
232 100 77.38475419217139 419.2708878088136
232 105 9.724242000365392 426.6669308899999
232 107 387.1808778643608 392.25605916260974
232 115 273.0617403392989 431.39001186666655
232 126 883.5641315300018 447.3784690925131
233 95 662.6640424299985 440.049064617604
233 100 60.361999311506224 419.3188607366888
233 107 374.9458242058754 391.5313421187966
233 115 247.96873994359703 432.9793863964911
233 126 905.3503313171676 447.96806369976
234 95 656.8802025020123 441.37583458796144
234 100 42.57348035083851 419.418552395606
234 107 361.5169692635536 390.959640745401
234 115 222.87573954789517 434.5687609263157
234 126 923.2109523369 448.6292188066873
235 95 650.0143346562982 442.85209453478456
235 100 24.01919731016824 419.5699627855652
235 107 347.1444177031517 390.531437507645
235 115 197.78273915219324 436.15813545614026
235 126 937.5714738373644 449.3552258353048
236 95 642.1956970281899 444.44628081843257
236 107 332.09845638275146 390.2372148707073
236 115 172.68973875649135 437.7475099859648
236 126 948.8354032225908 450.1393762076259
237 95 633.5658610500395 446.1277168318629
237 107 316.6592352986336 390.0674552997916
237 115 147.59673836079037 439.3368845157893
237 126 957.3842760547996 450.97496134567336
238 95 624.2762168068439 447.86729668825865
238 107 301.1074176430702 390.0126412601021
238 115 122.50373796508848 440.9262590456139
238 126 963.5776560558006 451.8552726714552
239 95 614.4854781962931 449.6380637511611
239 107 285.715815782547 390.0632552168245
239 115 97.41073756938658 442.51563357543847
239 126 967.7531351000072 452.7736016069957
240 95 604.3571883440018 451.4156855009496
240 107 270.7419999241829 390.2097796351664
240 115 72.31773717368469 444.10500810526304
240 126 970.2263332186268 453.7232395743067
241 95 594.0572247281671 453.1788236759603
241 107 256.4218938350677 390.4426969803244
241 115 47.22473677798371 445.6943826350876
241 126 971.2908986038528 454.6974779954053
241 146 111.24160584807396 410.346218533814
242 95 583.7513045761734 454.9094002023339
242 107 242.96434247493744 390.75248971749534
242 115 22.13173638228181 447.2837571649122
242 126 971.2185076079332 455.6896082922976
242 146 87.92703064344823 409.830890648067
243 95 573.6024901214987 456.5927583836019
243 107 230.54666417837143 391.1296403118795
243 115 -2.9612640134200774 448.8731316947368
243 126 970.2588647268713 456.69292188700274
243 146 69.33878479152918 409.82690731436014
244 95 563.7686937432736 458.217720400542
244 107 219.31117713451383 391.56463122867353
244 126 968.6397026260385 457.7007102015323
244 146 54.781009590253234 410.3268906027079
245 95 554.4001834504306 459.7765401750803
245 107 209.362708568573 392.0479449330742
245 126 966.5667821220122 458.7062646579179
245 146 43.6117377653718 411.2829896360636
246 95 545.6370880007744 461.2647514455021
246 107 200.7670819759369 392.57006389027447
246 126 964.2238921918906 459.70287667815865
246 146 35.242893466725945 412.61552595347166
247 95 537.6069022398442 462.6809122376144
247 107 193.55058300495148 393.12147056548565
247 126 961.7728499677032 460.6838376842843
247 146 29.140292273834348 414.2216380536556
248 95 530.4219923429191 464.0262444466353
248 107 187.70040595531464 393.6926474239044
248 126 959.3535007382744 461.6424390982902
248 146 24.82364118285477 415.98392736911774
248 152 249.1669617 402.7045288
249 95 524.1771011129022 465.3041691184044
249 107 183.16607785224917 394.27407693071655
249 126 957.0837179482916 462.57197234220257
249 146 21.866538604721427 417.7791024819017
250 95 518.9468532912433 466.5197377949953
250 107 179.86185950040817 394.8562415511296
250 126 955.0594032001682 463.4657288380331
250 146 19.89647439494729 419.4866247624159
251 95 514.7832607142627 467.6789588481188
251 107 177.67013257741928 395.429623750344
251 126 953.3544862577692 464.31700000780256
251 146 18.594829818233848 420.9973537623882
252 95 511.7132277414202 468.7880201153457
252 107 176.44575989246368 395.98470599354187
252 126 952.0209250380284 465.1190772735263
252 146 17.696877570822835 422.22219155728817
253 95 509.7360563669354 469.852406796068
253 107 176.02142584323883 396.5119707459489
253 126 951.0887056100182 465.8652520572196
253 146 16.991781767457724 423.10072834789753
254 95 508.8209516834468 470.8759146519005
254 107 176.2139562368393 397.00190047273645
254 126 950.5658422089182 466.5488157808813
254 146 16.322597946971655 423.6098878085613
255 95 508.9045269154012 471.85956030339
255 107 176.83161860704422 397.4449776391193
255 126 950.4383772239088 467.16305986654334
255 146 15.586273083463311 423.7725715711713
256 95 509.8883089497685 472.8003848642111
256 107 177.68240135908127 397.8316847102869
256 126 950.6703811972402 467.7012757362209
256 146 14.73364555835724 423.6663049906492
257 95 511.6362434346229 473.6901555247605
257 107 178.58326947689056 398.1525041514469
257 126 951.2039528335443 468.1567548119274
257 146 13.769445180892944 423.4318817853928
258 95 513.9722001012415 474.51396131515503
258 107 179.3704041838646 398.39791842777777
258 126 951.959218986798 468.5227885156728
258 146 12.7522932048887 423.2820092961192
259 95 516.6774781234562 475.2487047947943
259 107 179.91041392087936 398.5584100045089
259 126 952.8343346794136 468.7926682694779
259 146 11.79470227472484 423.5099539458752
260 95 519.488311143592 475.86149026453495
260 107 180.1125363111496 398.624461346808
260 126 953.7054830803536 468.9596854953506
260 146 11.063076477497816 424.49818590283394
261 95 522.0933729130775 476.3079059123993
261 107 179.94180423021317 398.5865549198825
261 126 954.4268755209632 469.0171316153155
262 95 524.131282242015 476.53020356968045
262 107 179.43320697546005 398.4351731889474
262 126 954.8307514884508 468.95829805137873
262 157 180.07647709999983 397.8766478999999
263 95 525.1881084572524 476.4553724937141
263 107 178.70681577920914 398.1607986191775
263 126 954.727378624957 468.77647622556833
263 157 179.4709777999999 397.8129882999998
264 95 524.7948765903711 475.9931097328663
264 107 177.9839016199112 397.75391367578777
264 126 953.9050527322106 468.46495755988144
265 95 522.4250726625323 475.0336859151721
265 107 177.6040194630623 397.2050008239749
265 126 952.1300977710634 468.0170334763534
266 95 517.4921491052955 473.4457063823938
266 107 178.04308485984802 396.50454252892087
266 126 949.146865853574 467.4259953969831
267 95 509.3470297157765 471.0737686827779
267 107 179.93241780996323 395.6430212558444
267 126 944.6777372504584 466.6851347437878
267 162 178.5819092 396.1223145
