1 1 727.4275513 94.82319641
2 3 1208.9264423802992 291.21155365212195
3 3 1203.5511257380017 297.37628317560655
4 3 1193.168084843745 300.95608113570995
5 3 1178.5067911552896 302.3229938713904
6 3 1160.2442267217514 301.8172433613826
7 3 1139.006535014586 299.74858221264617
8 3 1115.3706717585728 296.3976486488132
9 3 1089.8660557627993 292.0173214986368
9 4 1163.7658859586782 346.5269680706078
10 3 1062.9762197516434 286.83407518443903
10 4 1138.6105215826592 335.5926057686738
11 3 1035.1404611957591 281.0493347105592
11 4 1117.7947756385047 326.9123469772048
12 3 1006.7554931430592 274.8408306518017
12 4 1100.9424652344428 320.12998932504627
13 3 978.1770950496996 268.3639541418842
13 4 1087.6446252821663 314.9278569428545
14 3 949.7217636110636 261.75311186188577
14 4 1077.473560914417 311.02466683573505
15 3 921.6683635927452 255.12308102869488
15 4 1069.9955349706534 308.17339525588136
16 3 894.259778661533 248.57036438345776
16 4 1064.7820905508115 306.1591440752127
17 3 867.7045622163942 242.1745451800264
17 4 1061.420008637151 304.79700715801374
18 3 842.1785882194588 235.9996421734062
18 4 1059.5199007841927 303.92993673357245
18 5 264.15271614611817 133.30554118531927
19 3 817.826702027003 230.09546460820505
19 4 1058.723436876739 303.4266097688188
19 5 257.02152764263906 140.86473760854642
20 3 794.7643712204336 224.49896720708023
20 4 1058.7092079559898 303.1792943409632
20 5 248.71490113657435 149.65009924280048
21 3 773.0793364372714 219.23560515918763
21 4 1059.197224113741 303.10171601013565
21 5 239.23283662792403 159.4579292635583
22 3 752.8332622021358 214.3206891086292
22 4 1059.9520474546748 303.1269241920233
22 5 228.575334116688 170.21449378317402
23 3 734.0633877577267 209.76074014290097
23 4 1060.7845601267384 303.20515853050983
23 5 216.7423936028664 181.97602185087453
24 3 716.7841778958121 205.5548447813415
24 4 1061.552367419606 303.30171527031365
24 5 203.73401508645915 194.92870545276628
25 3 700.9889737882079 201.69600996358025
25 4 1062.1588359312375 303.39481362962704
25 5 189.55019856746628 209.38869951182687
26 3 686.651643817765 198.17251803798464
26 4 1062.5507668025175 303.47346217275367
26 5 174.19094404588776 225.80212188791324
27 3 673.7282344093508 194.96928175010936
27 4 1062.7147040199918 303.5353251827476
27 5 157.65625152172353 244.745053377756
28 3 662.1586208608347 192.06919923114356
28 4 1062.6718777866795 303.5845890340529
28 5 139.94612099497368 266.9235377149613
29 3 651.8681581740707 189.45450898635937
29 4 1062.4717829609865 303.62982856513975
29 5 121.06055246563828 293.17358157001183
30 3 642.7693318858836 187.1081448835602
30 4 1062.1843925637008 303.68187345114626
30 5 100.9995459337172 324.4611545502654
31 3 634.7634088990493 185.01509114152825
31 4 1061.891006353074 303.75167457651406
31 5 79.76310139921048 361.8821891999562
32 3 627.7420883132831 183.16373731847324
32 4 1061.6737344680014 303.84817040762834
32 5 57.35121886211815 406.6625810001888
33 3 621.5891522562183 181.5472333004801
33 4 1061.6036161392744 303.9761533654569
34 3 616.1821167143959 180.1648442899568
34 4 1061.7273734689347 304.1341361981874
35 3 611.3938823642422 179.02330579408385
35 4 1062.052800277717 304.3122183538658
36 3 607.09438540306 178.13817861325964
36 4 1062.5327860205684 304.48995235303767
37 3 603.1522483800059 177.53520382955315
37 4 1063.0479747702657 304.6342101613824
38 3 599.4364310270768 177.25165779514575
38 4 1063.388059269119 304.6970495623551
39 3 595.8178810900947 177.33770712078552
39 4 1063.2317100487655 304.6135805298245
40 3 592.1711851596905 177.85776366423175
40 4 1062.1251396180544 304.29983160071066
