1 1 1028.7761253235292 372.5426123594429
1 2 305.50577489928867 317.00791760381173
1 3 639.514258855139 97.15290718517235
2 1 1019.4207702749998 364.0346672464656
2 2 303.45504481297394 317.007634650979
2 3 639.5502880689501 97.09918561460022
3 1 1010.0654152264703 355.29294671646045
3 2 301.9870864621687 317.00735169814635
3 3 639.5779744820484 97.04694916329518
4 1 1000.7100601779408 346.37848975276074
4 2 301.0210824177575 317.00706874531363
4 3 639.5982665787052 96.99619783125723
4 6 1070.808831302254 347.3136711888888
5 1 991.3547051294116 337.3523353386999
5 2 300.4824260247403 317.00678579248097
5 3 639.6120693237384 96.9469316184864
5 6 1068.6752584001565 345.80138074722214
6 1 981.999350080882 328.27552245761115
6 2 300.3025064084752 317.0065028396483
6 3 639.6202441625127 96.89915052498267
6 6 1066.808012508548 344.2890903055555
7 1 972.6439950323528 319.2090900928279
7 2 300.41849348092126 317.0062198868156
7 3 639.623609020939 96.85285455074604
7 6 1065.341532341493 342.7767998638888
7 7 1053.2446766653327 536.9335033248318
8 1 963.2886399838231 310.21407722768345
8 2 300.7731229468808 317.0059369339829
8 3 639.6229383054753 96.80804369577652
8 6 1064.3203345011666 341.26450942222215
8 7 1044.7093405140267 517.2199262070562
9 1 953.9332849352938 301.3515228455111
9 2 301.31448131024234 317.0056539811502
9 3 639.6189629031256 96.7647179600741
9 6 1063.6990134778564 339.7522189805555
9 7 1036.7167723357 498.69317226465023
10 1 944.5779298867644 292.6824659296443
10 2 301.9957908802233 317.00537102831754
10 3 639.6123701814412 96.7228773436388
10 6 1063.342241649962 338.2399285388888
10 7 1029.2447989331697 481.31566019635454
11 1 935.222574838235 284.26794546341625
11 2 302.7751947776127 317.0050880754849
11 3 639.6038039885194 96.68252184647058
11 6 1063.0247692839946 336.7276380972222
11 7 1022.271487878142 465.04980870090975
11 9 302.1408813199998 317.8662841999998
12 1 925.8672197897056 276.1690004301603
12 2 303.6155419410134 317.00480512265216
12 3 639.5938646530044 96.64365146856947
12 6 1062.4314245345772 335.21534765555555
12 7 1015.7751475112134 449.8580364770566
12 9 303.6683868199998 317.64114990999985
13 1 916.5118647411764 268.4466698132099
13 2 304.4841721330854 317.0045221698195
13 3 639.583108984087 96.60626620993548
13 7 1009.7343269418676 435.70276222353584
13 9 305.1958923199998 317.4160156199998
13 11 1031.0404664642665 282.48759648225007
14 1 907.1565096926468 261.1619925958982
14 2 305.352700946788 317.0042392169868
14 3 639.5720502715044 96.57036607056855
14 7 1004.1278160484776 422.5464046390881
14 9 306.72339781999983 317.19088132999985
14 11 1010.3595982741392 274.9231217497861
15 1 897.8011546441174 254.3760077615587
15 2 306.1968048116228 317.0039562641541
15 3 639.5611582855406 96.53595105046875
15 7 998.9346454783058 410.3513824224541
15 9 308.25090331999985 316.9657470399998
15 11 989.957282775174 268.19057153558504
16 1 888.445799595588 248.1497542935246
16 3 639.5508592770262 96.50302114963608
16 7 994.1340866475028 399.0801142723745
16 11 969.8485495392608 262.20464377375004
17 1 879.0904445470586 242.54427117512927
17 2 307.7334576328625 317.0033903584888
17 3 639.5415359773384 96.4715763680705
17 7 989.7056517411085 388.6950188875901
17 11 950.04842813829 256.8865877223857
18 2 308.3957286871654 317.00310740565607
18 3 639.5335275984008 96.441616705772
18 7 985.629093713051 379.1585149668413
18 11 930.5719481441512 252.1639430962528
18 16 390.4575782305514 384.8967309382237
19 2 308.97258900088207 317.00282445282335
19 3 639.5271298326838 96.41314216274064
19 7 981.8844062861484 370.4330212088692
19 11 911.434139128735 247.9702791994228
19 16 388.7054531788602 386.4954218109195
20 2 309.4567942798651 317.0025414999907
20 3 639.5225948532044 96.38615273897636
20 7 978.4518239521065 362.4809563124143
20 11 892.6500306639311 244.2449340579322
20 16 387.57381101243504 387.680247452649
21 2 309.8438711039653 317.002258547158
21 3 639.520131313526 96.3606484344792
21 7 975.3118219715208 355.26473897621725
21 11 874.2346523216299 240.93275355243665
21 16 386.9140602241378 388.5107978117821
22 2 310.1319019332742 317.0019755943253
22 3 639.5199043477589 96.33662924924911
22 7 972.4451163738748 348.7467878990187
22 11 856.2030336737216 237.9838305508661
22 16 386.5998881551791 389.0427797667584
22 20 765.8651359473461 212.49683189495408
23 2 310.3213101143671 317.00169264149264
23 3 639.5220355705598 96.31409518328616
23 7 969.832663957542 342.8895217795595
23 11 838.5702042920959 235.3532440410786
23 16 386.52569944323545 389.328017126088
23 20 760.5716948233357 210.22309591073508
23 22 308.37127689999994 316.93676760000005
24 2 310.4146448865455 317.0014096886599
24 3 639.526603077132 96.2930462365903
24 7 967.4556622897836 337.6553593165802
24 11 821.3511937486433 233.00079826351543
24 16 386.6050544705613 389.4144506283509
24 20 752.8597971097142 207.55615006109176
24 22 308.1033019999999 317.01489260000005
24 23 1059.8807590205745 333.280364240145
25 2 310.41636638807967 317.00112673582726
25 3 639.5336414432255 96.27348240916156
25 7 965.2955497067506 333.00671920882166
25 11 804.5610316152536 230.89076184385493
25 16 386.76910781210825 389.3461379421975
25 20 743.7213665855052 204.69607970364723
25 23 1060.0220550187446 333.2020380376834
26 2 310.33263066245144 317.0008437829946
26 3 639.5431417251369 96.2554037009999
26 7 963.3340053134824 328.90602015502446
26 11 788.214747463817 228.99160692566727
26 16 386.9650466836392 389.16325366634834
26 20 733.9316658392117 201.80038786409887
26 23 1059.9320628074086 333.14244405843
27 2 310.1710746645971 317.0005608301619
27 3 639.5550514597093 96.23881011210536
27 7 961.552948983907 325.3156808539294
27 11 772.3273708662236 227.27574830306892
27 16 387.154529389843 388.9020893295941
27 20 724.0771584874074 198.98896728606496
27 23 1059.694750405067 333.0904617127812
27 25 310.2989197 316.9530029
28 3 639.5692746643324 96.22370164247792
28 7 959.9345413608416 322.1981200042769
28 11 756.9139313943638 225.71928255337724
28 16 387.3121237724503 388.5950533907955
28 20 714.5816967080946 196.3488120189386
28 23 1059.370381603367 333.03497041113366
29 2 309.65116426668175 316.99999492449655
29 3 639.5856718369427 96.2100782921176
29 7 958.4611838559928 319.5157563048079
29 11 741.9894586201272 224.30172716976443
29 16 387.4237456583499 388.2706712388834
29 20 705.7310340888835 193.9384685437567
29 23 1058.9996752382194 332.9648495638839
30 2 309.31355338994825 316.9997119716638
30 3 639.604059956023 96.19794006102435
30 7 957.1155186499544 317.2310084542632
30 11 727.5689821154041 223.00575969391247
30 16 387.4850973077042 387.95358519285946
30 20 697.6956637899393 191.7922264371191
30 23 1058.6076051411064 332.86897858142845
31 2 308.93917930012907 316.9994290188312
31 3 639.624212480603 96.18728694919822
31 7 955.8804286922114 315.30629515138315
31 11 713.6675314520845 221.81695684866764
31 16 387.50010586206486 387.6645545017946
31 20 690.5519820216823 189.92404857308972
31 23 1058.2068407705292 332.7362368741637
32 2 308.5398586030716 316.99914606599845
32 3 639.6458593502587 96.1781189566392
32 7 954.7390377011354 313.7040350949087
32 11 700.3001362020589 220.72353367069465
32 16 387.47936179248575 387.4204553448304
32 20 684.3017768373438 188.3312408631491
32 23 1057.800828523628 332.5555038524865
33 2 308.1275988535335 316.9988631131658
33 3 639.6686869851129 96.17043608334728
33 7 953.6747101639884 312.3866469835804
33 11 687.4818259372171 219.7160826431312
33 16 387.4385573476425 387.2342808311788
33 20 678.8900422402576 186.99786153415425
33 23 1057.3865137279363 332.315658926793
34 2 307.7143835614257 316.9985801603331
34 3 639.6923382858351 96.16423832932246
34 7 952.6710513369204 311.31654951613905
34 11 675.2276302294491 218.78731282824253
34 16 387.39692500194496 387.1151410001213
34 20 674.2211176059327 185.897869944326
34 23 1056.956703313337 332.00558150747986
34 29 308.0984547833332 317.50077821666645
35 2 307.3119571980541 316.9982972075004
35 3 639.7164126336411 96.15952569456476
35 7 951.7119072449708 310.4561613913252
35 11 663.5525786506453 217.9317890000757
35 16 387.37567590365416 387.0682628210101
35 20 670.1731524189472 184.9980149372432
35 23 1056.50206916414 331.6141510049437
35 29 306.8663228333332 317.25268556666646
36 2 306.93161020236334 316.99801425466774
36 3 639.7404658902936 96.15629817907414
36 7 950.7813646820674 309.7679013078798
36 11 652.4717007726956 217.14567077711465
36 16 387.3964383229981 387.0949901932676
36 20 666.6108963246133 184.2604627338833
36 23 1056.0127921513465 331.130246829581
36 29 305.6341908833332 317.00459291666647
37 2 306.5839639871792 316.997731301835
37 3 639.7640103981016 96.15455578285064
37 7 949.8637512110274 309.21418796454327
37 11 642.0000261674901 216.4264517549336
37 16 387.4796961002851 387.19278394638593
37 20 663.3968144954479 183.6451643626569
37 23 1055.4798468450415 330.54274839178817
38 2 306.2787559454506 316.99744834900235
38 3 639.7865149799211 96.15429850589425
38 7 948.9436351635565 308.7574400600566
38 11 632.1525844069189 215.77269863885272
38 16 387.6432270940238 387.3552218399279
38 20 660.4005283123215 183.1119626274756
38 23 1054.8959269069878 329.84053510196185
38 32 949.7398071 311.6295776
39 2 306.02462445649303 316.9971653961697
39 3 639.8074049391543 96.15552634820492
39 7 948.005825640249 308.3600762931601
39 11 622.9444050628723 215.1837903765914
39 16 387.9005416290327 387.5719985635258
39 20 657.5065813605052 182.6224386138565
39 23 1054.2560111633625 329.0124863704985
39 32 948.8627319 311.6031494
40 2 305.8288938922309 316.996882443337
40 3 639.82606205975 96.15823930978274
40 11 614.3905177072402 214.65965729092392
40 16 388.2593209445596 387.8289257368828
40 20 654.620530740608 182.1414977330121
40 23 1053.5575703576144 328.0474816077948
41 2 305.69735962344026 316.9965994905043
41 3 639.8418246062041 96.16243739062766
41 7 946.0175664129476 307.5931759671011
41 11 606.5059519119128 214.20052021233263
41 16 388.7198556423978 388.1079319097719
41 20 651.6733636939844 181.6386953040005
41 23 1052.800414583561 326.93440022424704
42 2 305.6340730259918 316.9963165376716
42 3 639.8539873235586 96.16812059073968
42 7 944.937938754587 307.14847680541993
42 11 599.30573724878 213.80662961166365
42 16 389.2734841349978 388.3870625620365
42 20 648.6242395432128 181.08930167384528
42 23 1051.9861813985683 325.6621216302519
43 2 305.64112648709244 316.9960335848389
43 3 639.8618014374023 96.1752889101188
43 7 943.7822617116572 306.612836576292
43 11 592.8049032897321 213.4780047327805
43 16 389.9010310935887 388.64048010358977
43 20 645.4615569471935 180.47510687575985
43 23 1051.117464616941 324.21952523620587
44 2 305.7184384115295 316.99575063200626
44 3 639.8644746538705 96.18394234876502
44 7 942.5365482291968 305.94867397845786
44 11 587.0184796066593 213.21417272521887
44 16 390.5712458962855 388.8384638744154
44 20 642.2023464711592 179.7849648252909
44 23 1050.1965837834491 322.59549045250543
45 2 305.8635382279124 316.99546767917354
45 3 639.8611711596453 96.19408090667837
45 7 941.1870520211338 305.1184077106583
45 11 581.9614957714515 213.0139077768414
45 16 391.23924107621167 388.9474101445672
45 20 638.8899884714547 179.01507705455742
45 23 1049.2239943270126 320.77889668954714
46 2 306.07135139491527 316.9951847263409
46 3 639.8510116219552 96.20570458385878
46 7 939.7202675702844 304.0844564716339
46 11 577.6489813559988 212.874970246491
46 16 391.8449307696161 388.9298321141689
46 20 635.5902562948713 178.16901598449704
46 23 1048.1963383945713 318.7586233577275
47 2 306.33398440752023 316.99490177350816
47 3 639.8330731885753 96.21881338030632
47 7 938.1229301283548 302.8092389601255
47 11 574.0959659321915 212.79384579664668
47 16 392.31146916397705 388.7443599134149
47 20 632.3856847931538 177.25748773509213
47 23 1047.1041363650822 316.52354986744314
48 2 306.64050980326 316.9946188206755
48 3 639.8063894878276 96.23340729602096
48 7 936.3820157159388 301.25517387487366
48 11 571.3174790719196 212.76548452607705
48 16 392.5436889461315 388.3457406025692
48 20 629.3682641519817 176.2978344736798
48 23 1045.9291190436932 314.06255562909047
49 2 306.97675116845977 316.99433586784284
49 3 639.7699506285802 96.2494863310027
49 7 934.4847411225194 299.384679914619
49 11 569.328550347073 212.78304010249627
49 16 392.4265397503814 387.6848381719665
49 20 626.6304590349173 175.3132763012295
49 23 1044.6412005360892 311.36452005306603
50 2 307.3250681444803 316.9940529150101
50 3 639.7227032002481 96.26705048525156
50 7 932.4185639064692 297.16017577810265
50 11 568.144209329542 212.83760889521585
50 16 391.82352660661417 386.7086335420107
50 20 624.2545530418693 174.3318926766749
50 23 1043.19509180296 308.41832254976634
51 2 307.6641414339616 316.99376996217745
51 3 639.6635502727931 96.2860997587675
51 7 930.1711823950486 294.54408016406484
51 11 567.7794855912168 212.91796910780084
51 16 390.57514838841706 385.36022456317744
51 20 622.3003184830113 173.38534337925898
51 23 1041.526554894666 305.21284252958804
52 2 307.9687578070645 316.99348700934473
52 3 639.5913513967233 96.30663415155055
52 7 927.730535684408 291.4988117712464
52 11 568.2494087039873 213.010319910726
52 16 388.4973362611884 383.57882601601136
52 20 620.7910114663155 172.5073290088735
52 23 1039.5482978660775 301.7369594029275
53 2 308.2095951077124 316.99320405651207
53 3 639.5049226030935 96.32865366360072
53 7 925.0848036395852 287.9867892983881
53 11 569.5690082397439 213.0980205740256
53 16 385.3798921302623 381.29976961112766
53 20 619.6976923013499 171.7317910244726
53 23 1037.1455103714793 297.97955258018123
54 2 308.3530072598363 316.9929211036794
54 3 639.4030364035049 96.35215829491798
54 7 922.2224068945084 283.9704314442304
54 11 571.7533137703764 213.16132959995315
54 16 380.9849270890165 378.4545039892113
54 20 618.9218712163256 171.09085132045016
54 23 1034.171039939758 293.92950147174594
55 2 308.3608092736159 316.9926381508467
55 3 639.2844217901056 96.37714804550237
55 7 919.1320068519938 279.4121569075144
55 11 574.8173548677748 213.17714385563283
55 16 375.0452998669863 374.9705947210182
55 20 618.276479391403 170.61249134107356
55 23 1030.4402089296834 289.575685488018
56 2 308.19006225172257 316.992355198014
56 3 639.1477642355902 96.40362291535384
56 7 915.8025056837462 274.2743843869804
56 11 578.7761611038295 213.1187377057116
56 16 367.2630552779885 370.7717243073738
56 20 617.4651653055907 170.31797073296798
56 23 1025.7252721653545 284.906984039394
57 2 307.79285839556184 316.9920722451813
57 3 638.9917056931998 96.4315829044724
57 7 912.22304633036 268.51953258136933
57 11 583.6447620504306 212.9555021450219
57 16 357.3078626682327 365.7776921791735
57 20 616.0599163988554 170.2189855355109
57 23 1019.7495152518028 279.9122765362704
58 2 307.1161060115164 316.99178929234864
58 3 638.8148445967223 96.4610280128581
58 7 908.3830125013184 262.110020189422
58 11 589.4381872794681 212.6526839312264
58 20 613.4770060497676 170.3145659093925
58 23 1012.1809935707818 274.5804423890437
