1 1 121.07812780895934 156.93065719861687
1 2 38.56662063699993 139.90258605438552
1 3 110.072380065918 154.68484497070318
2 1 129.3954328209456 153.59946986176027
2 2 36.65888851985398 138.1559020060816
2 3 109.7387390136719 155.02616882324224
3 2 35.38911171866747 136.53761902694728
4 2 34.63125939627666 135.05587782502005
5 1 154.34734785690432 145.18768892406356
5 2 34.27482432801214 133.7162144718213
6 1 162.66465286889058 142.84899435111674
6 2 34.22374634103288 132.521795054311
7 1 170.98195788087685 140.71331245332763
7 2 34.395368523078304 131.47364204409996
8 1 179.29926289286308 138.76372738251592
8 2 34.71942620063829 130.57085238392003
9 1 187.6165679048493 136.9838874695751
9 2 35.13706868654121 129.81080729135172
10 1 195.9338729168356 135.35800522447244
10 2 35.59991379695998 129.18937377980976
11 1 204.25117792882185 133.87085733624895
11 2 36.06913513783608 128.70109789678642
12 1 212.56848294080808 132.50778467301956
12 2 36.51458216072159 128.33938967935248
13 1 220.88578795279432 131.25469228197286
13 2 36.91393298803922 128.0966998269159
14 1 229.20309296478055 130.09804938937123
14 2 37.25188000776033 127.96468809123844
15 1 237.52039797676684 129.024889400551
16 1 245.83770298875308 128.02280989992207
17 1 254.15500800073931 127.07997265096829
18 1 262.4723130127256 126.1851035962472
19 1 270.7896180247118 125.32749285739018
20 1 279.10692303669805 124.49699473510242
20 2 37.82656268206496 128.9687524815585
21 1 287.4242280486843 123.68402770916283
21 2 37.73938257139652 129.3430562867645
22 1 295.7415330606706 122.8795744384242
22 2 37.63393658595676 129.7503156045849
23 1 304.05883807265684 122.07518176081304
23 2 37.52680421813591 130.18128255623216
24 1 312.3761430846431 121.26296069332967
24 2 37.43523749064301 130.62714666461235
25 1 320.69344809662937 120.43558643204818
25 2 37.37670701478194 131.07961213417704
26 1 329.0107531086156 119.5862983521165
26 2 37.36848081814544 131.53096684803242
27 1 337.3280581206018 118.70890000775628
27 2 37.42723594172719 131.9741430823063
28 1 345.64536313258805 117.797759132263
28 2 37.56870280645167 132.40276993777314
29 1 353.9626681445743 116.84780763800596
29 2 37.80734234912203 132.8112174887362
30 1 362.2799731565606 115.85454161642818
30 2 38.15605592778677 133.19463264916797
31 1 370.5972781685469 114.8140213380465
32 1 378.9145831805331 113.7228712524516
33 1 387.23188819251936 112.57827998830786
34 1 395.5491932045056 111.37800035335351
35 1 403.8664982164918 110.12034933440054
36 1 412.1838032284781 108.80420809733478
37 1 420.5011082404643 107.42902198711576
38 1 428.81841325245057 105.99480052777686
39 1 437.1357182644368 104.50211742242524
40 1 445.4530232764231 102.95211055324192
41 2 50.776705050049 135.19107336292726
42 1 462.0876333003956 99.68749794747262
43 1 470.4049383123818 97.97798887061757
44 1 478.722243324368 96.2213493493924
45 1 487.0395483363543 94.42153816134709
46 1 495.35685334834056 92.58307826310528
47 1 503.6741583603268 90.7110567903644
48 1 511.9914633723131 88.81112505789582
48 26 195.1142221520679 132.77253864652494
49 1 520.3087683842994 86.88949855954449
49 26 198.6267290951872 131.18953948905107
50 1 528.6260733962856 84.95295696822934
50 26 202.09984139046972 129.6963643664146
51 1 536.9433784082718 83.00884413594298
51 2 69.3141398471382 135.12238405484646
51 26 205.53355903791555 128.29059031127548
52 2 70.6778135993262 135.20844723690706
52 26 208.9278820375245 126.96979435629372
53 1 553.5779884322443 79.13010105179589
53 2 71.84053402707868 135.3309299241896
53 26 212.28281038929677 125.73155353412936
54 1 561.8952934442306 77.21297939928952
54 2 72.77594469491544 135.49284789491054
54 26 215.5983440932322 124.57344487744214
54 30 569.4476442329674 177.2953148235703
55 1 570.2125984562168 75.32330370452026
55 2 73.45952728360226 135.69619852922494
55 26 218.87448314933093 123.4930454188922
55 30 568.940348441092 177.33505677809308
56 1 578.5299034682031 73.47123871484983
56 2 73.86916350038283 135.941781324069
56 26 222.11122755759283 122.48793219113952
56 30 568.5803446833643 177.37479873261586
57 2 73.98572975863065 136.22901012525807
57 26 225.308577318018 121.55568222684394
57 30 568.3486465624708 177.41454068713864
58 2 73.79372462692086 136.55571707684393
58 26 228.4665324306064 120.69387255866548
59 2 73.28192904751498 136.9179482877296
59 26 231.585092895358 119.90008021926408
60 2 72.44409932426986 137.30975121554076
60 26 234.66425871227287 119.1718822412998
61 2 71.2796928799583 137.7229537677576
61 26 237.70402988135092 118.50685565743254
62 2 69.79462678301644 138.14693512009998
62 26 240.70440640259227 117.90257750032224
63 2 68.00206904369867 138.56838825217588
63 26 243.6653882759968 117.35662480262889
64 2 65.92326267965701 138.9710742003815
64 26 246.5869755015646 116.86657459701246
65 2 63.58838255093781 139.33556802806535
65 26 249.46916807929563 116.43000391613288
66 2 61.03742496439606 139.63899651294446
66 26 252.31196600918983 116.04448979265013
67 26 255.1153692912473 115.70760925922428
68 26 257.879377925468 115.41693934851509
68 30 568.8380296321077 177.85170218688918
69 26 260.60399191185195 115.17005709318276
69 30 568.6650601627895 177.89144414141197
70 26 263.2892112503991 114.96453952588698
71 2 47.2478189147056 139.1634252601309
71 26 265.9350359411095 114.79796367928788
72 2 44.91066809588564 138.39188138864986
72 26 268.5414659839832 114.66790658604543
72 37 563.1470873547221 200.69677616387068
72 38 565.6592346191408 220.8453536987305
73 2 42.99402282638918 137.27883398803044
73 26 271.10850137902 114.5719452788196
73 30 566.5981430299994 178.0504119595031
73 37 562.4135931189253 200.74095930642864
73 38 565.0997802734375 221.2681457519531
74 2 41.6524090765958 135.7633863689476
74 26 273.6361421262201 114.50765679027032
74 30 565.6427219463561 178.09015391402585
74 37 561.6800988831284 200.78038292779203
74 38 564.5403259277344 221.69093780517576
75 2 41.059655327225 133.7784600198139
75 26 276.12438822558335 114.47261815305754
75 30 564.4738513479077 178.12989586854863
75 37 560.9466046473316 200.8150470279609
75 38 563.9808715820312 222.1137298583984
76 26 278.57323967710994 114.46440639984128
77 26 280.9826964807997 114.4805985632814
78 26 283.3527586366527 114.51877167603791
79 26 285.68342614466894 114.57650277077082
80 26 287.97469900484845 114.65136888014013
81 26 290.2265772171911 114.74094703680572
82 26 292.43906078169704 114.84281427342762
83 26 294.6121496983662 114.9545476226656
84 26 296.7458439671986 115.07372411717988
85 26 298.8401435881942 115.19792078963022
85 37 553.611662289363 200.89991436394936
86 26 300.8950485613531 115.32471467267678
87 26 302.91055888667523 115.45168279897943
88 26 304.88667456416056 115.5764022011981
89 26 306.82339559380904 115.69644991199289
90 26 308.72072197562085 115.80940296402356
91 26 310.5786537095958 115.91283838995014
92 26 312.3971907957341 116.00433322243262
93 26 314.17633323403555 116.08146449413098
94 26 315.9160810245003 116.1418092377053
94 37 547.0102141671913 200.5693559042052
95 26 317.6164341671282 116.18294448581528
96 26 319.2773926619193 116.20244727112114
97 26 320.89895650887377 116.1978946262826
98 26 322.4811257079914 116.16686358395977
98 37 544.0762372240039 200.2986934821496
99 26 324.02390025927224 116.10693117681262
99 37 543.3427429882071 200.21912907364927
100 26 325.52728016271635 116.01567443750103
100 37 542.6092487524102 200.13480514395445
100 44 543.6710408528644 218.70807393391925
101 26 326.9912654183237 115.89067039868527
101 37 541.8757545166134 200.04572169306508
101 44 543.2746175130206 219.75496419270831
102 26 328.4158560260942 115.72949609302498
102 37 541.1422602808166 199.9518787209812
102 44 542.8781941731768 220.80185445149735
103 26 329.801051986028 115.52972855318006
103 37 540.4087660450197 199.8532762277027
103 47 353.5633342396128 329.00890891335223
104 26 331.146853298125 115.28894481181064
104 37 539.6752718092227 199.7499142132297
104 47 353.97528658780163 327.45383060339714
105 26 332.4532599623853 115.0047219015766
105 37 538.941777573426 199.6417926775621
105 47 354.2809533783882 325.89875229344216
106 26 333.72027197880874 114.67463685513812
106 37 538.2082833376292 199.5289116207
106 47 354.4803346113723 324.3436739834872
107 26 334.9478893473954 114.29626670515503
107 37 537.4747891018322 199.41127104264336
107 47 354.57343028675393 322.7885956735321
108 26 336.1361120681454 113.86718848428713
108 47 354.56024040453326 321.2335173635771
109 26 337.28494014105854 113.38497922519464
109 47 354.4407649647102 319.6784390536221
110 26 338.39437356613496 112.84721596053734
110 47 354.2150039672848 318.12336074366704
111 26 339.4644123433746 112.2514757229753
111 47 353.8829574122568 316.56828243371206
112 26 340.49505647277743 111.5953355451684
112 47 353.44462529962664 315.0132041237571
