1 1 140.36179176258852 67.66157010229735
1 2 235.5238750554656 103.09005943330452
1 3 183.9759588845371 114.14628456057672
1 4 234.84384286049308 107.7780230724402
2 1 141.24939708144225 67.06605765402291
2 2 234.1870514025386 102.61473248550524
2 3 175.20923409759175 116.89761274929285
2 4 233.48184625708865 108.85409090116258
3 1 142.10572365274697 66.47887789820152
3 2 232.8502277496116 102.39622738986051
3 3 167.9561237060967 119.17224932486396
3 4 232.11984965368416 109.89835057166944
4 1 142.93162800219986 65.90003083483317
4 2 231.51340409668455 102.4054554337989
4 3 161.9907645558855 121.00650049233364
4 4 230.75785305027972 110.9108020839608
4 5 224.81405765838136 61.824440654273545
5 1 143.72796665549808 65.32951646391787
5 2 230.1765804437576 102.614616355604
5 3 157.11027424099598 122.43537428659536
5 4 229.39585644687529 111.8914454380366
5 5 225.6541900217856 62.47325879799383
6 1 144.49559613833875 64.76733478545562
6 2 228.8397567908305 102.99719834441454
6 3 153.1336355375111 123.49258057239274
6 4 228.03385984347085 112.8402806338969
6 5 226.5111307548876 63.15650327321628
6 10 76.4884484291329 170.08106484913156
7 1 145.23537297641906 64.2134857994464
7 2 227.50293313790357 103.52797804022444
7 3 149.90058083739987 124.21053104431935
7 5 227.38994490018425 63.87815527246903
7 10 83.30410612727366 159.40941422349698
7 11 228.4875182999998 108.19955439999993
8 1 145.94815369543613 63.66796950589024
8 2 226.1661094849765 104.18302053388268
8 3 147.2704765823579 124.6203392268188
8 4 225.30986663666195 114.64252655097091
8 5 228.2956975001725 64.64219598828018
8 10 88.77342006897759 150.26169039762834
8 11 227.74185179999984 107.95698549999992
9 1 146.63479482108716 63.13078590478712
9 2 224.8292858320495 104.93967936709343
9 3 145.12120769764846 124.75182047418468
9 4 223.94787003325752 115.49593727218466
9 5 229.23345359734935 65.45260661317785
9 10 93.03197881848844 142.431550270046
10 1 147.2961528790693 62.60193499613704
10 2 223.49246217912247 105.776596532416
10 3 143.34806202594314 124.63349197056064
10 4 222.58587342985308 116.31753983518288
10 5 230.2082782342117 66.31336833969014
10 10 96.22370158236978 135.7340318672219
11 1 147.93308439507965 62.081416779940014
11 2 222.15563852619545 106.6737024732648
11 3 141.86261476116272 124.2925727299403
11 4 221.22387682644865 117.10733423996555
11 5 231.22523645325649 67.22846236034519
11 10 98.4963998689019 130.00440529972937
12 1 148.54644589481543 61.569231256196026
12 2 220.8188148732684 107.6122160839094
12 3 140.59161288231792 123.75498359616732
12 4 219.86188022304415 117.86532048653272
12 5 232.2893932969806 68.20186986767109
12 10 99.99776661881008 125.09702371839262
13 1 149.13709390397375 61.06537842490509
13 2 219.48199122034143 108.57464470947446
13 3 139.4758595873503 123.04534724293536
13 4 218.49988361963972 118.59149857488435
13 5 233.40581380788103 69.23757205419598
13 10 100.87179280732356 120.88417427043626
14 1 149.7058849482518 60.56985828606719
14 2 218.1451675674144 109.5447841459398
14 3 138.46909872697296 122.18698817378812
14 4 217.13788701623528 119.28586850502046
14 5 234.5795630284547 70.33955011244794
14 10 101.25561151756553 117.25492905563512
15 1 150.2536755533467 60.082670839682336
15 2 216.80834391448735 110.5077186401404
15 3 137.53689923851135 121.20193272211928
15 4 215.77589041283085 119.94843027694104
15 5 235.8157060011985 71.51178523495511
15 10 101.27676948527392 114.1139960824638
16 1 150.78132224495565 59.60381608575053
16 2 215.4715202615604 111.44982088976634
16 3 136.65553957974424 120.11090905117254
16 4 214.4138938094264 120.57918389064614
16 5 237.11930776860945 72.75825861424559
16 10 101.0509261148536 111.38057022424609
17 1 151.28968154877575 59.13329402427177
17 2 214.13469660863336 112.35875204336284
17 3 135.81089216274424 118.93334715404164
17 4 213.05189720602195 121.17812934613568
17 10 100.67997996675896 108.98718417530478
18 1 151.7796099905042 58.67110465524605
18 2 212.79787295570637 113.22346170033023
18 3 134.9973077877189 117.68737885367032
18 4 211.6899006026175 121.7452666434097
18 5 239.9491478574204 75.48984491328898
18 10 100.25062271620784 106.87855940711124
19 1 152.25196409583813 58.217247978673385
19 2 211.4610493027793 114.03418791092406
19 3 134.21650007685133 116.3898378028523
19 4 210.32790399921308 122.2805957824682
19 5 241.48551626381425 76.98292021809809
19 10 99.83332058322604 105.01045712443504
20 1 152.7076003904747 57.77172399455375
20 2 210.1242256498523 114.7824571762549
20 3 133.47642990814103 115.05625948423138
20 4 208.9659073958086 122.78411676331118
20 5 243.1096036348629 78.56615854980299
20 10 99.48172323402346 103.34852922149356
21 1 153.1473754001111 57.33453270288717
21 2 208.78740199692527 115.46108444828852
21 3 132.7901898492448 113.7008812103013
21 4 207.60391079240415 123.25582958593864
21 5 244.82647501306343 80.24354110093176
21 10 99.23250015370031 101.86716923810148
22 1 153.5721456504444 56.90567410367363
22 2 207.45057834399827 116.0641731298458
22 3 132.1748885913174 112.33664212340592
22 4 206.24191418899971 123.69573425035055
22 5 246.64119544091267 82.01904906401255
22 10 99.10560449028505 100.54836331582052
23 1 153.98276766717186 56.48514819691314
23 2 206.11375469107125 116.58711507460276
23 3 131.6505353828524 110.97518319573896
23 4 204.87991758559528 124.10383075654698
23 5 248.55882996090756 83.89666363157343
23 10 99.10496437010272 99.38054115410918
24 1 154.38009797599057 56.0729549826057
24 2 204.77693103814423 117.0265905870906
24 3 131.23892446352323 109.6268472293443
24 4 203.51792098219084 124.48011910452789
24 5 250.58444361554496 85.88036599614256
24 10 99.21960168447475 98.35742696647208
25 1 154.76499310259769 55.669094460751296
25 2 203.4401073852172 117.38056842269556
25 3 130.9625194980233 108.30067885611577
25 4 202.1559243787864 124.82459929429324
25 5 252.723101447322 87.97413735024804
25 10 99.42517834774888 97.47689043660952
26 1 155.13830957269036 55.27356663134994
26 2 202.1032837322902 117.6483057876591
26 3 130.84333800990782 107.0044245377972
26 4 200.79392777538197 125.13727132584307
26 5 254.97986849873547 90.18195888641796
26 10 99.6859700266612 96.73979767456744
27 1 155.5009039119658 54.88637149440163
27 2 200.7664600793632 117.83034833907772
27 3 130.9018358154337 105.74453256598244
27 4 199.4319311719775 125.4181351991774
27 5 257.3598098122823 92.50781179718048
27 10 99.95726734102824 96.14886217288672
28 1 155.8536326461211 54.50750904990637
28 2 199.42963642643616 117.92853018490317
28 3 131.15579145740094 104.5261530621154
28 4 198.06993456857305 125.6671909142962
28 5 259.8679904304595 94.95567727506364
28 10 100.18820453577044 95.70749576275364
29 1 156.19735230085345 54.136979297864144
29 2 198.09281277350917 117.94597388394224
29 3 131.6191906389929 103.35313797748996
29 4 196.7079379651686 125.88443847119947
29 5 262.509475395764 97.52953651259564
29 10 100.3250156242662 95.4186595701476
30 1 156.53291940185997 53.774782238274966
30 2 196.7559891205821 117.8870904458569
30 3 132.30111065761767 102.22804109324998
30 4 195.34594136176415 126.06987786988722
30 5 265.2893297506926 100.23337070230454
30 10 100.31471800303676 95.2837149719926
31 1 156.86119047483788 53.42091787113884
31 2 195.4191654676551 117.75757933116424
31 3 133.2046048387486 101.15211802038944
31 4 193.9839447583597 126.22350911035946
31 5 268.21261853774246 103.07116103671846
31 10 100.10922353776397 95.30127455230618
32 1 157.18302204548425 53.07538619645575
32 2 194.0823418147281 117.56442845123648
32 3 134.32558696976508 100.12532619975224
32 4 192.62194815495528 126.34533219261615
32 5 271.2844067994104 106.04688870836551
32 10 99.6698771206355 95.46605305834872
33 1 157.4992706394963 52.73818721422571
33 2 192.74551816180107 117.31591416830098
33 3 135.65171573379325 99.14632490203236
33 4 191.25995155155084 126.43534711665735
33 5 274.50975957819327 109.16453490977386
33 10 98.9724226990242 95.76771835677371
34 1 157.81079278257118 52.40932092444872
34 2 191.40869450887405 117.0216012954402
34 3 137.16127914354735 98.21247522777372
34 5 277.8937419165881 112.42808083347155
34 10 98.012396775496 96.18974238977684
35 1 158.118445000406 52.08878732712476
35 2 190.07187085594703 116.69234309659184
35 3 138.8220789751695 97.31984010737028
35 5 281.44141885709183 115.84150767198672
35 10 96.81094937915174 96.70825213124571
36 1 158.42308381869796 51.77658642225386
36 2 188.73504720302003 116.34028128654856
36 3 140.59031520207174 96.46318430106604
36 4 187.1739617413375 126.51454293948775
36 5 285.1578554422014 119.40879661784751
36 10 95.42109250829714 97.29088054290936
37 1 158.7255657631442 51.472718209836
37 2 187.398223550093 115.97884603095832
37 3 142.40947042877602 95.6359743989551
37 5 289.0481167144137 123.133928863582
37 10 93.93437604444266 97.89561753048878
38 1 159.02674735944186 51.17718268987119
38 2 186.061399897166 115.62275594632412
38 3 144.20919432475466 94.83037882098128
38 5 293.11726771622574 127.02088560171832
38 10 92.48799113764048 98.46966089984434
39 1 159.32748513328812 50.88997986235941
39 3 145.90418805827298 94.03726781693877
39 5 297.3703734901344 131.07364802478463
39 10 91.27230106314542 98.94826731312804
39 26 22.32650871599992 183.18260280857191
40 1 159.62863561038012 50.611109727300686
40 3 147.39308873022725 93.24621346647156
40 5 301.8124990786366 135.29619732530892
40 10 90.5387995494101 99.25360324493252
40 26 24.954633142999956 178.81253314571472
41 1 159.93105531641504 50.34057228469501
41 3 148.5573538079886 92.44548967907376
41 5 306.4487095242293 139.6925146958194
41 10 90.60849657741056 99.29359593843782
41 26 27.58275756999997 175.155321411429
42 1 160.23560077709 50.07836753454237
42 3 149.26014555924127 91.6220721940893
42 10 91.88073165130598 98.96078436156432
42 26 30.210881996999987 172.2109676057146
43 1 160.54312851810215 49.82449547684279
43 3 149.3452154858245 90.7616385807124
43 26 32.839006424000004 169.97947172857175
