1 1 447.687813120729 381.298327873203
1 2 489.9173697538694 394.67358274486566
1 3 394.79399516139233 382.9388115292505
1 4 352.1791449457049 387.5171989456141
1 5 1217.5040276326397 331.84591331131315
2 1 448.2756989468629 382.45671706203007
2 2 491.3982963813792 395.4090025619846
2 3 395.4786915833264 383.029979990043
2 4 353.794797172405 387.6477935223552
2 5 1216.5477095641031 333.2279000017222
3 1 448.6385486313751 383.4723771222893
3 2 492.536663041138 396.0919563418769
3 3 396.0079311440697 383.1211484508355
3 4 355.2476488402636 387.802890308479
3 5 1215.2918375440513 334.5719091736892
4 1 448.782784256233 384.3520369557181
4 2 493.34439668277855 396.7224440845425
4 3 396.3851928937633 383.212316911628
4 4 356.4525023187172 387.9743979961304
4 5 1213.7257581941635 335.8784882708378
5 1 448.714827903404 385.1024254640538
5 2 493.8334242559336 397.3004657899816
5 3 396.61395588254845 383.3034853724205
5 4 357.3566547571687 388.1549222386703
5 5 1211.840789460878 337.14818473679185
5 7 1249.7151627079131 433.7303300679546
6 1 448.4411016548555 385.7302715490337
6 2 494.0156727102357 397.82602145819385
6 3 396.69769916056623 383.39465383321306
6 4 357.9341315558703 388.3377656506749
6 5 1209.6301184432634 338.3815460151751
6 7 1222.2665629725302 430.8657959883272
7 1 447.9680275925549 386.2423041123953
7 2 493.9030689953177 398.2991110891795
7 3 396.6399017779578 383.4858222940056
7 4 358.18036672937325 388.5169278079361
7 5 1207.0887013443792 339.57911954961133
7 7 1194.817963237147 428.32716882217903
8 1 447.3020277984696 386.6452520558759
8 2 493.5075400608122 398.71973468293857
8 3 396.4440427848642 383.5769907547981
8 4 358.1073301625456 388.6871052474612
8 5 1204.2131655461062 340.7414527837243
8 7 1167.369363501764 426.0887606676506
9 1 446.4495243545669 386.9458442812128
9 2 492.841012856352 399.0878922394709
9 3 396.1136012314267 383.6681592155906
9 4 357.73910175915665 388.8436914674732
9 5 1201.0017138074647 341.8690931611378
9 7 1139.920763766381 424.1248836228819
10 1 445.4169393428143 387.1508096901434
10 2 491.9154143315696 399.4035837587766
10 3 395.6520561677863 383.7593276763831
10 4 357.1078924830296 388.9827769274104
10 5 1197.4540305864075 342.96258812547563
10 7 1112.472164030998 422.4098497860132
11 1 444.21069484517903 387.2668771844052
11 2 490.7426714360978 399.6668092408556
11 3 395.0628866440842 383.8504961371757
11 4 356.25051229176023 389.101149047927
11 5 1193.5711904850968 344.0224851203615
11 7 1085.023564295615 420.9179712551846
12 1 442.8372129436287 387.3007756657354
12 2 489.3347111195693 399.877568685708
12 3 394.3495717104616 383.94166459796816
12 4 355.2052849630044 389.19629221089247
12 5 1189.3555688186573 345.04933158941924
12 7 1057.5749645602318 419.6235601285363
13 1 441.30291572013056 387.2592340358715
13 2 487.7034603316168 400.0358620933337
13 3 393.5155904170596 384.0328330587607
13 4 354.0094098133318 389.2663877593918
13 5 1184.8107543074127 346.0436749762726
13 7 1030.126364824849 418.5009285042085
14 1 439.614225256652 387.1489811965507
14 2 485.8608460218729 400.1416894637328
14 3 392.5644218140192 384.1240015195532
14 4 352.69677030964743 389.3103139977258
14 5 1179.9414638926 347.00606272454536
14 7 1002.6777650894658 417.5243884803414
15 1 437.7775636351605 386.97674604951055
15 2 483.8187951399704 400.1950507969052
15 3 391.49954495148177 384.2151699803457
15 4 351.29618957318064 389.3276461914105
15 5 1174.753459675566 347.9370422778612
15 7 975.2291653540826 416.66825215507504
16 1 435.7993529376233 386.7492574964882
16 2 481.589234635542 400.195946092851
16 3 390.3244388795882 384.3063384411382
16 4 349.830132776041 389.3186565671777
16 5 1169.2534679804392 348.83716107984407
16 7 947.7805656186996 415.90683162654966
17 1 433.686015246008 386.4732444392213
17 2 479.1840914582202 400.14437535157
17 3 389.0425826484798 384.39750690193074
17 4 348.31385643034207 389.2843143129746
17 5 1163.4491005402883 349.7069665741176
17 7 920.3319658833166 415.2144389929055
17 14 1155.1221720377605 360.28986612955714
18 1 431.4439726422818 386.15543577944703
18 2 476.61529255763793 400.0403385730625
18 3 387.6574553082977 384.48867536272326
18 4 346.75500456989187 389.2262855779641
18 5 1157.3487778067554 350.5470062043056
18 7 892.8833661479335 414.5653863522826
18 14 1152.360636393229 360.3180948893228
19 1 429.07964720841215 385.8025604189027
19 2 473.8947648834277 399.88383575732826
19 3 386.17253590918295 384.5798438235158
19 4 345.1536518244515 389.1469334725245
19 5 1150.9616543831703 351.3578274140319
19 7 865.4347664125505 413.93398580282127
19 14 1149.5991007486978 360.3463236490885
20 1 426.5994610263665 385.4213472593259
20 2 471.0344353852224 399.6748669043674
20 3 384.5913035012767 384.6710122843083
20 4 343.50279338656026 389.04931806824953
20 7 837.9861666771675 413.2945494426616
21 1 424.00983617811215 385.01852520245376
21 2 468.04623101265446 399.4134320141798
21 3 382.91723713472015 384.7621807451008
21 4 341.7892818709288 388.93719639794887
21 5 1137.3668621006584 352.8940043465943
21 7 810.5375669417845 412.6213893699438
22 1 421.3171947456165 384.6008231500238
22 2 464.94207871535673 399.0995310867656
22 3 381.1538158596544 384.8533492058933
22 4 339.9952110663989 388.8150224556474
22 5 1130.18053183359 353.6204549566779
22 7 783.0889672064014 411.88881768280805
22 17 1138.6535644531243 358.8452423095703
23 1 418.5279588108471 384.17497000377335
23 2 461.73390544296194 398.7331641221248
23 3 379.30451872622046 384.9445176666858
23 4 338.09974658047184 388.6879471965856
23 5 1122.749943790776 354.3198769207949
23 7 755.6403674710183 411.0711464793944
23 17 1132.2790527343743 359.3073974609375
24 1 415.6485504557711 383.7476946654397
24 2 458.4336381451027 398.3143311202573
24 3 377.37282478455967 385.0356861274784
24 4 336.0814033764021 388.5618185372196
24 5 1115.0868791525145 354.99281768256907
24 7 728.1917677356353 410.1426878578432
24 17 1125.9045410156248 359.7695526123047
25 1 412.685391762356 383.32572603676033
25 2 455.0532037714117 397.84303208116313
25 3 375.3622130848131 385.1268545882709
25 4 333.9207702028607 388.4431813552209
25 5 1107.2034504425608 355.63982468562403
25 7 700.7431680002522 409.07775391629457
25 17 1119.5300292968748 360.2317077636719
26 1 409.6449048125692 382.9157930194726
26 2 451.6045292715216 397.3192670048423
26 3 373.2761626771218 385.2180230490634
26 4 331.6036809161637 388.3392774894768
26 7 673.2945682648692 407.8506567528886
27 1 406.53351168837816 382.5246245153138
27 2 448.09954159506526 396.7430358912948
27 3 371.118152611627 385.3091915098559
27 4 329.1248326950702 388.2580457400898
27 5 1090.82525152822 356.85822719007183
27 7 645.8459685294862 406.4357084657655
28 1 403.3576344717501 382.1589494260213
28 2 444.5501676916752 396.1143387405207
28 3 368.8916619384698 385.4003599706484
28 4 326.4918511481457 388.2081218683784
28 5 1082.3558363833097 357.4307175787121
28 7 618.3973687941032 404.8072211530655
29 1 400.1236952446525 381.82549665333255
29 2 440.9683345109841 395.4331755525199
29 3 366.6001697077914 385.49152843144094
29 4 323.7298023136943 388.19883859687616
29 5 1073.716658498009 357.9794639831284
29 7 590.94876905872 402.9395069129287
30 1 396.8381160890529 381.5309950989849
30 2 437.3659690026248 394.6995463272924
30 3 364.2471549697328 385.5826968922335
30 4 320.8861515522567 388.24022560933247
30 5 1064.920634045089 358.50501384694445
30 7 563.500169323337 400.8068778434953
31 1 393.5073190869184 381.2821736647156
31 2 433.7549981162298 393.9134510648383
31 3 361.8360967744352 385.673865353026
31 4 318.0361693316777 388.34300955071217
31 5 1055.980684177826 359.007914613784
31 7 536.051569587954 398.3836460429055
32 1 390.1377263202165 381.08576125226216
32 2 430.1473488014319 393.0748897651575
32 3 359.3704741720398 385.7650338138185
32 4 315.2887839047388 388.5186140271957
32 5 1046.9096880683596 359.4887137272708
32 7 508.6029698525709 395.6441236092994
33 1 386.7357598709147 380.9484867633618
33 2 426.5549480078639 392.18386242825005
33 3 356.8537662126876 385.856202274611
33 4 312.79288087936004 388.779159606179
33 5 1037.720438069526 359.9479586310288
33 7 481.1543701171879 392.56262264081727
34 1 383.3078418209803 380.8770790997521
34 2 422.9897226851583 391.240369054116
34 3 354.28945194651993 385.9473707354035
34 4 310.7440496813672 389.1374638162736
34 5 1028.425597000173 360.3861967686815
34 7 453.7057703818049 389.1134552355993
35 1 379.8603942523807 380.8782671631702
35 3 351.6810104236777 386.038539196196
35 4 309.39177690982746 389.6070411473064
35 5 1019.0376575539552 360.8039755838529
35 7 426.25717064642186 385.2709334917855
35 22 768.6304931640625 378.084228515625
36 5 1009.5689038316088 361.2018425201666
37 5 1000.0313749967054 361.58034502124656
37 26 341.16373814356393 388.5301474478724
38 5 990.4368310548876 361.9400305307164
38 26 329.4940440840469 389.9072407032074
38 27 1309.301459517619 445.2725627482438
39 5 980.7967207565836 362.2814464922
39 26 316.2361246725286 390.75243222406766
39 27 1301.7074710562024 444.6879726274612
40 5 971.122151623202 362.605140349321
40 26 301.6039802790847 391.111314633799
40 27 1294.1134825947856 444.1082211314528
41 5 961.4238620968064 362.9116595457033
41 26 285.8116112737903 391.0294805557464
41 27 1286.519494133369 443.5333082602187
42 5 951.7121958132695 363.20155152497057
42 26 269.0730180267219 390.5525226132559
42 27 1278.9255056719526 442.9632340137588
43 5 941.9970779989092 363.47536373074666
43 26 251.60220090795477 389.7260334296732
43 27 1271.331517210536 442.3979983920731
44 5 932.2879939906012 363.7336436066553
44 26 233.6131602875621 388.5956056283429
44 27 1263.7375287491195 441.8376013951616
44 31 922.0238749186204 362.81503295898455
45 5 922.5939698793763 363.97693859632034
45 26 215.31989653562096 387.206831832612
45 27 1256.1435402877028 441.2820430230243
45 31 911.1039835611982 363.131561279297
46 5 912.9235552774926 364.20579614336543
46 26 196.93641002220875 385.6053046658252
46 27 1248.5495518262862 440.7313232756612
46 31 900.184092203776 363.4480895996094
47 5 903.2848082089912 364.4207636914144
47 26 178.67670111739744 383.8366167513278
47 27 1240.9555633648697 440.1854421530724
48 5 893.6852821237314 364.6223886840911
48 26 160.75477019126447 381.94636071246623
48 27 1233.3615749034532 439.6443996552578
49 5 884.132015034904 364.8112185650192
49 26 143.38461761388635 379.9801291725856
49 27 1225.7675864420366 439.10819578221736
50 5 874.6315207800266 364.9878007778224
50 26 126.78024375533596 377.983514755031
50 27 1218.17359798062 438.5768305339512
51 5 865.1897824054187 365.1526827661247
51 26 111.15564898569164 376.00211008314886
51 27 1210.5796095192034 438.0503039104592
51 33 239.9658203125 384.4783935546875
52 5 855.8122476741551 365.3064119735497
52 26 96.72483367502628 374.0815077802852
52 27 1202.9856210577868 437.52861591174144
53 5 846.5038266975016 365.44953584372126
53 26 83.70179819341774 372.26730046978366
53 27 1195.39163259637 437.01176653779794
54 5 837.2688916898286 365.5826018202631
54 26 72.30054291093847 370.6050807749914
54 27 1187.7976441349535 436.4997557886286
55 5 828.1112788470062 365.7061573467989
55 26 62.73506819766772 369.1404413192537
55 27 1180.203655673537 435.9925836642335
56 5 819.0342923482788 365.8207498669527
56 26 55.219374423679255 367.9189747259159
56 27 1172.6096672121205 435.4902501646126
56 37 1285.980232975033 475.9372140247152
57 5 810.040710481619 365.926926824348
57 26 49.96746195904643 366.98627361832337
57 27 1165.015678750704 434.9927552897659
57 37 1277.7788624450045 474.8934277483417
57 40 979.9215936249678 355.6734672425182
58 5 801.1327938925631 366.0252356626088
58 26 47.19333117384713 366.38793061982255
58 27 1157.4216902892872 434.5000990396935
58 37 1269.577491914976 473.862792999631
58 40 972.3927084973952 355.2607858004799
58 42 202.6178186035156 393.0911035156249
59 5 792.3122959565242 366.1162238253586
59 26 47.11098243815786 366.1695383537584
59 27 1149.827701827871 434.0122814143952
59 37 1261.3761213849475 472.84530977858304
59 40 964.7226848425196 354.95494983832987
59 42 200.88275939941403 394.2682177734374
60 5 783.580475274588 366.20043875622144
60 27 1142.233713366454 433.5293024138712
60 37 1253.1747508549192 471.8409780851978
60 40 956.9201543128082 354.74270704822925
61 5 774.9381102927865 366.27842789882095
61 27 1134.6397249050376 433.0511620381214
61 37 1244.9733803248907 470.84979791947535
61 40 948.993748560729 354.6118561481526
61 44 16.977238464355437 336.71179199218744
62 5 766.385516044853 366.3507386967809
62 27 1127.045736443621 432.57786028714577
62 37 1236.7720097948622 469.8717692814156
62 40 940.9520992387494 354.5512081271752
62 44 15.183622932434048 336.594741821289
63 5 757.9225630184555 366.4179185937251
63 27 1119.4517479822043 432.1093971609444
63 37 1228.570639264834 468.9068921710186
63 40 932.8038379993368 354.55054749077976
63 44 13.390007400512658 336.47769165039057
63 47 1187.676521387385 334.56759845751617
64 5 749.5486981449128 366.48051503327736
64 27 1111.8577595207878 431.64577265951726
64 37 1220.3692687348052 467.9551665882845
64 40 924.5575964949592 354.600593506138
64 44 11.596391868591269 336.36064147949213
64 47 1178.5102316176522 334.2970005045471
64 48 756.204345703125 364.5740356445313
65 27 1104.2637710593713 431.1869867828643
65 37 1212.167898204777 467.0165925332129
65 40 916.2220063780838 354.6929614474193
65 42 190.47240417480467 401.3309033203124
66 5 733.0640436025594 366.594147314701
66 27 1096.6697825979545 430.7330395309856
66 37 1203.9665276747485 466.0911700058042
66 40 907.8056993011786 354.8201238410709
66 42 188.7373449707031 402.5080175781249
67 5 724.9502486507844 366.64627804382
67 27 1089.075794136538 430.283930903881
67 37 1195.76515714472 465.1788990060583
67 40 899.317306916711 354.9753717111241
68 5 716.9195881297233 366.696015090042
68 27 1081.4818056751214 429.8396609015508
68 37 1187.5637866146917 464.279779533975
68 40 890.7654608771484 355.15277582448266
68 47 1140.094241134696 334.06337426396294
69 5 708.9697803564595 366.74390589699095
69 27 1073.887817213705 429.4002295239947
69 37 1179.362416084663 463.39381158955456
69 40 882.1587928349586 355.34714793622265
69 47 1130.1159372786942 334.18525173033106
70 5 701.0982906230927 366.7904979082905
70 27 1066.2938287522884 428.96563677121287
70 37 1171.1610455546347 462.5209951727968
70 40 873.5059344426093 355.55400203488125
70 47 1120.0132715748844 334.36720781559507
71 5 693.3023670508128 366.83633856756455
71 27 1058.6998402908716 428.5358826432053
71 37 1162.9596750246062 461.6613302837018
71 40 864.8155173525679 355.7695155877543
71 47 1109.7989243464156 334.6035890013071
72 5 685.5790785674544 366.88197531843673
72 27 1051.105851829455 428.11096713997176
72 37 1154.7583044945775 460.8148169222696
72 40 856.0961732173022 355.99049078619373
72 47 1099.4855759164366 334.8889497561098
73 5 677.9253550085318 366.9279556045309
73 27 1043.5118633680386 427.69089026151255
73 37 1146.5569339645494 459.9814550885001
73 40 847.3565336892796 356.2143157908986
73 47 1089.0859066080957 335.21805253573405
74 5 670.3380293417517 366.97482686947086
74 27 1035.9178749066218 427.2756520078276
74 37 1138.355563434521 459.1612447823934
74 40 838.6052304209676 356.43892597721083
74 47 1078.612596744541 335.5858677830007
74 57 1144.34326171875 335.76031494140625
75 5 662.8138820150098 367.0231365568803
75 27 1028.3238864452055 426.8652523789168
75 37 1130.1541929044924 458.3541860039494
75 40 829.8508950648343 356.66276518040786
75 47 1068.0783266489218 335.9875739278219
75 57 1131.9851074218748 337.1922912597656
76 5 655.3496874278626 367.073432110383
76 27 1020.7298979837888 426.4596913747802
76 37 1121.952822374464 457.5602787531682
76 40 821.1021592733467 356.88474694100546
76 47 1057.495776644387 336.41855738719744
77 5 647.942262526483 367.1262609736028
77 27 1013.1359095223722 426.0589689954179
77 37 1113.7514518444357 456.77952303004975
77 40 812.3676546989728 357.1042157500424
77 47 1046.8776270540848 336.8744125652179
78 5 640.5885175220957 367.1821705901635
78 27 1005.5419210609556 425.6630852408297
78 37 1105.5500813144072 456.011918834594
78 40 803.6560129941802 357.320908294382
78 47 1036.2365582011637 337.35094185306366
78 61 639.7435913085938 365.8453979492188
79 27 997.9479325995392 425.2720401110158
79 37 1097.348710784379 455.257466166801
79 40 794.9758658114359 357.5349147020013
79 47 1025.5852504087725 337.84415562900494
80 5 626.0304935494089 367.3054218578024
80 27 990.3539441381224 424.8858336059761
80 37 1089.1473402543502 454.5161650266708
80 40 786.3358448032085 357.7466397872913
80 47 1014.9363840000592 338.3502722584002
81 5 618.8209875234372 367.3738583961281
81 27 982.759955676706 424.50446572571065
81 37 1080.945969724322 453.7880154142033
81 40 777.7445816219647 357.95676429634864
81 47 1004.3026392981744 338.8657180936999
82 5 611.6548235803425 367.4475654622898
82 27 975.1659672152894 424.1279364702194
82 37 1072.7445991942932 453.07301732939857
82 40 769.2107079201728 358.16620615227293
82 47 993.6966966262652 339.3871274744416
83 5 604.5302133549136 367.5270904999112
83 27 967.5719787538728 423.7562458395024
83 37 1064.543228664265 452.3711707722566
83 40 760.7428553502996 358.37608170045723
83 47 983.13123630748 339.91134272725503
84 5 597.4458106506758 367.6129809526161
84 27 959.9779902924562 423.3893938335596
84 37 1056.3418581342364 451.6824757427773
84 40 752.3496555648135 358.58766695388704
84 47 972.618938664968 340.4354141658581
85 5 590.4007770226848 367.7057842640282
85 27 952.3840018310397 423.0273804523909
85 37 1048.140487604208 451.0069322409609
85 40 744.0397402161817 358.8023588384335
85 47 962.1724840218782 340.9566000910594
86 5 583.3948494838006 367.8060478777713
86 27 944.790013369623 422.6702056959965
86 37 1039.9391170741796 450.3445402668072
86 40 735.8217409568716 359.0216364381431
86 47 951.8045527013588 341.4723667907564
87 5 576.42841033444 367.9143192374693
87 27 937.1960249082064 422.31786956437634
87 37 1031.737746544151 449.6952998203161
87 40 727.7042894393512 359.2470222405468
87 47 941.527825026558 341.9803885399357
88 5 569.502559115813 368.03114578674575
88 27 929.6020364467898 421.9703720575304
88 37 1023.5363760141228 449.0592109014879
88 40 719.6960173160883 359.4800433819364
88 47 931.3549813206248 342.4785476006756
89 5 562.6191866866363 368.1570749692245
89 27 922.0080479853732 421.6277131754586
89 37 1015.3350054840942 448.4362735103224
89 40 711.8055562395498 359.7221928926699
89 47 921.298701906708 342.96493422214223
90 5 555.7810514233278 368.29265422852944
90 27 914.4140595239568 421.28989291816106
90 37 1007.1336349540658 447.8264876468197
90 40 704.0415378622033 359.9748909424716
90 47 911.3716671079566 343.4378466405931
91 5 548.9918575436791 368.4384310082843
91 27 906.82007106254 420.9569112856378
91 37 998.9322644240372 447.2298533109797
91 40 696.4125938365172 360.2394460857097
91 47 901.586557247519 343.8957910793739
91 66 1252.055220289738 451.8521760800721
92 5 542.25633555401 368.5949527521127
92 27 899.2260826011235 420.62876827788864
92 37 990.7308938940088 446.6463705028025
92 40 688.9273558149583 360.517016506707
92 47 891.9560526485432 344.3374817489206
92 66 1242.6289017231902 451.3151720075353
92 67 535.2330322265624 371.79321289062506
93 5 535.5803248198043 368.7627669036386
93 27 891.6320941397069 420.30546389491377
93 37 982.5295233639804 446.076039222288
93 40 681.5944554499949 360.8085712650284
93 47 882.4928336341782 344.7618408467588
93 66 1231.615637338837 450.7674043138739
93 67 529.84130859375 371.84320068359375
94 27 884.0381056782903 419.9869981367131
94 37 974.328152833952 445.5188594694363
94 40 674.4225243940941 361.11485154077945
94 47 873.2095805275733 345.1679985575041
94 66 1219.5374423558824 450.2112926831527
95 5 522.436249163698 369.1344622042777
95 27 876.4441172168737 419.67337100328666
95 37 966.1267823039236 444.9748312442473
95 40 667.4201942997236 361.4363318798944
95 47 864.1189736518764 345.555293052862
95 66 1206.835081417812 449.6492567994366
96 5 515.9861801330036 369.3394382406385
96 27 868.8501287554571 419.3645824946344
96 37 957.9254117738952 444.44395454672105
96 40 660.596096819351 361.773181439436
96 47 855.233693330236 345.92327049162657
96 66 1193.8741014783736 449.0837163467901
97 5 509.6317941458168 369.5578964591919
97 27 861.2561402940406 419.0606326107565
97 37 949.7240412438666 443.9262293768575
97 40 653.9588636054438 362.1252252328936
97 47 846.5664198858008 346.2716850196828
97 66 1180.9508646851173 448.5170910092784
98 5 503.38578774474513 369.7903843035614
98 27 853.662151832624 418.7615213516526
98 37 941.522670713838 443.4216557346568
98 40 647.51712631047 362.4919053754684
98 47 838.12983364172 346.6004987700045
98 66 1168.298581266543 447.951800470966
99 5 497.26250634844655 370.03744921737103
99 27 846.0681633712074 418.467248717323
99 37 933.3213001838096 442.9302336201188
99 40 641.279516586897 362.87224232938206
99 47 829.9366149211422 346.9098818626562
99 66 1156.0933424149407 447.390264415918
100 5 491.27804168661294 370.2996386442445
100 27 838.4741749097908 418.17781470776765
100 37 925.1199296537812 442.4519630332436
100 40 635.2546660871916 363.2647961491482
100 47 821.999444047216 347.2002124047917
100 66 1144.460153175169 446.834902528199
101 5 485.4503313584576 370.5775000278056
101 27 830.8801864483743 417.8932193229865
101 37 916.9185591237527 441.9868439740311
101 40 629.4512064638229 363.6676277268984
101 47 814.3310013430893 347.47207649065365
101 66 1133.4789653253974 446.2881344918738
102 5 479.7992605146635 370.8715808116781
102 27 823.2861979869576 417.6134625629796
102 37 908.7171885937244 441.5348764424813
102 40 623.8777693692571 364.0782600376547
102 47 806.9439671319112 347.72626820157484
102 66 1123.190710265073 445.7523799910073
103 5 474.346765662812 371.1824284394857
103 27 815.6922095255411 417.33854442774685
103 37 900.515818063696 441.0960604385944
103 40 618.5429864559628 364.49363938462056
103 47 799.851021736831 347.96378960597985
103 66 1113.603331900085 445.2300587096644
104 5 469.116940596301 371.5105903548522
104 27 808.0982210641245 417.06846491728834
104 37 892.3144475336675 440.6703959623701
104 40 613.4554893764073 364.9100966445019
104 47 793.0648454809966 348.1858507593787
104 66 1104.697819527355 444.72359033191
105 5 464.1361444467442 371.8566140014015
105 27 800.5042326027079 416.8032240316041
105 37 884.1130770036391 440.2578830138086
105 40 608.6239097830577 365.3233085127727
105 47 786.5981186875563 348.3938697043752
105 66 1096.434240718605 444.2353945418084
106 5 459.43311185983646 372.2210468227572
106 27 792.9102441412913 416.542821770694
106 37 875.9117064736106 439.8585215929099
106 40 604.0568793283825 365.7282587489876
106 47 780.463521679659 348.58947247066067
106 66 1088.7577742090216 443.767891023425
107 5 455.0390652947125 372.6044362625431
107 27 785.3162556798748 416.28725813455816
107 37 867.7103359435821 439.47231169967387
107 40 599.7630296648481 366.1191994220672
107 47 774.6737347804535 348.7744930750161
107 66 1081.6047427779995 443.3234994608243
108 5 450.9878294467769 373.0073297643831
108 27 777.7222672184581 416.0365331231965
108 37 859.5089654135537 439.09925333410064
108 40 595.7509924449232 366.48961215560666
108 47 769.2414383130895 348.9509735213144
108 66 1074.9086461371044 442.9046395380712
109 5 447.3159477940244 373.4302747719008
109 27 770.1282787570416 415.79064673660906
109 37 851.3075948835252 438.7393464961901
109 40 592.0293993210751 366.8321693731484
109 47 764.1793126007145 349.12116380051555
109 66 1068.6061938169878 442.5137309392306
110 5 444.06280126682657 373.87381872872015
110 27 762.5342902956249 415.5495989747959
110 37 843.1062243534968 438.3925911859424
110 40 588.606881945771 367.1386955434966
110 47 759.5000379664764 349.2875218906702
110 66 1062.6433380467352 442.15319334836704
111 5 441.2707290412093 374.3385090784648
111 27 754.9403018342084 415.31338983775686
111 37 834.9048538234683 438.0589874033574
111 40 585.4920719714792 367.4001284260044
111 47 755.216294733525 349.45271375691823
111 66 1056.9813066447389 441.8254464495454
112 5 438.9851514556096 374.8248932647585
112 27 747.3463133727919 415.0820193254921
112 37 826.70348329344 437.7385351484352
112 40 582.6936010506664 367.60648031586334
112 47 751.3407632250094 349.6196133514909
112 66 1051.6026359015375 441.5329099268309
113 5 437.2546950511078 375.3335187312251
113 27 739.7523249113752 414.8554874380016
113 37 818.5021127634114 437.4312344211757
113 40 580.2201008358008 367.7467992894146
113 47 747.8861237640772 349.7913026137076
113 66 1046.5172034649877 441.278003464288
114 5 436.1313197351283 375.8649329214884
114 27 732.1583364499587 414.6337941752852
114 37 810.3007422333831 437.1370852215789
114 40 578.0802029793506 367.8091304494153
114 47 744.8650566738768 349.9710714699787
114 66 1041.768261225894 441.06314674598144
115 5 435.6704480686576 376.4196832791721
115 27 724.5643479885421 414.4169395373431
115 37 802.0993717033546 436.8560875496449
115 40 576.2825391337817 367.7804771703718
115 47 742.2902422775574 350.1624178338008
115 66 1037.438468200737 440.8907594559763
116 5 435.9310966768983 376.99831724789993
116 27 716.9703595271255 414.2049235241752
116 37 793.8980011733262 436.5882414053737
116 40 574.8357409515631 367.6467623437964
116 47 740.1743608982673 350.3690476057652
116 66 1033.6559234223096 440.7632612783372
117 5 436.9760097834353 377.6013822712958
117 27 709.3763710657089 413.9977461357816
117 37 785.6966306432977 436.3335467887652
117 40 573.7484400851619 367.3927896235291
117 47 738.5300928591566 350.59487467354927
117 66 1030.6001988183707 440.6830718971291
118 5 438.87179486785726 378.22942579298336
118 27 701.7823826042924 413.79540737216206
118 37 777.4952601132692 436.0920036998194
118 40 573.0292681870455 367.0022046710165
118 47 737.3701184833724 350.8440209119233
118 66 1028.5083721034462 440.6526109964168
119 5 441.6890604468807 378.88299525658647
119 27 694.1883941428757 413.5979072333168
119 37 769.2938895832408 435.8636121385365
119 40 572.6868569096825 366.4574564006123
119 47 736.7071180940634 351.1208161827435
119 66 1027.6810596578289 440.6742982602647
119 72 433.68841552734375 374.6198120117188
120 27 686.5944056814592 413.4052457192457
120 37 761.0925190532123 435.6483721049162
120 40 572.729837905539 365.73975822488
120 47 736.5537720143785 351.4297983349581
120 66 1028.488449416007 440.7505533727383
