790 885 209.3414451844474 78.45595483526188
790 886 134.4569854736328 64.70139065378908
790 887 103.59886551666648 81.64070511
791 885 209.34815160039687 78.42394458107148
791 886 133.71302032470703 68.18617290050724
791 887 104.06653596666656 81.68498993000001
792 885 209.35485801634636 78.39260038699928
792 886 133.74215698242188 71.67095514722496
792 887 104.53420641666668 81.72927475000003
793 885 209.3615644322958 78.36192225304521
793 886 134.35568237304688 75.15573739394267
794 885 209.3682708482453 78.33191017920936
795 885 209.37497726419477 78.30256416549173
795 886 136.7315902709961 82.12530188737855
796 885 209.3816836801442 78.27388421189224
797 885 209.38839009609367 78.245870318411
797 886 139.89751434326172 89.09486638081398
798 885 209.39509651204312 78.21852248504794
798 886 141.58431243896484 92.57964862753217
798 890 108.24142571302036 88.67596673913067
799 885 209.4018029279926 78.19184071180302
799 886 143.2767105102539 96.06443087424988
799 890 108.47821598568952 89.90515436959686
800 885 209.4085093439421 78.16582499867636
800 886 144.9474868774414 99.54921312096758
800 890 108.7589491511153 91.12553588754965
801 885 209.41521575989157 78.14047534566788
801 886 146.58316802978516 103.03399536768528
801 890 109.08362520929768 92.3414080318762
802 885 209.421922175841 78.1157917527776
802 886 148.1819839477539 106.51877761440346
802 890 109.45224416023302 93.55706754146377
803 885 209.42862859179047 78.09177422000545
803 886 149.7520523071289 110.00355986112118
803 890 109.86480600392132 94.77681115525776
803 894 36.14356613000018 150.34494019999954
804 885 209.43533500773992 78.06842274735155
804 886 151.30958557128906 113.48834210783887
804 890 110.32131074036624 96.00493561214536
804 894 35.489799500000004 151.40261839999994
804 896 129.5033493451774 75.12395494058728
805 885 209.4420414236894 78.04573733481584
805 886 152.8771209716797 116.97312435455706
805 890 110.82175836956594 97.24573765107198
805 896 130.60375499911606 76.57314439490438
805 897 119.51427036290988 81.86540180945303
806 885 209.44874783963888 78.02371798239827
806 886 154.48211669921875 120.45790660127476
806 890 111.36614889152042 98.50351401086664
806 896 131.66058694198728 77.93802732229233
806 897 120.16050339164212 82.68086276491522
807 885 209.45545425558836 78.00236469009894
807 886 156.15496063232422 123.94268884799249
807 890 111.95448230622604 99.78256143030012
807 896 132.68803072534502 79.23717122152448
807 897 120.77836062014104 83.49705632025143
808 885 209.4621606715378 77.98167745791781
808 886 157.92849731445312 127.42747109471064
808 890 112.58675861368827 101.08717664889993
808 896 133.69941983744502 80.48813363164663
808 897 121.37241157982498 84.3161482240539
808 900 411.2835388183594 188.4462502375245
809 885 209.46886708748727 77.96165628585484
809 886 159.8358154296875 130.91225334142837
809 890 113.26297781390711 102.42165640479652
809 896 134.70723575912416 81.70746226608753
809 897 121.94706430844964 85.14030422503129
809 900 406.4539794921875 187.83714826405048
810 885 209.47557350343672 77.9423011739101
810 886 161.9095687866211 134.39703558814608
810 890 113.98313990687892 103.79029743745924
810 896 135.7231079582125 82.91069493815303
810 897 122.50656536687164 85.97169007192133
810 900 402.70062255859375 186.811257570982
811 885 209.4822799193862 77.92361212208354
811 886 164.1809539794922 137.8818178348638
811 890 114.7472448926037 105.197396485426
811 896 136.7578138485551 84.11235955357552
811 897 123.0549998334609 86.81247151317075
811 900 399.6261291503906 185.41315438598397
812 885 209.48898633533565 77.90558913037518
812 886 166.6786651611328 141.36660008158196
812 890 115.55529277108508 106.64725028799148
812 896 137.82127883844078 85.32597414404154
812 897 123.59629129758105 87.6648142975173
812 900 396.9093627929688 183.68549777567387
813 885 209.49569275128516 77.88823219878498
813 886 169.42771911621094 144.85138232829968
813 890 116.40728354232124 108.14415558357724
813 896 138.9225762784481 86.56404685229063
813 897 124.13420187402517 88.530884173495
813 900 394.29736328125 181.6690295562148
814 885 209.5023991672346 77.871541327313
814 886 172.44952392578125 148.3361645750174
814 890 117.30321720631218 109.69240911159432
814 896 140.0699275545776 87.83807592093945
814 897 124.67233218392356 89.41284688975429
814 900 391.59759521484375 179.40257427841425
815 885 209.50910558318407 77.85551651595921
815 886 175.7601089477539 151.82094682173556
815 890 118.24309376305428 111.29630761052248
815 896 141.27070193737745 89.15854972228408
815 897 125.2141213780269 90.31286819503292
815 900 388.6710815429688 176.9230392128229
815 905 241.74812893816124 76.8043725064772
816 885 209.51581199913355 77.84015776472359
816 886 179.37097930908203 155.30572906845327
816 890 119.2269132125548 112.96014781971462
816 896 142.5314167458564 90.5349467471242
816 897 125.76284710969776 91.23311383783584
816 900 385.42431640625 174.26541441679
816 905 241.9559177176816 76.81111316978536
816 906 98.30459487540064 76.06827033611899
817 885 209.522518415083 77.82546507360618
817 886 183.28705596923828 158.790511315171
817 890 120.25467555480829 114.68822647747584
817 896 143.8577372431755 91.97573557496072
817 897 126.32162556052208 92.17574956684255
817 900 381.80316162109375 171.46277274936438
817 905 242.15012200714955 76.81344362592154
817 906 98.63589804513322 76.64983563924307
818 885 209.52922483103248 77.81143844260697
818 886 187.50782012939453 162.2752935618887
818 890 121.32638078981836 116.48484032345004
818 896 145.25447666086257 93.48837488889694
818 897 126.89341142168269 93.14294113076176
818 900 377.787353515625 168.54626964777708
818 905 242.33074180656516 76.81136387488573
818 906 98.9658148298622 77.2546578998672
819 885 209.53593124698196 77.79807787172592
819 886 192.0265045166016 165.76007580860687
819 890 122.44202891757776 118.35428609582596
819 896 146.7255962062627 95.07931353151798
819 897 127.48099790047854 94.13685427806922
819 900 373.3821411132813 165.54514344781637
819 905 242.49777711592924 76.80487391667816
819 906 99.29510291374754 77.8827371179932
820 885 209.5426376629314 77.7853833609631
820 886 196.8297500610352 169.24485805532458
820 890 123.6016199380956 120.30086053395644
820 896 148.27420506626368 96.75399040430784
820 897 128.0870167319663 95.15965475750272
820 900 368.6168212890625 162.48671525716782
820 905 242.65122793524188 76.79397375129861
820 906 99.62451998109464 78.53407329361926
821 885 209.5493440788809 77.77335491031846
821 886 201.897705078125 172.7296403020423
821 890 124.80515385136825 122.3288603767869
821 896 149.90256042405963 98.51683457568288
821 897 128.7139381528832 96.21350831756718
821 900 363.53564453125 159.39638878405094
821 905 242.79109426450125 76.77866337874752
821 906 99.95482371619435 79.20866642674628
822 885 209.55605049483037 77.76199251979205
822 886 207.204833984375 176.21442254876047
822 890 126.05263065739382 124.44258236297172
822 896 151.6120673585683 100.37126518785954
822 897 129.36407092865556 97.30058070708763
822 900 358.1961669921875 156.2976505830884
822 905 242.9173761037091 76.75894279902423
822 906 100.2867718032794 79.90651651737426
823 886 212.71898651123047 179.69920479547818
823 890 127.3440503561742 126.64632323157277
823 896 153.40327901765704 102.31969148665668
823 897 130.0395623324439 98.42303767448176
823 900 352.66357421875 153.2120699957013
823 905 243.0300734528655 76.73481201212894
823 906 100.62112192664064 80.6276235655032
824 886 218.4025421142578 183.1839870421959
824 890 128.67941294771117 128.94437972147716
824 896 155.27589645050466 104.36351285502316
824 897 130.7423981623724 99.58304496857454
824 900 347.0072631835937 150.15929905325174
824 905 243.12918631196956 76.70627101806213
824 906 100.95863177049614 81.3719875711322
825 886 224.2123565673828 186.6687692889141
825 890 130.05871843200293 131.34104857157217
825 896 157.2287687305361 106.50311877951026
825 897 131.47440272429958 100.78276833787096
825 900 341.2976379394531 147.15707255899906
825 905 243.2147146810221 76.6733198168231
825 906 101.30005901918048 82.13960853426215
826 886 230.10073852539065 190.15355153563175
826 890 131.48196680904402 133.8406265208032
826 896 159.25989286601543 108.73788888379931
826 897 132.23723885184154 102.0243735310214
826 900 335.6033935546875 144.2212079912424
826 905 243.28665856002223 76.63595840841231
826 906 101.6461613568681 82.93048645489216
827 885 209.5895825745777 77.71517146893265
827 886 236.0156936645508 193.6383337823495
827 890 132.94915807884536 136.44741030799923
827 896 161.3664138354361 111.06619287282228
827 897 133.03240788495168 103.31002629673458
827 900 329.9877014160156 141.36560574173927
827 905 243.34501794897005 76.59418679282976
827 906 101.99769646792264 83.74462133302404
828 885 209.59628899052717 77.70780543911539
828 886 241.90171813964844 197.1231160290672
828 890 134.46029224139966 139.1656966722221
828 896 163.54462464526296 113.4853905364871
828 897 133.8612496838905 104.64189238339895
828 900 324.5079650878906 138.60224875807762
828 905 243.38979284786544 76.54800497007523
828 906 102.35542203648949 84.58201316865598
829 885 209.6029954064766 77.70110546941626
829 886 247.7009429931641 200.60789827578537
829 890 136.01536929670874 141.99978235224262
829 896 165.7899662014097 115.99183184280992
829 897 134.7249426273629 106.02213753986872
829 900 319.2120666503906 135.9412028491497
829 905 243.4209832567094 76.49741294014893
829 906 102.7200957469904 85.44266196178887
829 912 128.70230539660224 75.89448559157427
830 885 209.60970182242608 77.69507155983536
830 886 253.35346221923828 204.0926805225031
830 890 137.61438924476897 144.95396408683155
830 896 168.09702745079994 118.58085682615638
830 897 135.62450361205265 107.45292751479428
830 900 314.1394958496094 133.39061661809683
830 905 243.43858917550097 76.44241070305065
830 906 103.0924752835126 86.32656771242182
830 912 129.4423607248973 76.8999719075
831 885 209.61640823837556 77.68970371037267
831 886 258.7992477416992 207.5774627692208
831 890 139.25735208558763 148.03253861539997
831 896 170.45954525843263 121.24679567664862
831 897 136.56078804749995 108.93642805676792
831 900 309.3172912597656 130.9567212983966
831 905 243.44261060424105 76.38299825878062
831 906 103.47331833044882 87.23373042055664
831 912 130.23097970821254 77.94768480670973
832 885 209.623114654325 77.68500192102815
832 886 263.9784393310547 211.06224501593897
832 890 140.94425781916107 151.2398026761948
832 896 172.87040449120104 123.9829686395824
832 897 137.53448985982686 110.4748049143236
832 900 304.76226806640625 128.6438309699297
832 905 243.4330475429288 76.31917560733837
832 912 131.06816234655707 79.03762428920345
833 885 209.6298210702745 77.68096619180179
833 886 268.83336639404297 214.54702726265668
833 890 142.67510644548747 154.58005300874356
833 896 175.32163798995316 126.78168611228466
833 897 138.5461414991878 112.07022383614094
833 900 300.4799499511719 126.45434238016604
833 905 243.4098999915641 76.25094274872458
833 912 131.95390863992725 80.16979035497934
834 885 209.63652748622397 77.67759652269368
834 886 273.3090286254883 218.0318095093744
834 890 144.44989796456684 158.05758635146776
834 896 177.80442655459046 129.6342485882342
834 897 139.59611391834915 113.72485057081212
834 900 296.464599609375 124.3887351155281
834 905 243.37316795014883 76.17829968293881
834 912 132.88821858832125 81.34418300403922
835 885 209.6432339021734 77.67489291370376
835 886 277.3556823730469 221.5165917560921
835 890 146.26863237640282 161.6766994437785
835 896 180.3090989813209 132.5309466868639
835 897 140.68461660528556 115.4408508670458
835 900 292.6999206542969 122.44557140022516
835 905 243.32285141868036 76.10124640998106
835 906 105.0964793072053 91.09495082810008
835 912 133.8710921917409 82.56080223638128
836 885 209.64994031812287 77.67285536483197
836 886 280.9293975830078 225.00137400281028
836 890 148.1313096809954 165.44168902403908
836 896 182.82513199932876 135.46106111258268
836 897 141.8116975449957 117.22039047340512
836 900 289.1611328125 120.62149633467196
836 905 243.25895039716036 76.01978292985177
836 906 105.53100516997802 92.11839832373788
836 912 134.90252945018256 83.81964805200732
837 885 209.65664673407232 77.67148387607841
837 886 283.99436950683594 228.486156249528
837 890 150.03792987834095 169.3568518316024
837 896 185.34115035273132 138.4128627292812
837 897 142.97724325675517 119.06563513859874
837 900 285.8150939941406 118.91123767197132
837 905 243.181464885588 75.93390924255027
837 912 135.98253036365168 85.12072045091554
838 885 209.6633531500218 77.67077844744307
838 886 286.5243453979492 231.9709384962457
838 890 151.98849296843764 173.4264846049482
838 896 187.84492673538625 141.3736124485731
838 897 144.18097876524553 120.97875061121886
838 900 282.6238708496094 117.30760598927736
838 905 243.0903948839632 75.84362534807678
838 912 137.11109493214644 86.46401943311139
839 885 209.6700595659713 77.67073907892586
839 886 288.50496673583984 235.45572074296388
839 890 153.98299895129276 177.65488408348756
839 896 190.32338181696832 144.32956136018038
839 897 145.42246761592105 122.96190263982862
839 900 279.5455017089844 115.8014945462346
839 905 242.98574039228697 75.74893124643154
839 912 138.28822315566686 87.84954499858577
840 885 209.67676598192077 77.6713657705269
840 886 289.93509674072266 238.9405029896816
840 890 156.02144782690266 182.04634700570023
840 896 192.7625842671841 147.2659506238997
840 897 146.70111187268049 125.01725697319488
840 900 276.53778076171875 114.38187938183546
840 905 242.8675014105584 75.64982693761476
840 906 107.4067816232564 96.44475788129604
840 912 139.51391503420746 89.27729714734414
841 885 209.68347239787025 77.67265852224614
841 886 290.8297424316406 242.4252852363993
841 890 158.10383959526553 186.60517011082263
841 896 195.1477506626397 150.16701152920723
841 897 148.01615210808814 127.14697935973528
841 900 273.5611267089844 113.03581925481558
841 905 242.73567793877737 75.54631242162577
841 906 107.913932408439 97.58449016443774
841 912 140.78817056777734 90.7472758793865
842 885 209.69017881381967 77.67461733408354
842 886 291.2215118408203 245.91006748311747
842 890 160.23017425638136 191.335650137451
842 896 197.4632456377149 153.01596546173096
842 897 149.36666742525995 129.3532355481875
842 900 270.5824890136719 111.74845576286316
842 905 242.5902699769449 75.4383876984648
842 906 108.43788123091508 98.7474794050795
842 912 142.11098975637287 92.25948119471104
843 885 209.69688522976915 77.67724220603912
843 886 291.1635513305664 249.3948497298352
843 890 162.4004518102538 196.24208382470533
843 896 199.69258173182607 155.7950239367783
843 897 150.7515754303895 131.63819128731848
843 900 267.5785522460937 110.50301313400269
843 905 242.43127752506007 75.32605276813229
843 906 108.97938577493188 99.93372560322224
843 912 143.48237259999223 93.81391309331777
844 885 209.7035916457186 77.6805331381129
844 886 290.7314224243164 252.8796319765529
844 890 164.61467225688284 201.3287679113564
844 896 201.8184194918722 158.48538857325912
844 897 152.16963225696236 134.00401232560398
844 900 264.541015625 109.28079844266176
844 905 242.25870058312464 75.20930763062756
844 906 109.53920372475112 101.14322875886592
844 912 144.90231909863542 95.41057157520844
845 885 209.71029806166808 77.68449013030491
845 886 290.02591705322266 256.3644142232706
845 890 166.87283559626485 206.59999913658248
845 896 203.8225674331188 161.06725111231208
845 897 153.6194325434044 136.45286441178175
845 900 261.4811706542969 108.06120143085718
845 905 242.072539151136 75.08815228595108
845 906 110.1180927646492 102.37598887201057
845 912 146.37082925230425 97.04945664038314
846 885 209.71700447761756 77.68911318261505
846 886 289.17588806152344 259.8491964699888
846 890 169.174941828398 212.06007423903796
846 896 205.685982035473 163.5197933986783
846 897 155.0994094577618 138.98691329429855
846 900 258.4347839355469 106.82169470191002
846 905 241.8727932290949 74.96258673410284
846 906 110.71681057888782 103.63200594265528
846 912 147.88790306100054 98.73056828884
847 885 209.72371089356704 77.69440229504343
847 886 288.34037017822266 263.3339787167065
847 890 171.52099095328958 217.71328995766817
847 896 207.3887677770108 165.8211873844266
847 897 156.60783467674628 141.60832472186303
847 900 255.46798706054688 105.53783348202704
847 905 241.65946281700235 74.83261097508262
847 906 111.33611485172878 104.91127997080092
847 912 149.4535405247207 100.45390652058086
848 885 209.73041730951647 77.70035746759001
848 886 287.7124786376953 266.8187609634242
848 890 173.91098297093595 223.56394303153505
848 896 208.91017705574632 167.94859512895346
848 897 158.14281839784235 144.319264443242
848 900 252.6839599609375 104.1832558363676
848 905 241.43254791485745 74.6982250088904
848 906 111.9767632673902 106.21381095644756
848 912 151.0677416434628 102.21947133560388
849 885 209.73712372546595 77.70697870025475
849 886 287.5210952758789 270.3035432101424
849 890 176.34491788133528 229.6163301992929
849 896 210.2286102809012 169.8781688399613
849 897 159.70230933185667 147.12189820682397
849 900 250.22796630859372 102.72968254983424
849 905 241.19204852266105 74.55942883552666
849 906 112.6395135102357 107.53959889959424
849 912 152.7305064172324 104.0272627339109
850 885 209.7438301414154 77.71426599303771
850 886 288.0346221923828 273.7883254568601
850 890 178.82279568448757 235.87474820006173
850 896 211.3216158542782 171.585050791502
850 897 161.28409470664337 150.01839176146314
850 900 248.2953186035156 101.1469171270728
850 905 240.93796464041225 74.4162224549907
850 906 113.3251232644543 108.88864380024188
850 912 154.44183484602763 105.87728071550372
850 918 248.4479065 102.0670776
