1 1 437.6373882689703 608.5525584002858
1 2 561.3894860932692 556.7811741064102
1 3 743.8472414886319 522.0754342252792
1 4 216.4664736271881 382.7099711152871
1 5 931.2550015921628 218.79752048554343
1 6 69.35918808599435 202.0072404689768
1 7 529.686659438489 312.7978687678368
1 8 1093.8243694163898 462.9612182767524
1 9 138.13368029180202 252.76367889379924
2 1 437.6356028620011 608.5627713342
2 2 575.7491641376748 570.3102970522143
2 3 726.0433189699094 511.503586876345
2 4 216.4697843420126 382.7011865697257
2 5 931.0156498907902 218.75096334129515
2 6 69.16927036124257 200.85294633348744
2 7 528.1449342487315 310.87540283684706
2 8 1093.7622737042002 462.964220688414
2 9 139.52339087259654 252.4187265116981
3 1 437.633817455032 608.572868154562
3 2 590.8104287039337 583.8394199980186
3 3 708.7413954776837 501.1793603645674
3 4 216.47309505683708 382.6924020241644
3 5 930.806090954722 218.70582160615132
3 6 69.05138591224792 199.9771086074696
3 7 526.9150344673631 309.44845526340976
3 8 1093.7027208050297 462.9672231000756
3 9 140.9567652338354 252.28118743364348
4 1 437.63203204806297 608.5828488613716
4 2 607.0070164352857 597.3685429438227
4 3 691.9230088091324 491.09846100977296
4 4 216.4764057716616 382.683617478603
4 5 930.6242538361248 218.66207070446472
4 6 68.99939161805051 199.3508470758143
4 7 525.9656513361643 308.4421475780003
4 8 1093.645670242498 462.9702255117371
4 9 142.4324163714192 252.3318168501661
5 1 437.6302466410938 608.5927134546291
5 2 624.5755997012822 610.8976658896269
5 3 675.5709130489727 481.2566231235073
5 4 216.47971648648604 382.67483293304167
5 5 930.4681524042522 218.6196860605879
5 6 69.00741597885971 198.9470863491414
5 7 525.2669048914534 307.788466319828
5 8 1093.591081540226 462.97322792339867
5 9 143.94901915590015 252.55267067236176
6 1 437.6284612341248 608.6024619343342
6 2 643.5557865977856 624.426788835431
6 3 659.6689986537693 471.6496090090353
6 4 216.4830272013105 382.6660483874803
6 5 930.3358837097372 218.5786430988736
6 6 69.0698538027831 198.74048904724629
6 7 524.7903168087654 307.4259137038065
6 8 1093.538914221834 462.9762303350602
6 9 145.50531033248208 252.9270551837911
7 1 437.6266758271557 608.6120943004871
7 2 663.7901209469699 637.9559117812352
7 3 644.2022150719645 462.2732089613408
7 4 216.486337916135 382.65726384191896
7 5 930.225626348885 218.5389172436744
7 6 69.18136089255528 198.70739013009188
7 7 524.5087832475322 307.29916608142844
7 8 1093.4891278109428 462.9792327467218
7 9 147.10008852102047 253.43947761166663
8 1 437.62489042018655 608.6216105530876
8 2 684.9240822973194 651.4850347270394
8 3 629.1564958996298 453.1232412671263
8 4 216.4896486309595 382.6484792963576
8 5 930.1356388279664 218.50048391934305
8 6 69.3368487322667 198.82573237634568
8 7 524.3965476957609 307.3587401955427
8 8 1093.4416818311722 462.9822351583834
8 9 148.73221421602238 254.0755976173293
9 1 437.6231050132175 608.631010692136
9 2 706.4060859236305 665.0141576728436
9 3 614.5186865719386 444.1955522048139
9 4 216.492959345784 382.63969475079625
9 5 930.0642579275096 218.46331855023217
9 6 69.53147917409258 199.07500300946177
9 7 524.4291738147137 307.5606672290356
9 8 1093.396535806143 462.98523757004494
9 9 150.4006097866466 254.8221797060129
10 1 437.6213196062484 608.640294717632
10 2 727.4874828270104 678.5432806186477
10 3 600.276474590362 435.4860160445445
10 4 216.49627006060845 382.6309102052349
10 5 930.0098970665936 218.4273965606945
10 6 69.76065912502163 199.43617147130848
10 7 524.5835182835875 307.8661746474158
10 8 1093.3536492594758 462.9882399817065
10 9 152.10425947670353 255.66704655589692
11 1 437.61953419927926 608.6494626295757
11 2 747.2225597348772 692.0724035644519
11 3 586.4183222855838 426.990535048178
11 4 216.49958077543292 382.6221256596736
11 5 929.9710446671404 218.39269337508256
11 6 70.02003523358503 199.89162834334067
11 7 524.8377036441924 308.24137583530245
11 8 1093.3129817147908 462.99124239336805
11 9 153.8422094046552 256.59903326644843
12 1 437.6177487923102 608.6585144279671
12 2 764.4685391009608 705.601526510256
12 3 572.9334021161402 418.70503946929335
12 4 216.50289149025744 382.6133411141122
12 5 929.9462625182088 218.35918441774916
12 6 70.30548857658519 200.42512541531727
12 7 525.1710911456317 308.65696752681686
12 8 1093.2744926957084 462.9942448050296
12 9 155.61356756361522 257.60794252605126
13 1 437.6159633853411 608.6674501128063
13 3 559.8115345027778 410.6254875531887
13 4 216.5062022050819 382.6045565685508
13 5 929.9341841402858 218.3268451130469
13 6 70.61312934582463 201.02171690156425
13 7 525.5642535889812 309.08793502987754
13 8 1093.2381417258491 462.9972472166912
13 9 157.41750382134896 258.6845006989248
14 1 437.614177978372 608.6762696840932
14 3 547.0431281985362 402.7478655368811
14 4 216.5095129199064 382.5957720229895
14 5 929.93351314958 218.2956508853284
14 6 70.93929153483482 201.66770180478227
14 7 525.998948171968 309.5132652443992
14 8 1093.2038883288335 463.0002496283528
14 9 159.2532499202733 259.82031483133045
15 1 437.6123925714029 608.6849731418278
15 3 534.6191231945506 395.06818764910656
15 4 216.5128236347309 382.5869874774281
15 5 929.9430216223144 218.2655771589464
15 6 71.28052762560503 202.35056742740005
15 7 526.4580893336505 309.9156674743947
15 8 1093.171692028282 463.00325204001433
15 9 161.12009947745685 261.00783057706684
15 17 1142.3942532946526 707.7391036712934
15 18 171.69687945682966 228.41486196783657
16 1 437.61060716443376 608.69356048601
16 3 522.530936161576 387.5824961103204
16 4 216.51613434955536 382.5782029318668
16 5 929.9615484590194 218.2365993582535
16 6 71.63360327531117 203.05893403047224
16 7 526.9257215990974 310.28130203398126
16 8 1093.1415123478148 463.0062544516759
16 9 163.01740798461978 262.2402910422533
16 17 1120.601285867032 701.0053280826007
16 18 176.82497340352353 232.06901390269445
17 1 437.6088217574647 608.70203171664
17 3 510.77040842723386 380.2868611326968
17 4 216.51944506437985 382.5694183863054
17 5 929.9879977488248 218.20869290760243
17 6 71.99549200304465 203.78250064012275
17 7 527.386992424067 310.5995166472891
17 8 1093.1133088110528 463.00925686333744
17 9 164.944592808134 263.511696549402
17 17 1099.0380239507745 693.5596343427605
17 18 181.86882719946897 235.5016821593634
18 1 437.6070363504956 608.7103868337178
18 3 499.3297564889797 373.1773809201288
18 4 216.52275577920437 382.56063384074406
18 5 930.0213371337528 218.18183323134585
18 6 72.3633698765412 204.5119920015336
18 7 527.8281250396865 310.8625906422745
18 8 1093.087040941616 463.0122592749991
18 9 166.90113318902294 264.816765320778
18 17 1077.7466075648574 685.5132872402929
18 18 186.8401069252844 238.7812335657721
19 1 437.60525094352647 608.7186258372433
19 3 488.2015250627926 366.250181668229
19 4 216.5260664940288 382.5518492951827
19 5 930.0605961730114 218.1559957538364
19 6 72.73461019890976 205.23910668047796
19 7 528.2363912971316 311.0654869384361
19 8 1093.0626682631248 463.0152616866606
19 9 168.88657024296174 266.1508950810487
19 17 1056.7647982052529 676.9688412351818
19 18 191.75047866158823 241.9661704387829
19 25 248.02268461058853 701.5057756753885
20 1 437.6034655365574 608.7267487272164
20 3 477.3785426675864 359.50141756432856
20 4 216.5293772088533 382.54306474962135
20 5 930.1048647072862 218.13115589942672
20 6 73.10677819536129 205.95646631239933
20 7 528.6000845123056 311.2056118284348
20 8 1093.0401502992 463.01826409832216
20 9 170.9005069602772 267.51012557922047
20 17 1036.1262064846685 668.0205417512344
20 18 196.61160848899905 245.10602183426272
20 25 247.29710235728092 700.7516606206832
21 1 437.6016801295883 608.7347555036373
21 3 466.8538797453426 352.92727078747794
21 4 216.53268792367777 382.53428020406
21 5 930.153291223034 218.1072890924695
21 6 73.4776256999376 206.65756599903528
21 7 528.9084923105186 311.2825825536165
21 8 1093.019446573462 463.0212665099837
21 9 172.9426082059477 268.8911020298648
21 17 1015.860514444432 658.7547178056315
21 18 201.4351624881352 248.24219882472465
21 25 246.57663893971025 700.1529146604906
22 1 437.5998947226192 608.7426461665059
22 3 456.620809316964 346.52395150844643
22 4 216.53599863850224 382.5254956584986
22 5 930.2050812167744 218.08437075731743
22 6 73.84508584224028 207.3367258525864
22 7 529.1518694711673 311.2980026734395
22 8 1093.0005166095311 463.0242689216453
22 9 175.01260071960323 270.2910394736321
22 17 995.993692538525 649.2501659756656
22 18 206.23280673961528 251.40881380454124
22 25 245.8612943578763 699.6757741031994
23 1 437.5981093156501 608.7504207158222
23 3 446.67277017385175 340.2876978897227
23 4 216.5393093533268 382.5167111129373
23 5 930.2594955593844 218.06237631832315
23 6 74.20726773415946 207.9890436874305
23 7 529.3214107724139 311.2552452288044
23 8 1092.9833199310278 463.0272713333069
23 9 177.11027311552553 271.7076880570546
23 17 976.548211289756 639.5785257026687
23 18 211.0162073240576 254.633463822728
23 25 245.1510686117792 699.2889304117284
24 1 437.596323908681 608.7580791515862
24 3 437.003332605202 334.21477608551413
24 4 216.5426200681512 382.50792656737593
24 5 930.3158488603884 218.0412811998393
24 6 74.56245115660269 208.61034885938207
24 7 529.4092238358655 311.159243699288
24 8 1092.9678160615724 463.0302737449685
24 9 179.23547588264785 273.13929923163704
24 17 957.543247618081 629.8046459331287
24 18 215.7970303220808 257.9379779432978
24 25 244.44596170141887 698.9635302035272
25 1 437.5945385017119 608.7656214737981
25 3 427.6061666610257 328.3014802417473
25 4 216.5459307829757 382.4991420218146
25 5 930.3735078322546 218.0210608262186
25 6 74.90908124622379 209.19715725249648
25 7 529.4083019712538 311.0162907542809
25 8 1092.9539645247855 463.03327615663
25 9 181.38812138455523 274.5845928722361
25 17 938.9948858410708 619.9869430969951
25 18 220.58694181430317 261.3391286331867
26 1 437.5927530947428 608.7730476824576
26 3 418.47501295088966 322.5441324960678
26 4 216.5492414978002 382.4903574762532
26 5 930.431889654684 218.00169062181365
26 6 75.24576318215168 209.74662741341976
26 7 529.3124970211137 310.83384479802777
26 8 1092.9417248442876 463.0362785682916
26 9 183.56818385948412 276.0427253147285
26 17 920.916313346519 610.1777504231742
26 18 225.39760788134325 264.8493071777489
27 1 437.59096768777374 608.7803577775647
27 3 409.6036559783783 316.93908297784026
27 4 216.55255221262468 382.4815729306919
27 5 930.4904603389052 217.9831460109772
27 6 75.57125687271926 210.25651783328323
27 7 529.1164922054636 310.6203443085721
27 8 1092.931056543699 463.0392809799532
27 9 185.7756994203229 277.513258312967
27 17 903.3180109371992 600.4236585922125
27 18 230.2406946038196 268.47716312382664
27 25 242.3613539847589 698.104283970992
28 1 437.5891822808046 608.7875517591197
28 3 400.98590001127855 311.4827098081484
28 4 216.5558629274492 382.4727883851305
28 5 930.5487330919676 217.9654024180618
28 6 75.88447164219224 210.7251453771434
28 7 528.8157749664837 310.3850299706039
28 8 1092.9219191466402 463.0422833916147
28 9 188.0107660546113 278.9961289150252
28 17 886.2079378477633 590.7658477261695
28 18 235.12786806235053 272.22820775038554
28 25 241.6767224173459 697.7852269609724
29 1 437.58739687383553 608.7946296271223
29 3 392.6155474874852 306.1714190997949
29 4 216.5591736422737 382.4640038395692
29 5 930.6062666810326 217.94843526742025
29 6 76.18446091749794 211.15134486096704
29 7 528.406609813196 310.13777460221115
29 8 1092.9142721767316 463.0452858032763
29 9 190.2735436245409 280.49162025873056
29 17 869.591711433788 581.2404107156793
29 18 240.07079433755464 276.1053815667251
29 25 240.9972096856697 697.4201738394263
30 1 437.58561146686645 608.8015913815725
30 3 384.4863799566287 301.00164495730155
30 4 216.56248435709813 382.4552192940078
30 5 930.662663797667 217.93221998340508
30 6 76.47041691495423 211.5344297761612
30 7 527.8860111661437 309.88892087553427
30 8 1092.9080751575937 463.0482882149378
30 9 192.56425386695489 282.0003332864862
30 17 853.4727815329638 571.8786678842035
30 18 245.08113951005032 280.1095858382581
30 25 240.3228157897303 696.9950021509857
31 1 437.5838260598973 608.8084370224706
31 3 376.5921415574236 295.9698494769092
31 4 216.56579507192265 382.4464347484465
31 5 930.7175694221364 217.91673199036904
31 6 76.74166532699829 211.8741541616485
31 7 527.25171620207 309.6491268313251
31 8 1092.903287612847 463.0512906265994
31 9 194.88318039334783 283.5231593793806
31 17 837.8525994984295 562.7074729894679
31 18 250.17056966045604 284.24017813986137
31 25 239.6535407295277 696.4980445948132
32 1 437.5820406529282 608.8151665498164
32 3 368.92652503073975 291.07252274657765
32 4 216.5691057867471 382.4376502028851
32 5 930.7706691876969 217.9019467126648
32 6 76.99766000891553 212.17067562348785
32 7 526.5021576985979 309.42921918740825
32 8 1092.8998690661117 463.054293038261
32 9 197.2306686898664 285.0612539105863
32 17 822.730781904253 553.7495105620939
32 18 255.3507508693903 288.49543193679733
32 25 238.989384505062 695.9200890246019
33 1 437.5802552459592 608.8217799636099
33 3 361.48316026839456 286.30618284598586
33 4 216.5724165015716 382.4288656573237
33 5 930.8216877448882 217.88783957464491
33 6 77.23797766556837 212.4245195020396
33 7 525.6364368789092 309.24005444104665
33 8 1092.8977790410086 463.05729544992255
33 9 199.60712611730844 286.6160107180463
33 17 808.1052689230545 545.0235845814169
33 18 260.6333492174715 292.87296019320706
33 25 238.33034711633303 695.2543784485753
34 1 437.57846983899 608.8282772638511
34 3 354.25560539766656 281.6673758465316
34 4 216.57572721639607 382.4200811117624
34 5 930.8703871258272 217.8743860006622
34 6 77.46231253812512 212.63654418667647
34 7 524.6542962564241 309.09238776521045
34 8 1092.8969770611577 463.0602978615841
34 9 202.0130219111237 288.1890374964498
34 17 793.9724773757766 536.5448984884915
34 18 266.0300307853182 297.37010300817224
34 25 237.67642856334092 694.496611029487
35 1 437.57668443202095 608.83465845054
35 3 347.2373404015313 277.15267581133213
35 4 216.5790379312205 382.411296566201
35 5 930.9165651084992 217.86156141506927
35 6 77.67047109078882 212.8079075780396
35 7 523.5560924794805 308.9967496987497
35 8 1092.89742265018 463.06330027324566
35 9 204.4488871814136 289.78213210849583
35 17 780.3274484535987 528.3253265362895
35 18 271.55246165354885 301.98427927935154
35 25 237.02762884608563 693.6449400846217
36 1 437.5748990250519 608.8409235236767
36 3 340.4217632746183 272.7586847952233
36 4 216.58234864604503 382.4025120206397
36 5 930.960053581052 217.84934124221877
36 6 77.86236669752611 212.94003469783917
36 7 522.342769176013 308.9633306304694
36 8 1092.8990753316957 463.0663026849072
36 9 206.9153149129309 291.3972598154448
36 17 767.163990111996 520.3736764770838
36 18 277.21230790278184 306.7133023941843
36 25 236.3839479645672 692.6999740857941
37 1 437.57311361808274 608.847072483261
37 3 333.8021887148902 268.48203284476017
37 4 216.58565936086956 382.3937274750783
37 5 931.0007169060872 217.8377009064633
37 7 521.0158297982327 309.0018730771099
37 8 1092.9018946293247 463.0693050965688
37 9 209.4129599650804 293.03653142695987
37 17 754.4748141369433 512.6959435870243
37 18 283.02123561363567 311.55565994866663
38 1 437.57132821111367 608.853105329293
38 3 327.37184935104284 264.3193779982169
38 4 216.588970075694 382.38494292951697
38 5 931.0384502849554 217.8266158321556
38 7 519.5773104673062 309.1215717552293
38 8 1092.905840066688 463.0723075082304
38 9 211.94253907191825 294.70218237023533
38 17 742.2516678832648 505.2955560278994
38 18 288.9909108667289 316.51075749369886
39 1 437.5695428041446 608.8590220617729
39 3 321.1238995056277 260.2674062855867
39 4 216.5922807905185 382.3761583839556
39 5 931.073178122046 217.8160614436484
39 7 518.0297528180351 309.3309814469898
39 8 1092.9108711674064 463.075309919892
39 9 214.50483084215227 296.3965526784145
39 17 730.4854606851268 498.1736115460896
39 18 295.13299974267983 321.57912630900256
40 1 437.56775739717546 608.8648226807004
40 3 315.05142149389525 256.32283172858166
40 4 216.59559150534295 382.3673738383943
40 5 931.1048523890818 217.80601316529425
40 6 78.46903144308456 213.1123126756752
40 7 516.3761768435353 309.6379326598481
40 8 1092.9169474550995 463.0783123315535
40 9 217.1006757591421 298.1220678982949
40 17 719.1663849386775 491.32910550870986
40 18 301.459168322107 326.7625952046104
41 1 437.5659719902064 608.8705071860755
41 3 309.1474344583605 252.48239634063304
41 4 216.59890222016745 382.3585892928329
41 5 931.1334509894112 217.79644642144584
41 6 78.58168284243385 213.07686027748943
41 7 514.6200537399162 310.04945508014816
41 8 1092.9240284533887 463.0813147432151
41 9 219.73097618089875 299.8812209173233
41 17 708.2840318568302 484.759150276937
41 18 307.98108268562896 332.06442634992493
41 25 233.24232609302703 686.7688756128723
42 1 437.5641865832373 608.8760755778985
42 3 303.4049057390901 248.7428701268913
42 4 216.60221293499197 382.3498047472715
42 5 931.1589761223012 217.78733663645588
42 6 78.67949910150713 213.01466201999824
42 7 512.7652787509602 310.5717088206189
42 8 1092.9320736858936 463.0843171548767
42 9 222.3966963400851 301.6765547098778
42 17 697.827501896192 478.459185916533
42 18 314.71040891386406 337.4894151303492
42 25 232.62935822592948 685.4144058520874
43 1 437.56240117626817 608.8815278561691
43 3 297.81676477971075 245.1010510842255
43 4 216.60552364981643 382.3410202017101
43 5 931.18145264723 217.77865923467695
43 6 78.76299319102378 212.92820224061583
43 7 510.8161440128019 311.2099234617741
43 8 1092.9410426762347 463.0873195665382
43 9 225.0988623440156 303.51064600283905
43 17 687.7855098561365 472.4231822455508
43 18 321.6588130874309 343.0439540314881
43 25 232.02150919456875 684.0396446668968
44 1 437.5606157692991 608.8868640208875
44 3 292.3759195691392 241.55376520122425
44 4 216.6088343646409 382.3322356561488
44 5 931.2009264481792 217.77038964046184
44 6 78.83274248529759 212.8200145878589
44 7 508.7773113986076 311.96834488721663
44 8 1092.950894948033 463.09032197819977
44 9 227.83856217465615 305.3860898604503
44 17 678.1464846500237 466.6438322192329
44 18 328.8379612869477 348.7360605509202
45 1 437.55883036233 608.8920840720536
45 3 287.07527561903487 238.09786645819477
45 4 216.6121450794654 382.3234511105874
45 5 931.2174627979276 217.7625032781631
45 6 78.8893834489655 212.69265995905343
45 7 506.6537853632546 312.8501899128456
45 8 1092.9615900249084 463.0933243898613
45 9 230.61694568862464 307.3054851884648
45 17 668.8986637485611 461.1127366520996
45 18 336.25951959303313 354.57536913754217
46 1 437.5570449553609 608.8971880096674
46 3 281.9077574769723 234.73023682716365
46 4 216.61545579428983 382.3146665650261
46 5 931.2311447223432 217.75497557213347
46 6 78.93360632371649 212.5487055855875
46 7 504.4508857880102 313.8576087099679
46 8 1092.973087430482 463.0963268015229
46 9 233.43522461719036 309.2714211575821
46 17 660.0301822953141 455.8205802772221
46 18 343.9351540863057 360.5730871584798
47 1 437.5552595483918 608.902175833729
47 3 276.8663327753373 231.44778627187637
47 4 216.61876650911435 382.3058820194647
47 5 931.2420713646756 217.74778194672555
47 6 78.96614981502051 212.39070526570856
47 7 502.17422082521153 314.99165502231244
47 8 1092.9853466883733 463.0993292131845
47 9 236.29467256627413 311.2864645461738
47 17 651.5291568943574 450.7572991426887
47 18 351.8765308473837 366.7419148935771
48 1 437.5534741414226 608.9070475442381
48 3 271.94403881594326 228.2474527477974
48 4 216.62207722393885 382.29709747390336
48 5 931.2503563498506 217.74089782629207
48 6 78.98779577885719 212.22118074486607
48 7 499.8296597429444 316.2522641769474
48 8 1092.9983273222035 463.1023316248461
48 9 239.1966250164488 313.3531480022958
48 17 643.383764070072 445.9122393452587
48 18 360.09531595688577 373.0959295574493
49 1 437.5516887344536 608.9118031411952
49 3 267.1340116903693 225.12620220211045
49 4 216.6253879387633 382.288312928342
49 5 931.2561261487604 217.73429863518564
49 6 78.99936390844476 212.0426042435996
49 7 497.4233057697232 317.6382388891038
49 8 1093.0119888555928 463.1053340365076
49 9 242.1424793229384 315.4739592249905
49 17 635.5823133990921 441.2743071012068
49 18 368.60317549543015 379.6504333491088
50 1 437.5499033274845 608.9164426245998
50 3 262.42951793602055 222.081028573718
50 4 216.6286986535878 382.2795283827807
50 5 931.259518442558 217.72795979775896
50 6 79.0017064209689 211.8573821329716
50 7 494.96146893916966 319.1472428608976
50 8 1093.0262908121615 463.1083364481692
50 9 245.1336947156189 317.6513310648769
50 17 628.113315314386 436.8321101543503
50 18 377.4117755436356 386.4217655291653
51 1 437.5481179205154 608.9209659944522
51 3 257.8239887279099 219.10895379324188
51 4 216.6320093684123 382.2707438372193
51 5 931.2606804869496 217.72185673836464
51 6 78.99570274431156 211.6678397575455
51 7 492.4506389346925 320.7758021739606
51 8 1093.0411927155303 463.1113388598307
51 9 248.17179229901788 319.8876325440289
51 17 620.9655435814966 432.5740905212768
51 18 386.5327821821203 393.4270785245927
51 25 227.3429950302082 675.2566113251653
51 36 246.94590760000008 318.57058719999986
52 1 437.5463325135463 608.9253732507523
52 3 253.311056606161 216.20702778302268
52 4 216.6353200832368 382.26195929165794
52 5 931.2597674764868 217.71596488135543
52 6 78.9822542037798 211.4762074059091
52 7 489.89745793416654 322.5193144759723
52 8 1093.0566540893196 463.1143412714923
52 9 251.25835505231444 322.1851607951427
52 17 614.1280924469122 428.4886485737465
52 18 395.97786149150295 400.684078061068
52 25 226.7812155204788 674.905082726605
52 36 249.6186829 320.73394779999995
52 38 883.6291197765245 667.7585566548105
53 1 437.5445471065772 608.9296643935
53 3 248.88459473923365 213.37232845712023
53 4 216.63863079806129 382.2531747460966
53 5 931.2569409088608 217.710259651084
53 6 78.96227870883469 211.28460742874265
53 7 487.30869345461247 324.3720659610929
53 8 1093.07263445715 463.1173436831539
53 9 254.39502782933943 324.5461339199916
53 17 607.5904284585934 424.5642584583011
53 18 405.7586795524019 408.2107273228815
53 25 226.22455484648623 674.8462417380933
53 38 858.3305757964988 653.0974688202114
54 1 437.5427616996081 608.9338394226957
54 3 244.5387587228695 210.6019617213134
54 4 216.64194151288572 382.2443902005352
54 5 931.2523669491932 217.70471647190288
54 6 78.93670543982012 211.0950425044328
54 7 484.69121119687566 326.3272561443062
54 8 1093.0890933426413 463.1203460948154
54 9 257.58351735857525 326.97268476717045
54 17 601.3424369586353 420.7895748530411
54 18 415.8869024454356 416.0249151404203
54 25 225.67301300823047 675.1248896129935
54 38 833.5587972058464 638.3897598984013
55 1 437.540976292639 608.9378983383389
55 3 240.2680309147612 207.89306147309983
55 4 216.64525222771024 382.2356056549739
55 5 931.2462147943298 217.69931076816488
55 6 78.90646953469165 210.90938505223104
55 7 482.0519478903058 328.37703042965904
55 8 1093.1059902694144 463.123348506477
55 9 260.82559224315594 329.46685562912774
55 17 595.3744632480855 417.1535310616137
55 18 426.37419625122254 424.1440882052145
55 38 809.3433026664067 623.7275105553517
56 1 437.53919088566994 608.9418411404298
56 3 236.06726730494145 205.24278960169664
56 4 216.6485629425347 382.2268211094125
56 5 931.2386550371338 217.69401796422255
56 6 78.87250677574531 210.7293677929574
56 7 479.39788413743617 330.5125204724087
56 8 1093.12328476109 463.12635091813854
56 9 264.12308296086724 332.0305938584859
56 17 589.6773484238978 413.64542844436914
56 18 437.2322270503812 432.5848473125676
56 38 785.7116584299283 609.1948052096031
57 1 437.5374054787008 608.9456678289686
57 3 231.93174692189496 202.64833598803955
57 4 216.6518736573592 382.2180365638512
57 5 931.2298580307776 217.68881348442864
57 6 78.83574827634658 210.55657545724952
57 7 476.7360172586629 332.7238923350725
57 8 1093.140936341288 463.12935332980015
57 9 267.47788186414647 334.66574840365087
57 17 584.2424598880318 410.25501718672336
57 18 448.4726609235301 441.36250763174513
57 38 762.6894783380689 594.867992756971
58 1 437.5356200717317 608.9493784039549
58 3 227.85722377439092 200.10691850478375
58 4 216.65518437218367 382.2092520182898
58 5 931.2199922530356 217.68367275313585
58 6 78.79711516765903 210.39243764135708
58 7 474.07333413692425 335.0004024373811
58 8 1093.158904533629 463.1323557414617
58 9 270.8919431800827 337.3740672637097
58 17 579.0617165287076 406.9725684046994
58 18 460.1071639512876 450.49062300374
58 38 740.3004238223921 580.815947295252
59 1 437.53383466476265 608.952972865389
59 3 223.83998132903832 197.6157830163031
59 4 216.65849508700816 382.20046747272846
59 5 931.209222670578 217.67857119469667
59 6 78.75751328537345 210.2382228104804
59 7 471.4167840623804 337.3304613001334
59 8 1093.177148861734 463.13535815312326
59 9 274.3672830104165 340.157195862616
59 17 574.127608573788 403.78893758766014
59 18 472.1474022142722 459.98047426660986
59 38 718.5662039043734 567.1003288488655
60 1 437.5320492577935 608.9564512132708
60 3 219.8768895235621 195.1722033786908
60 4 216.66180580183263 382.1916829271671
60 5 931.1977091032624 217.67348423346397
60 6 78.71782785643637 210.09503344965492
60 7 468.7732515770919 339.70170508295945
60 8 1093.1956288492224 463.1383605647848
60 9 277.90597933154004 343.0166763426647
60 17 569.4332121163197 400.6956193782336
60 18 484.6050417931024 469.8405216083794
60 38 697.5065751953941 553.7758440936004
60 44 78.11796110491102 157.149961804743
61 1 437.5302638508245 608.9598134476005
61 3 215.9654643158008 192.7734814397588
61 4 216.66511651665712 382.18289838160575
61 5 931.1856045884268 217.66838729379023
61 6 78.67891818577914 209.96380236218144
61 7 466.1495293197 342.10107491598126
61 8 1093.2143040197157 463.1413629764464
61 9 281.5101719944974 345.9539477772553
61 17 564.972198312217 397.68479368942
61 18 497.49174876839663 480.0758209475225
61 38 677.1393418967442 540.8905070812771
61 44 80.13483899457505 158.7059270964991
62 1 437.52847844385536 608.9630595683777
62 3 212.10392976842627 190.4169470390383
62 4 216.6684272314816 382.1741138360444
62 5 931.173053745183 217.66325580002825
62 6 78.64161234304675 209.8452901155997
62 7 463.55229087010525 344.5149040253812
62 8 1093.2331338968336 463.144365388108
62 9 285.182062724984 348.97034730294183
62 17 560.7388372500823 394.74936315889965
62 18 510.8191892207734 490.6874043410066
62 38 657.480355799624 528.4858999644448
62 44 82.1613306433427 160.26189238825518
63 1 437.52669303688623 608.9661895756027
63 3 208.29128266938528 188.09995800777955
63 4 216.67173794630608 382.16532929048304
63 5 931.1601911387085 217.65806517653067
63 6 78.60670184932656 209.74008363520915
63 7 460.9880635941471 346.9290126528747
63 8 1093.2520780041968 463.1473677997696
63 9 288.923915123347 352.06711217077446
63 17 556.7279964931834 391.882981940512
63 18 524.5990292308511 501.6716244199169
63 38 638.5435162851395 516.5974337210728
63 44 84.19743605121396 161.81785768001126
64 1 437.5249076299172 608.9692034692754
64 3 204.52735968806155 185.81990016895173
64 4 216.67504866113055 382.1565447449217
64 5 931.1471396445394 217.6527908476501
64 6 78.57493636387726 209.6485959451332
64 7 458.4632014882835 349.3288107690787
64 8 1093.271095865426 463.1503702114311
64 9 292.7380546645853 355.24538271692563
64 17 552.9351342935646 389.0800758329463
64 18 538.8429348792483 513.0194628526349
64 38 620.3407703243074 505.25460887925146
64 44 86.24315521818885 163.3738229717673
65 1 437.5231222229481 608.9721012493958
65 3 200.8129070671612 183.57418733724307
65 4 216.67835937595507 382.14776019936033
65 5 931.1340088128638 217.64740823773928
65 6 78.5470183708577 209.57106705692965
65 7 455.98385802426935 351.6994085807954
65 8 1093.290147004141 463.1533726230927
65 9 296.62686869834926 358.50620625260814
65 17 549.3562874783117 386.33585374559993
65 18 553.5625722465834 524.7158028356168
65 38 602.8821124780525 494.48127624186327
65 44 88.29848814426732 164.9297882635234
66 1 437.5213368159789 608.9748829159639
66 3 197.1496528503186 181.36026131906107
66 4 216.68167009077956 382.138975653799
66 5 931.120893232814 217.6418927711508
66 6 78.52359786605564 209.507566005746
66 7 453.5559589938372 354.0257348321916
66 8 1093.3091909439631 463.1563750347543
66 9 300.592806448941 361.850541873279
66 17 545.9880540079545 383.6463105016394
66 18 568.7696074134749 536.7386656117089
66 38 586.1755848972059 484.2958976113041
66 44 90.36343482944945 166.48575355527947
67 1 437.51955140900986 608.9775484689798
67 3 193.5403816454232 179.1755919125319
67 4 216.68498080560403 382.1301911082376
67 5 931.107870896759 217.63621987223732
67 6 78.50526704361671 209.45799403401892
67 7 451.18517535337503 356.2926628998787
67 8 1093.328187208512 463.1593774464158
67 9 304.6383790153143 365.279266187134
67 17 542.8275702070193 381.0082209782447
67 18 584.4757064605412 549.0584110160529
67 38 570.2272773225087 474.7118065141567
67 44 92.43799527373515 168.04171884703553
68 1 437.51776600204073 608.9800979084433
68 3 189.98901192366972 177.01767690750114
68 4 216.6882915204285 382.1214065626762
68 5 931.095001564598 217.6303649653516
68 6 78.4925549827733 209.4220889227212
68 7 448.876896068607 358.4851446819093
68 8 1093.3470953214085 463.1623798580774
68 9 308.7661593710744 368.7931799628881
68 17 539.8724826667262 378.4191255840474
68 18 600.6925354684008 561.6369020495721
68 38 555.0413270846134 465.7374689258641
68 44 94.52216947712448 169.5976841387916
69 1 437.51598059507165 608.9825312343546
69 3 186.50067585432976 174.88404208553305
69 4 216.691602235253 382.1126220171149
69 5 931.082325128052 217.62430347484624
69 6 78.4859223345732 209.39943047015143
69 7 446.6362009592716 360.5883522806622
69 8 1093.365874806273 463.1653822697389
69 9 312.9787823644783 372.3930156968468
69 17 537.120914819827 375.87730707374885
69 18 617.4317605176722 574.4266334799996
69 38 540.6199191040748 457.37674399547177
69 44 96.61595743961742 171.1536494305477
70 1 437.5141951881026 608.9848484467136
70 3 183.08180167524267 172.77224121991128
70 4 216.69491295007748 382.1038374715536
70 5 931.0698599749584 217.6180108250739
70 6 78.4857560086086 209.38944711827017
70 7 444.46783354380216 362.5878274796386
70 8 1093.384485186726 463.1683846814005
70 9 317.2789447184348 376.07944609926506
70 17 534.5714281875885 373.3817586999392
70 18 634.7050476889739 587.3698244705026
70 38 526.96328589136 449.6291447702788
70 44 98.71935916121396 172.70961472230377
71 1 437.51240978113344 608.9870495455203
71 3 179.7401985990315 170.6798560756382
71 4 216.69822366490197 382.0950529259922
71 5 931.0576013535616 217.61146244038727
71 6 78.49236385974494 209.39142372657972
71 7 442.3761738840048 364.46963901416575
71 8 1093.4028859863874 463.1713870930621
71 9 321.669405030504 379.853093499993
71 17 532.2229782989316 370.9321437020957
71 18 652.5240630629243 600.3974752358694
71 38 514.0697075468445 442.4900989205335
71 44 100.83237464191416 174.26558001405982
72 1 437.5106243741644 608.9891345307748
72 3 176.48514425503845 168.60449640943557
72 4 216.70153437972644 382.08626838043085
72 5 931.0455197368073 217.60463374513895
72 6 78.50596937484971 209.40451049355227
72 7 440.3652114297393 366.2205476359897
72 8 1093.4210367288786 463.1743895047237
72 9 326.1529837728979 383.7145401734128
72 17 530.0748652816968 368.5287461327773
72 18 670.9004727201419 613.4283877262529
72 38 501.9355117608118 435.9512094641377
72 44 102.95500388171791 175.8215453058159
73 1 437.5088389671953 608.9911034024769
73 3 173.32747466698115 166.54379996974393
73 4 216.70484509455093 382.0774838348695
73 5 931.0335591866344 217.59750016368173
73 6 78.52670635952134 209.4277330255997
73 7 438.4385178635971 367.82817897179154
73 8 1093.4388969378194 463.1773919163852
73 9 330.73256329248 387.6643395826618
73 17 528.1266791260684 366.1724130209964
73 18 689.845942741245 626.3681503385214
73 38 490.5550738134523 430.0005154913461
73 44 105.08724688062532 177.37751059757198
74 1 437.50705356022615 608.9929561606268
74 3 170.27967676633398 164.4954324967229
74 4 216.7081558093754 382.06869928930814
74 5 931.0216357182682 217.59003712036815
74 6 78.55461362481802 209.4600035535898
74 7 436.599219945581 369.28120417559
74 8 1093.4564261368305 463.1803943280468
74 9 335.4110878107655 391.7030285431454
74 17 526.3782396201443 363.8644878728026
74 18 709.3721392068522 639.108086655137
74 38 479.9208165748671 424.6227528894342
74 44 107.22910363863636 178.9334758893281
75 1 437.5052681532571 608.9946928052244
75 3 167.35598344142636 162.4570877222514
75 4 216.7114665241999 382.0599147437468
75 5 931.0096356645128 217.58222003955095
75 6 78.58962967398648 209.5001332969088
75 7 434.849972357785 370.56952837505656
75 8 1093.473583849532 463.1833967397083
75 9 340.19156342392125 395.8311403053388
75 17 524.8295309576328 361.60673550902015
75 18 729.4907281975821 651.5241682106338
75 38 470.0232105050643 419.79961506739073
75 44 109.38057415575098 180.4894411810841
76 1 437.503482746288 608.9963133362697
76 3 164.5724711222682 160.42648736992695
76 4 216.7147772390244 382.05113019818543
76 5 930.9974140400444 217.5740243455828
76 6 78.63158738919094 209.5468459750665
76 7 433.1929305490738 371.6844869117287
76 8 1093.4903295995446 463.1863991513699
76 9 345.0770581027657 400.049218556873
76 17 523.4806310177244 359.4012582402236
76 18 750.213375794053 663.4758912856602
76 38 460.8507736539623 415.5100136806559
76 44 111.5416584319692 182.0454064728402
77 1 437.50169733931887 608.9978177537628
77 3 161.94715990109103 158.4013811550663
77 4 216.71808795384885 382.0423456526241
77 5 930.9847929057034 217.5654254628163
77 6 78.68020871824199 209.5987924668494
77 7 431.6297235797608 372.6190493751336
77 8 1093.5066229104889 463.1894015630315
77 9 350.0707016927689 404.357832343917
77 17 522.3316353170743 357.250403378844
77 18 771.5517480768837 674.8051177285814
77 38 452.3900716613832 411.7303393557468
77 44 113.71235646729106 183.60137176459628
78 1 437.4999119323498 608.9992060577034
78 3 159.50011618861504 156.37954678470555
78 4 216.72139866867332 382.0335611070627
78 5 930.9715597327876 217.55639881560413
78 6 78.73509936132518 209.6545666170177
78 7 430.161426966288 373.3680314308101
78 8 1093.5224233059848 463.192403974693
78 9 355.1756859140527 408.7575919118407
78 17 521.3825756339634 355.1566620885144
78 18 793.5175111266918 685.3348798046783
78 38 444.6257177570635 408.4347224149833
78 44 115.89266826171652 185.1573370563524
79 1 437.4981265253807 609.0004782480919
79 3 157.2535579060367 154.3587899575993
79 4 216.72470938349784 382.02477656150137
79 5 930.957465767344 217.54691982829905
79 6 78.7957434577303 209.71272219054543
79 7 428.7885355259067 373.9283144422351
79 8 1093.5376903096533 463.1954063863546
79 9 360.39526436139033 413.2491654651693
79 17 520.633333304578 353.122559570576
79 18 816.1223310240966 694.8681490728787
79 38 437.54037276064537 405.595293601189
79 44 118.0825938152456 186.7133023481084
80 1 437.4963411184116 609.0016343249281
80 4 216.7280200983223 382.01599201594
80 5 930.9422243944636 217.5369639252536
80 6 78.8614982725797 209.77179097441004
80 7 427.5109362213548 374.2990728866527
80 8 1093.5523834451146 463.19840879801615
80 9 365.73275250420687 417.83329684682906
80 17 520.0835471914376 351.1505365877909
80 18 839.3778738497166 703.1865692900938
80 38 431.11474508167953 403.1824448023717
80 44 120.28213312787828 188.2692676398645
81 1 437.4945557114425 609.002674288212
81 4 216.7313308131468 382.00720747037866
81 5 930.925509502572 217.52650653082048
81 6 78.9315888835577 209.8303020269232
81 7 426.3278810055376 374.4820095648091
81 8 1093.566462235989 463.20141120967776
81 9 371.1915276865789 422.5108241366769
81 17 519.732516323997 349.24282232522194
81 38 425.3275907196232 401.16508977641934
81 44 122.49128619961458 189.82523293162055
82 1 437.4927703044734 609.0035981379435
82 4 216.7346415279713 381.9984229248173
82 5 930.906953847723 217.5155230693524
82 6 79.00510286763894 209.8868020746083
82 7 425.23795966620617 374.4815986045908
82 8 1093.5798862058978 463.2044136213393
82 9 376.77502912723486 427.282699169319
82 17 519.5790972113398 347.40129858831745
82 38 420.15571326384384 399.5109248757672
82 56 468.79218396383294 127.3993443430611
83 1 437.4909848975043 609.0044058741229
83 4 216.73795224279576 381.989638379256
83 5 930.8861474178916 217.503988965202
83 6 79.08098498781763 209.939877056624
83 7 424.23907267063737 374.3053362585635
83 8 1093.5926148784604 463.20741603300087
83 9 382.4867579195545 432.1500079712209
83 17 519.6215958270828 345.62735533819017
83 38 415.5739638936216 398.18668977211473
83 56 469.2044751063986 127.07392774593244
84 1 437.4891994905352 609.00509749675
84 4 216.74126295762025 381.9808538336946
84 5 930.8626357972668 217.49187964272187
84 6 79.15803187983599 209.988174816732
84 7 423.32840401031257 373.96399949541865
84 8 1093.6046077772976 463.2104184446624
84 9 388.3302770315696 437.1139921171045
84 17 519.8576542663513 343.92173756406856
84 38 411.5552413781352 397.1584281811429
84 56 469.7655320617196 126.82565061493528
84 58 387.1223145 436.0726624
85 1 437.4874140835661 609.0056730058246
85 4 216.74457367244472 381.9720692881333
85 5 930.8359185305432 217.4791705262648
85 6 79.23488673891339 210.03042894280787
85 7 422.5023940455972 373.47191238531786
85 8 1093.6158244260298 463.213420856324
85 9 394.3092113059631 442.1760710056316
85 17 520.2841320749682 342.2843834929481
85 38 408.07049207648174 396.39174858714887
85 56 470.4260346358569 126.64654677718796
86 1 437.485628676597 609.0061324013471
86 4 216.7478843872692 381.9632847425719
86 5 930.805447487215 217.46583704018337
86 6 79.3100340064754 210.06548375390213
86 7 421.75671235042137 372.8472202791518
86 8 1093.6262243482777 463.2164232679856
86 9 400.42724746006985 447.3378650543778
86 17 520.8969822507478 340.7142541364306
86 38 405.0887099376605 395.8520849677543
86 56 471.1422137753834 126.5286500598088
87 1 437.4838432696279 609.0064756833173
87 4 216.7511951020937 381.9545001970105
87 5 930.7706252258686 217.4518546088303
87 6 79.3817940568818 210.09232043484084
87 7 421.0862305569567 372.1121717816781
87 8 1093.6357670676614 463.2194256796472
87 9 406.6881340858765 452.6012198140962
87 17 521.691121916937 339.20915417475265
87 38 402.5769365005801 395.5049575186349
87 56 471.8758515672307 126.46399428991504
88 1 437.4820578626589 609.0067028517352
88 4 216.75450581691817 381.9457156514492
88 5 930.7308033584746 217.43719865655825
88 6 79.44831788415641 210.11008431837547
88 7 420.4849952002978 371.2934085186055
88 8 1093.6444121078014 463.2224280913087
88 9 413.0956816500211 457.9682310022649
88 17 522.6602976678199 337.765544177988
88 38 400.5002608940624 395.3162333781893
88 56 472.59428123873295 126.44461329462456
89 1 437.4802724556897 609.0068139066009
89 4 216.75781653174263 381.9369311058878
89 5 930.6852809146814 217.42184460771975
89 6 79.50758178871551 210.1181133148754
89 7 419.9462005631394 370.4222626975273
89 8 1093.6521189923185 463.2254305029703
89 9 419.6537624937934 463.4412704559282
89 17 523.796945586448 336.37834416448504
89 38 398.8218198368288 395.2523873521941
89 56 473.27038715763774 126.46254090105596
90 1 437.47848704872064 609.0068088479142
90 4 216.7611272465672 381.92814656032647
90 5 930.6333027061072 217.4057678866677
90 6 79.55738206409634 210.1159674895669
90 7 419.4621615204588 369.5350624628117
90 8 1093.6588472448325 463.2284329146318
90 9 426.36631083313466 469.0230130038229
90 17 525.0920459345356 335.0407284964156
90 38 397.5027976375193 395.2807626385602
90 56 473.8826048321025 126.5098109363264
91 1 437.4767016417516 609.0066876756753
91 4 216.7644379613916 381.9193620147651
91 5 930.5740576906333 217.3889439177546
91 6 79.59532968368671 210.10345978731877
91 7 419.0242863841925 368.673445044352
91 8 1093.6645563889645 463.2314353262934
91 9 433.2373227586381 474.7164642577943
91 17 526.5349725144621 333.743912112591
91 38 396.5024261946737 395.36983155196685
91 56 474.4149209106872 126.57845722755428
92 1 437.4749162347824 609.006450389884
92 4 216.7677486762161 381.91057746920376
92 5 930.5066773366964 217.3713481253332
92 6 79.61884498745326 210.08068790496665
92 7 418.6230497479167 367.88467770025545
92 8 1093.6692059483346 463.234437737955
92 9 440.2708562355482 480.5249893235002
92 17 528.1133367034821 332.47692809842584
92 38 395.7779849967442 395.4894562486261
92 56 474.8568731823616 126.6605136018577
93 1 437.47313082781335 609.0060969905404
93 4 216.77105939104055 381.9017929236424
93 5 930.4302339875824 217.352955933756
93 6 79.62515236867034 210.0480673111913
93 7 418.2479653315268 367.22198645340205
93 8 1093.672755446563 463.2374401496165
93 9 447.4710311037615 486.4523424304027
93 17 529.8128261600123 331.2263965930973
93 38 395.284801122092 395.6111494508614
93 56 475.20355057647976 126.74801388635431
94 1 437.4713454208442 609.0056274776447
94 4 216.77437010586507 381.89300837808105
94 5 930.3437392257172 217.3337427673759
94 6 79.61127496064913 210.00636541393567
94 7 417.8875588259162 366.7448926219311
94 8 1093.675164407271 463.2404425612781
94 9 454.8420290778255 492.5026974810506
94 17 531.6170382021057 329.9762850338987
94 38 394.9762492389864 395.70833517193023
94 56 475.4555931628384 126.83299190816206
95 1 437.4695600138752 609.0050418511966
95 4 216.7776808206896 381.8842238325197
95 5 930.246142236961 217.3136840505454
95 6 79.57402932346639 209.9567368753695
95 7 417.5293407376543 366.5195571436306
95 8 1093.6763923540784 463.2434449729397
95 9 462.3880937469402 498.6806795196472
95 17 533.5073078580591 328.7076597377739
95 38 394.803751605604 395.7566094406129
95 56 475.61919215157104 126.907481494399
96 1 437.46777460690606 609.0043401111963
96 4 216.78099153551403 381.8754392869584
96 5 930.1363281749012 217.2927552076172
96 6 79.51002013069343 209.90076007440095
96 7 417.1597792336685 366.6191326942167
96 8 1093.6763988106056 463.24644738460125
96 9 470.1135305749565 504.99139711991086
96 17 535.4625305891709 327.3984288200428
96 38 394.716778070027 395.7340010259504
96 56 475.706089893316 126.96351647218307
97 1 437.4659891999369 609.0035222576436
97 4 216.78430225033853 381.866654741397
97 5 930.0131165251436 217.27093166294404
97 6 79.41563485612416 209.84047471672693
97 7 416.76427298592375 367.12412359952856
97 8 1093.675143300473 463.2494497962628
97 9 478.0227069003776 511.44047569221686
97 17 537.4589796846293 326.02307645032903
97 38 394.6628460702525 395.6212321619523
97 56 475.7335798790409 126.99313066863216
98 1 437.4642037929679 609.0025882905386
98 4 216.78761296516305 381.8578701958356
98 5 929.875259469607 217.24818884087847
98 6 79.28703846050523 209.77842059243557
98 7 416.32712401609865 368.1227535416066
98 8 1093.6725853473015 463.2524522079244
98 9 486.12005193635775 518.0340917100359
98 17 539.4701183285565 324.55238844566827
98 38 394.5875206341841 395.4019792722311
98 56 475.72450674014544 126.98835791086412
99 1 437.4624183859988 609.0015382098815
99 4 216.7909236799875 381.8490856502743
99 5 929.7214402508146 217.22450216577323
99 6 79.12016807826414 209.7176774811512
99 7 415.8315105402664 369.7113410587197
99 8 1093.6686844747112 463.2554546195859
99 9 494.41005677070297 524.7790078556561
99 17 541.4664063392063 322.95316920078585
99 38 394.4344143796304 395.0631336947672
99 56 475.7072662484061 126.94123202599712
100 1 437.4606329790296 609.0003720156719
100 4 216.794234394812 381.8403011047129
100 5 929.550271536187 217.19984706198096
100 6 78.91072770423769 209.6619062047237
100 7 415.2594598135759 371.9946828392231
100 8 1093.6634002063226 463.2584570312475
100 9 502.8972743658712 531.6826090851935
100 17 543.4151015802755 321.18794995559506
100 38 394.1451875143109 394.5950624065508
100 56 475.71580531605287 126.8437868411486
