1 1 251.24935107307735 295.38782379843985
1 2 658.2432059463187 119.77750551468768
1 3 640.7884759189321 95.79497698050776
1 4 691.2429790546097 100.03251833619352
1 5 622.7188587318471 78.34245939968396
1 6 733.4218288861842 105.7018856321062
2 1 273.6403744210459 300.3246774086157
2 2 658.5660248895957 119.50437125625731
2 3 640.7137416332189 95.81304720352551
2 4 690.6375987787795 99.3809021321305
2 5 622.7185165718885 78.36694786741518
2 6 733.5086201861781 104.71192195415269
3 1 302.2361941335123 305.26153101879146
3 2 658.8868807674354 119.23854692743888
3 3 640.6390073475056 95.8311174265433
3 4 690.2994414126533 98.92543969508203
3 5 622.7181744119299 78.3914363351464
3 6 733.5749500234315 103.91784282425634
4 1 336.06740571010084 310.19838462896723
4 2 659.2057735798375 118.97981294219755
4 3 640.5642730617924 95.84918764956107
4 4 690.1886805085776 98.61301184508908
4 5 622.7178322519712 78.41592480287763
4 6 733.6227433268574 103.29538135449928
5 1 374.2216695128489 315.135238239143
5 2 659.522703326802 118.72794971449854
5 3 640.4895387760793 95.86725787257885
5 4 690.2690154424994 98.3989370437848
5 5 622.7174900920126 78.44041327060884
5 6 733.653850349732 102.8221993444954
6 1 415.8437107662065 320.07209184931884
6 2 659.8376700083292 118.48273765830702
6 3 640.414804490366 95.8853280955966
6 4 690.5075233840431 98.2461924398998
6 5 622.7171479320539 78.46490173834006
6 6 733.6700466696948 102.47781128827094
7 1 460.13531955703735 325.0089454594946
7 2 660.1506736244187 118.2439571875882
7 3 640.3400702046528 95.90339831861438
7 4 690.874511266587 98.12466819002948
7 5 622.7168057720953 78.48939020607128
7 6 733.6730331887487 102.243508381145
8 1 506.35535083461775 329.9457990696704
8 2 660.4617141750708 118.01138871630724
8 3 640.2653359189395 95.92146854163217
8 4 691.3433677573393 98.01045505466334
8 5 622.7164636121366 78.5138786738025
8 6 733.6644361332602 102.10228252660994
9 1 553.8197244106373 334.88265267984616
9 2 660.7707916602853 117.78481265842936
9 3 640.1906016332263 95.93953876464992
9 4 691.8904152274152 97.88516526947696
9 5 622.716121452178 78.53836714153371
9 6 733.645807053959 102.038750343212
10 1 601.901424959198 339.819506290022
10 2 661.0779060800625 117.56400942791976
10 3 640.115867347513 95.95760898766768
10 4 692.4947617219134 97.73528669188576
10 5 622.7157792922193 78.56285560926494
10 6 733.618622825938 102.03907717143176
10 17 794.7210842817257 102.3549448797
11 1 650.030502016816 344.75635990019777
11 2 661.383057434402 117.3487594387436
11 3 640.0411330617998 95.97567921068546
11 4 693.1381529299921 97.55157022286129
11 5 622.7154371322606 78.58734407699616
11 6 733.584285648654 102.0909010805646
11 17 794.732415606747 102.37376685313434
11 19 671.7514890601276 81.94567772323205
12 1 697.6940699824197 349.69321351037354
12 2 661.6862457233041 117.13884310486608
12 3 639.9663987760865 95.99374943370324
12 4 693.804824154946 97.3284505040095
12 5 622.715094972302 78.61183254472738
12 6 733.5441230459265 102.18325687560122
12 17 794.7437469317683 102.39021795565412
12 19 671.7378181334799 82.65731005443617
13 1 744.4363081173506 354.63006712054937
13 2 661.9874709467686 116.93404084025242
13 3 639.8916644903734 96.011819656721
13 4 694.4813522842826 97.06349988991138
13 5 622.7147528123434 78.6363210124586
13 6 733.4993878659391 102.30650010410815
13 17 794.7550782567897 102.40429818725931
13 19 671.7241472068323 83.16911619625532
14 1 789.8584605453639 359.56692073072514
14 2 662.2867331047956 116.73413305886778
14 3 639.8169302046601 96.02988987973876
14 4 695.1565077597987 96.75691569572578
14 5 622.7144106523847 78.66080948018981
14 6 733.4512582812381 102.45223106310829
14 17 794.7664095818111 102.41600754794996
14 19 671.7104762801846 83.51798269223798
15 1 833.6188362526261 364.5037743409009
15 2 662.5840321973852 116.53890017467737
15 3 639.7421959189469 96.04796010275652
15 4 695.8211065476573 96.4110407200544
15 5 622.714068492426 78.68529794792103
15 6 733.4008377887336 102.61321880596128
15 17 794.7777409068325 102.42534603772604
15 19 671.696805353537 83.73654004471157
15 25 -10.217718912974137 289.24888293696387
16 1 875.4328090877193 369.4406279510767
16 2 662.8793682245372 116.34812260164637
16 3 639.6674616332336 96.06603032577428
16 4 696.4678621084637 96.02991704306892
16 5 622.7137263324673 78.70978641565226
16 6 733.349155209699 102.7833251492442
16 17 794.7890722318538 102.43231365658755
16 19 671.6831344268893 83.85339759648774
16 25 9.722419650760456 285.55787001479393
17 1 915.0728177616364 374.37748156125247
17 2 663.1727411862518 116.16158075373995
17 3 639.5927273475204 96.08410054879208
17 4 697.0912373673419 95.61887309990074
17 5 622.7133841725088 78.73427488338348
17 6 733.2971646897712 102.95742867963186
17 17 794.8004035568752 102.43691040453452
17 19 671.6694635002417 83.89337841256767
17 25 29.66255821449505 281.9765178942698
18 1 952.3683658477852 379.3143351714283
18 2 663.4641510825288 115.97905504492336
18 3 639.5179930618071 96.10217077180984
18 4 697.6872966840116 95.18414402929228
18 5 622.7130420125501 78.7587633511147
18 6 733.24574569895 103.13134876077744
18 17 794.8117348818965 102.43913628156692
18 19 671.6557925735941 83.87775416184735
18 25 49.60269677822964 278.5048265753917
19 1 987.2060217819844 384.25118878160407
19 2 663.7535979133683 115.80032588916174
19 3 639.4432587760939 96.1202409948276
19 4 698.2535578228644 94.73252529751105
19 5 622.7126998525914 78.78325181884591
19 6 733.1957030315992 103.30176954019292
19 17 794.8230662069179 102.43899128768476
19 19 671.6421216469464 83.82447999882287
19 25 69.54283534196423 275.1427960581593
19 29 16.802076708594512 213.25679740735904
20 1 1019.5294188624678 389.1880423917799
20 2 664.0410816787703 115.6251737004203
20 3 639.3685244903807 96.13831121784536
20 4 698.7888439230406 94.27105959752576
20 5 622.7123576926327 78.80774028657713
20 6 733.1477668064456 103.46616395612962
20 17 794.8343975319393 102.43647542288804
20 19 671.6284507202988 83.74842944529566
20 25 89.48297390569883 271.89042634257294
20 29 29.25667081926736 213.37595099077495
21 1 1049.3392552498808 394.1248960019557
21 2 664.3266023787348 115.45337889266423
21 3 639.2937902046675 96.15638144086314
21 4 699.2931354685052 93.80675702344452
21 5 622.7120155326742 78.83222875430835
21 6 733.1025924665795 103.6227177444587
21 17 794.8457288569606 102.43158868717676
21 19 671.6147797936511 83.66162927207782
21 25 109.42311246943342 268.7477174286324
21 29 42.90834854641284 213.97162426875263
22 1 1076.6932939672834 399.06174961213145
22 2 664.6101600132619 115.28472187985874
22 3 639.2190559189543 96.17445166388092
22 4 699.7674222581248 93.3463485202154
22 5 622.7116733727155 78.85671722203958
22 6 733.0607607794544 103.77025344555162
22 17 794.857060181982 102.4243310805509
22 19 671.6011088670035 83.57349438069741
22 25 129.363251033168 265.7146693163377
22 29 57.63076382547425 214.88074496087935
23 1 1101.7063629001464 403.9986032223072
23 2 664.8917545823514 115.11898307596898
23 3 639.144321633241 96.19252188689867
23 4 700.2135553757445 92.89607260858917
23 5 622.7113312127568 78.8812056897708
23 6 733.0227778368876 103.90815441116064
23 17 794.8683915070034 102.4147026030105
23 19 671.5874379403558 83.49106268510374
23 25 149.3033895969026 262.7912820056889
23 29 73.29757059189447 215.96740548686944
24 1 1124.5503547963554 408.9354568324831
24 2 665.1713860860034 114.9559428949602
24 3 639.0695873475278 96.21059210991643
24 4 700.6340991602632 92.46149538534424
24 5 622.7109890527981 78.90569415750201
24 6 732.9890750550593 104.0362888112994
24 17 794.8797228320248 102.40270325455552
24 19 671.5737670137082 83.4192299933726
24 25 169.24352816063725 259.977555496686
24 29 89.78242278111671 217.12085321567884
25 1 1145.4542272662088 413.8723104426588
25 2 665.4490545242179 114.79538175079752
25 3 638.9948530618145 96.22866233293422
25 4 701.0321831757115 92.04736379877376
25 5 622.7106468928395 78.93018262523323
25 6 732.9600091745134 104.15493364112328
25 17 794.891054157046 102.38833303518598
25 19 671.5600960870605 83.36098488941161
25 25 189.18366672437185 257.2734897893289
25 29 106.9589743285836 218.2534807146192
26 1 1164.7040027824178 418.8091640528346
26 2 665.7247598969949 114.63708005744618
26 3 638.9201187761013 96.246732555952
26 4 701.4113541813274 91.65749219943514
26 5 622.7103047328809 78.95467109296445
26 6 732.935862260157 104.2646987278101
26 17 794.9023854820674 102.3715919449019
26 19 671.5464251604129 83.31764361466537
26 25 209.12380528810644 254.67908488361772
26 29 124.70087916973876 219.298815998474
27 1 1182.6427686801062 423.7460176630104
27 2 665.9985022043344 114.48081822887136
27 3 638.845384490388 96.26480277896977
27 4 701.7754281016332 91.2946821661614
27 5 622.7099625729222 78.97915956069566
27 6 732.9168417012608 104.36645073744036
27 17 794.9137168070888 102.35247998370323
27 19 671.5327542337652 83.28908494982113
27 25 229.06394385184095 252.1943407795524
27 29 142.8817912400247 220.20951277861275
28 1 1199.6706771568113 428.68287127318615
28 2 666.2702814462364 114.32637667903823
28 3 638.7706502046748 96.28287300198753
28 4 702.1283419965116 90.96067560733522
28 5 622.7096204129635 79.0036480284269
28 6 732.9030802114585 104.46123718187803
28 17 794.9250481321102 102.33099715159
28 19 671.5190833071176 83.27398509651348
28 25 249.0040824155756 249.819257477133
28 29 161.3753644748851 220.95534071210693
29 1 1216.2449452724836 433.619724883362
29 2 666.5400976227008 114.17353582191204
29 3 638.6959159189616 96.3009432250053
29 4 702.4740060312826 90.65614113742484
29 5 622.7092782530049 79.02813649615811
29 6 732.8946358287476 104.55021042565076
29 17 794.9363794571316 102.30714344856224
29 19 671.5054123804699 83.27005255903009
29 25 268.94422097931016 247.55383497635944
29 29 180.05525280976232 221.5211756508453
30 1 1232.8798549494866 438.55657849353776
30 2 666.8079507337278 114.02207607145792
30 3 638.6211816332484 96.31901344802306
30 4 702.8161554467799 90.38069372878212
30 5 622.7089360930462 79.05262496388933
30 6 732.8914919154887 104.6345516928306
30 17 794.9477107821529 102.28091887461989
30 19 671.4917414538223 83.27426302601697
30 25 288.8843595430448 245.3980732772318
30 29 198.79511018009987 221.90498989064497
31 1 1250.1467529725971 443.49343210371353
31 2 667.0738407793173 113.87177784164112
31 3 638.5464473475351 96.33708367104084
31 4 703.1582025294274 90.1329476387034
31 5 622.7085939330876 79.07711343162055
31 6 732.8935571584059 104.71539507391442
31 17 794.9590421071742 102.25232342976298
31 19 671.4780705271746 83.28309425218336
31 25 308.82449810677934 243.35197237975
31 29 217.4685905213406 222.11584242037384
32 1 1268.6740509890033 448.43028571388936
32 2 667.3377677594692 113.72242154642676
32 3 638.4717130618219 96.3551538940586
32 4 703.5030885813158 89.91060261175167
32 5 622.708251773129 79.10160189935176
32 6 732.9006655685866 104.79375153270436
32 17 794.9703734321956 102.22135711399152
32 19 671.464399600527 83.29276094000758
32 25 328.764636670514 241.41553228391405
32 29 235.9493477689277 222.1718691710589
33 2 667.5997316741837 113.57378759978008
33 3 638.3969787761087 96.37322411707638
33 4 703.8531358902788 89.71056335734195
33 5 622.7079096131703 79.12609036708298
33 6 732.9125764814818 104.87043291318842
33 17 794.981704757217 102.18801992730548
33 19 671.4507286738793 83.29944962144187
33 25 348.70477523424864 239.588752989724
33 29 254.11103585830384 222.09827326500292
34 2 667.8597325234607 113.42565641566628
34 3 638.3222444903954 96.39129434009412
34 4 704.2098996999704 89.52909230258769
34 5 622.7075674532116 79.1505788348142
34 6 732.9289745569056 104.9459759464209
34 17 794.9930360822383 102.1523118697049
34 19 671.4370577472317 83.29955353961799
34 25 368.6449137979832 237.87163449717983
34 29 271.8273087249127 221.92531526490177
35 2 668.1177703073001 113.2778084080505
35 3 638.2475102046822 96.40936456311192
35 4 704.5740201799401 89.36199562041097
35 5 622.707225293253 79.17506730254543
35 6 732.9494697790356 105.02056625740292
35 17 795.0043674072597 102.11423294118975
35 19 671.4233868205841 83.28990753055223
35 25 388.5850523617178 236.2641768062816
36 2 668.373845025702 113.13002399089798
36 3 638.1727759189689 96.42743478612968
36 4 704.945074395711 89.20484253291306
36 5 622.7068831332944 79.19955577027665
36 6 732.9735974564126 105.09396237196292
36 17 795.0156987322811 102.07378314176005
36 19 671.4097158939364 83.26802290485081
36 25 408.5251909254524 234.7663799170292
36 29 305.4182245315992 221.4155839299941
37 2 668.6279566786665 112.9820835781739
37 3 638.0980416332558 96.44550500914744
37 4 705.321428278855 89.053217890009
37 5 622.7065409733357 79.22404423800786
37 6 733.0008182219412 105.16541972363714
37 17 795.0270300573025 102.03096247141576
37 19 671.3960449672888 83.23232232941515
37 25 428.465329489187 233.3782438294226
37 29 321.040175342563 221.14653116457032
37 42 22.16920793276222 224.89569502610425
37 43 12.809694730318526 281.2498578780669
38 2 668.8801052661935 112.83376758384344
38 3 638.0233073475425 96.4635752321652
38 4 705.7000885970702 88.90300802332295
38 5 622.706198813377 79.24853270573908
38 6 733.0305180328891 105.23361466055016
38 17 795.0383613823238 101.98577093015692
38 19 671.3823740406411 83.1823747091473
38 25 448.4054680529216 232.09976854346195
38 29 335.71132667253164 220.90953794210063
38 42 26.7712334554526 225.44381377747007
38 43 15.989421511029889 283.2119959139891
39 2 669.1302907882829 112.6848564218718
39 3 637.9485730618293 96.48164545518298
39 4 706.0765549242567 88.75071987534639
39 5 622.7058566534183 79.2730211734703
39 6 733.0620081708872 105.29656845229536
39 17 795.0496927073451 101.93820851798353
39 19 671.3687031139935 83.11913006865502
39 25 468.3456066166562 230.93095405914715
39 29 349.3053324569472 220.73000576395972
39 42 33.52095834946704 226.079290696791
39 43 19.16914829174124 284.0056035590969
40 2 669.3785132449349 112.53513050622416
40 3 637.873838776116 96.49971567820076
40 4 706.4446716105938 88.59383340385908
40 5 622.7055144934598 79.29750964120151
40 6 733.0945252419302 105.35157129681544
40 17 795.0610240323665 101.88827523489556
40 19 671.3550321873458 83.0451544339574
40 25 488.28574518039073 229.87180037647823
40 29 361.6958466312542 220.6263350666113
40 42 42.05703190987879 226.80212578406704
40 43 22.3488750724526 284.16104659798293
41 2 669.6247726361493 112.38437025086571
41 3 637.7991044904028 96.51778590121852
41 4 706.796479752616 88.43118726161067
41 5 622.7051723335011 79.32199810893275
41 6 733.127231176376 105.39510632728292
41 17 795.0723553573879 101.83597108089305
41 19 671.3413612606982 82.96486471418953
41 25 508.2258837441254 228.9223074954552
41 29 372.7565231308945 220.60791547070835
41 42 52.018103431767486 227.6123190392981
41 43 25.52860185316395 284.1036938339312
42 2 669.8690689619262 112.23235606976168
42 3 637.7243702046895 96.53585612423628
42 4 707.12206916329 88.26339775126634
42 5 622.7048301735424 79.34648657666396
42 6 733.1592132289456 105.42277361898064
42 17 795.0836866824093 101.78129605597596
42 19 671.3276903340505 82.8847635833082
42 25 528.16602230786 228.08247541607804
42 29 382.3610158913117 220.67311603022245
42 42 63.04282221020185 228.5098704624843
42 43 28.708328633875297 284.1539170888591
43 2 670.1114022222656 112.07886837687722
43 3 637.6496359189763 96.55392634725406
43 4 707.4094303420906 88.09331105561397
43 5 622.7044880135837 79.37097504439518
43 6 733.1894839787238 105.42921419618224
43 17 795.0950180074306 101.72425016014432
43 19 671.314019407403 82.81367436179735
43 25 548.1061608715945 227.35230413834677
43 29 390.3829788479482 220.8072754815473
43 42 74.76983754025787 229.4947800536256
43 43 31.888055414586645 284.5270912034266
44 2 670.3517724171676 111.92368758617756
44 3 637.574901633263 96.57199657027182
44 4 707.6443064450776 87.92648874303157
44 5 622.7041458536252 79.3954635121264
44 6 733.2169813291587 105.40803403903266
44 17 795.1063493324519 101.66483339339813
44 19 671.3003484807552 82.76297589837294
44 25 568.046299435329 226.7317936622613
44 29 396.696065936248 220.98069249261857
44 42 86.83779871701336 230.567047812722
44 43 35.06778219529802 285.33359403693976
45 2 670.5901795466319 111.76659411162782
45 3 637.5001673475499 96.5900667932896
45 4 707.8100452549726 87.77172654822155
45 5 622.7038036936665 79.41995197985761
45 6 733.2405685080615 105.35172809042864
45 17 795.1176806574733 101.60304575573734
45 19 671.2866775541077 82.74683745168872
45 25 587.9864379990638 226.2209439878218
45 29 401.1739310916533 221.1466159120332
45 42 98.88535503553794 231.72667373977345
45 43 38.24750897600937 286.57880646738704
46 2 670.8266236106589 111.60736836719327
46 3 637.4254330618367 96.60813701630735
46 4 707.8874511512349 87.6416064282019
46 5 622.7034615337078 79.44444044758883
46 6 733.2590340676071 105.25160426289926
46 17 795.1290119824947 101.538887247162
46 19 671.27300662746 82.7824535720409
46 25 607.9265765627983 225.81975511502816
46 29 403.6902282496077 221.23923501815216
46 42 110.55115579090852 232.97365783478
46 43 41.42723575672072 288.16311239142124
47 2 671.0611046092482 111.44579076683908
47 3 637.3506987761234 96.62620723932513
47 4 707.8546370801386 87.55308189356325
47 5 622.7031193737491 79.46892891532006
47 6 733.2710918843336 105.09770744548646
47 17 795.1403433075161 101.47235786767212
47 19 671.2593357008124 82.89027898307401
47 25 627.8667151265329 225.5282270438804
47 29 404.1186113455539 221.1716697682293
47 42 121.4738502782002 234.30800009774163
47 43 44.60696253743207 289.88189872441944
48 2 671.2936225424002 111.2816417245304
48 3 637.2759644904102 96.6442774623429
48 4 707.6868765248483 87.52809661498704
48 5 622.7027772137905 79.49341738305128
48 6 733.2753811591424 104.8787435106254
48 17 795.1516746325374 101.40345761726766
48 19 671.2456647741647 83.09426346348565
48 25 647.8068536902676 225.34635977437847
48 29 402.332734314935 220.833961047518
48 42 131.2920877924871 235.7297005286584
48 43 47.78668931814342 291.4255554003721
