38 42 1040.9279005006683 331.6509188309089
38 43 776.1927467137575 658.2609872294129
38 44 981.9465786264708 205.8964240529413
39 42 1052.6973121300398 353.76513318181804
39 43 804.294426235836 648.185763013236
39 44 985.9644904754414 209.7312029041178
40 42 1069.0381717827258 375.8793475327271
40 43 850.733638250269 639.5675777407573
40 44 989.982402324412 213.7092742435296
41 42 1088.1372983200308 397.9935618836362
41 43 902.4135552735534 632.4064314119757
41 44 994.0003141733824 217.83063807117665
41 49 859.0976438689576 125.37613477912085
42 42 1108.181510603241 420.1077762345454
42 43 950.650828308193 626.7023240268918
42 44 998.0182260223532 222.09529438705897
42 49 856.5040041989031 126.62472895439556
43 42 1127.357627493686 442.2219905854545
43 43 990.4882802558132 622.455255585505
43 44 1002.0361378713236 226.5032431911766
43 49 853.7065195134386 127.8733231296703
43 53 744.1527506333335 443.3361002833335
43 54 833.2704343572368 81.51373499000002
44 42 1143.8524678526555 464.3362049363637
44 43 1020.0075993365608 619.6652260878161
44 44 1006.0540497202944 231.0544844835296
44 49 850.810786395606 129.121917304945
44 53 741.1652018333334 441.0202433333334
44 54 829.922001339808 81.7179195049091
45 42 1155.8528505414724 486.4504192872728
45 43 1039.642032500822 618.3322355338246
45 44 1010.0719615692648 235.7490182641178
45 49 847.9224014284486 130.37051148021973
45 53 738.1776530333333 438.7043863833334
45 54 826.9130867929707 81.9221040198182
46 42 1161.5455944214227 508.5646336381819
46 43 1051.489078845596 618.4562839235302
46 44 1014.0898734182356 240.5868445329413
46 49 845.1469611950071 131.61910565549448
46 54 824.0305995125491 82.1262885347273
47 42 1159.1175183538217 530.6788479890911
47 43 1058.6231830285396 620.0373712569337
47 44 1018.107785267206 245.56796329000016
47 49 842.5900622783232 132.8676998307692
47 54 821.1617328901702 82.33047304963638
48 43 1064.4084286876025 623.0754975340346
48 44 1022.1256971161766 250.69237453529428
48 49 840.3573012614407 134.11629400604392
48 54 818.2939649132422 82.53465756454547
49 43 1071.8112318494825 627.5706627548327
49 44 1026.1436089651472 255.96007826882368
49 49 838.5542747273993 135.36488818131863
49 54 815.5150581649941 82.73884207945456
49 58 405.2713500599998 658.8223266999998
49 59 397.65512694 641.6436157200001
50 43 1082.7130343555473 633.5228669193286
50 44 1030.161520814118 261.3710744905884
50 49 837.286579259243 136.61348235659335
50 54 813.0130598244432 82.94302659436364
50 58 427.24766843 648.6690735099999
50 59 421.8804412699999 631.30631714
51 43 1097.2229972623754 640.9321100275217
51 44 1034.1794326630884 266.92536320058844
51 49 836.6598114400123 137.8620765318681
51 54 811.076301666395 83.14721110927273
51 58 449.2239867999999 638.5158203199999
51 59 446.10575560000007 620.9690185600001
52 43 1112.990694269538 649.7983920794125
52 44 1038.1973445120589 272.62294439882373
52 49 836.7795678527499 139.11067070714282
52 54 810.0934000614907 83.35139562418182
52 58 471.2003051700001 628.3625671299999
52 59 470.33106993 610.6317199800001
53 43 1124.5188051292207 660.1217130750008
53 44 1042.2152563610296 278.4638180852943
53 49 837.7514450804973 140.35926488241753
53 54 810.553255976145 83.55558013909092
53 58 493.17662354 618.2093139399999
53 59 494.55638426 600.2944214
