660 754 290.9458883159156 253.02255907694783
660 761 214.3266917396104 114.151143423107
661 754 290.9558596676151 253.0286850812127
662 754 290.96535499166816 253.0345825059669
663 754 290.9743742880747 253.04025135121051
663 761 215.4905412454391 114.28315084642963
664 754 290.98291755683493 253.04569161694357
664 761 215.7694641641574 114.30664085992612
665 754 290.9909847979487 253.05090330316597
665 761 215.99939157254997 114.32138314220356
666 754 290.9985760114161 253.0558864098777
666 761 216.18350442440715 114.32823332498084
667 754 291.00569119723707 253.0606409370789
667 761 216.32489713002 114.3280140592833
667 767 291.0761719 252.9485321
668 754 291.0123303554116 253.06516688476944
668 761 216.4265775575768 114.32151501678165
669 754 291.01849348593976 253.0694642529494
669 768 399.0540316998959 270.0608868598938
670 754 291.0241805888214 253.07353304161876
670 768 388.7184474170208 255.6676953434944
671 754 291.02939166405673 253.07737325077747
671 768 379.3225243091583 242.45662370324132
672 754 291.0341267116456 253.0809848804256
672 768 370.7849220335484 230.3345429599285
672 769 291.1504517 253.1319733
672 770 221.2782490576285 188.44550222577527
673 754 291.03838573158805 253.08436793056308
673 768 363.02914422750473 219.21362563967705
673 770 221.2788365740131 188.70479689375497
674 754 291.04216872388406 253.08752240119
674 761 216.3602383810794 114.19071168202208
674 768 355.98339569568634 209.011187762022
674 770 221.27942409039773 188.9213984103408
675 754 291.04547568853366 253.0904482923063
675 761 216.26088350545612 114.159594749799
675 768 349.5804383456707 199.6495370566845
675 770 221.28001160678232 189.09853416867557
675 771 290.89068606140427 253.1552016964922
676 754 291.04830662553684 253.09314560391195
676 761 216.14276373165197 114.12732815823983
676 768 343.75744727253914 191.0558145642281
676 770 221.28059912316692 189.2393274148926
676 771 290.9458217156871 253.1929775780195
677 754 291.05066153489366 253.09561433600703
677 761 216.0081080357777 114.09440476528836
677 768 338.4558691382408 183.16184130311007
677 770 221.2811866395516 189.34679725253957
677 771 290.9947025814768 253.22490911075943
678 754 291.052540416604 253.0978544885915
678 761 215.85905885417012 114.06128444813658
678 768 333.62127634882927 175.90396198630333
678 770 221.28177415593615 189.42385863675736
678 771 291.0373286587728 253.250996294712
679 754 291.053943270668 253.09986606166532
679 761 215.6976720773382 114.02839410572778
679 768 329.203225672245 169.222890406847
679 770 221.2823616723208 189.4733223789372
679 771 291.07369994757573 253.27123912987716
680 754 291.0548700970855 253.1016490552286
680 761 215.525917052757 113.99612765712664
680 768 325.15511298179626 163.06355327367783
680 770 221.2829491887054 189.49789514718577
680 771 291.1038164478857 253.2856376162549
681 754 291.0553208958566 253.10320346928123
681 761 215.34567658533345 113.96484604192663
681 768 321.4340317249298 157.3749362230301
681 770 221.28353670509003 189.5001794595737
681 771 291.1276781597021 253.2941917538451
682 754 291.0552956669813 253.10452930382323
682 761 215.15874693717345 113.93487722077408
682 768 318.0006278157234 152.10992735624313
682 770 221.28412422147463 189.48267369368116
682 771 291.1452850830251 253.29690154264813
682 777 401.2483036061749 206.41012331470847
682 778 149.38443701993674 68.83978388621472
683 754 291.0547944104596 253.10562655885465
683 761 214.9668378249044 113.9065161740873
683 768 314.81895688176155 147.22516259551048
683 770 221.28471173785923 189.4477720791474
683 771 291.1566372178547 253.2937669826636
683 777 395.7677234057337 199.89565401989967
683 778 148.41300127003342 68.90155932900961
684 754 291.05381712629145 253.10649523437544
684 761 214.7715724242153 113.88002490368672
684 768 311.85634127259254 142.68086954951286
684 770 221.28529925424388 189.3977646997664
684 771 291.1617345641912 253.2847880738916
684 777 390.546599721536 193.76233398076147
684 778 147.49944885075092 69.21261969278567
685 754 291.05236381447685 253.10713533038563
685 761 214.57448736624792 113.85563243163053
685 768 309.08322528004646 138.44071435928345
685 770 221.28588677062848 189.334837495815
685 771 291.1605771220343 253.26996481633228
685 777 385.5710786869749 187.98786755185571
685 778 146.6314819585532 69.76031336130109
686 754 291.0504344750159 253.1075468468852
686 761 214.37703273945957 113.83353480073856
686 768 306.4730332791805 134.4716434776783
686 770 221.2864742870131 189.26107226195745
686 771 291.1531648913842 253.2492972099856
686 777 380.8277924852446 182.5506636556238
686 778 145.79762594308704 70.531988719129
687 754 291.0480291079085 253.1077297838742
687 761 214.18057208904065 113.81389507401036
687 768 304.0020249485969 130.7437304854393
687 770 221.2870618033977 189.17844664608128
687 771 291.1394978722408 253.2227852548513
687 777 376.3038593325764 177.42983575165272
687 778 144.98722925782204 71.51499415014405
688 754 291.0451477131547 253.1076841413525
688 761 213.9863824158674 113.79684333538172
688 768 301.64915269613266 127.2300200164318
688 770 221.28764931978236 189.0888341518585
688 771 291.119576064604 253.1904289509296
688 777 371.986883495003 172.60520186461508
688 778 144.19046352803707 72.69667803880293
688 782 177.3336792 88.24247742
689 754 291.0417902907545 253.10740991932028
689 761 213.7956541783642 113.78247668937549
689 768 299.3959182500839 123.9063731431961
689 770 221.28823683616693 188.99400413921103
689 771 291.09339946847376 253.15222829822076
689 777 367.8649552864954 168.0572845712304
689 778 143.39832347258923 74.06438876921311
689 782 178.11926269999992 89.20404815999984
690 754 291.0379568407078 253.10690711777744
690 761 213.60949129238725 113.7708592612762
690 768 297.2262281179428 120.75131115317345
690 770 221.2888243525516 188.8956218187232
690 771 291.0609680838504 253.1081832967245
690 777 363.9266510615125 163.7673109844327
690 778 142.60262697190046 75.6054747258313
691 754 291.0336473630148 253.106175736724
691 761 213.4289111290127 113.76202219643164
691 768 295.12625101208687 117.7458606660366
691 770 221.28941186893616 188.79524825909172
691 771 291.0222819107337 253.0582939464407
691 777 360.16103321686387 159.7172127859667
691 778 141.79601502697915 77.30728429288138
692 754 291.0288618576753 253.1052157761599
692 761 213.2548445169814 113.75596366124228
692 768 293.08427515625954 114.87339866161346
692 770 221.2899993853208 188.69434038340117
692 771 290.9773409491238 253.00256024736927
692 777 356.55765019822866 155.8896261965856
692 778 140.97195178736 79.15716585412156
692 790 193.78439646538465 98.82125325324768
693 754 291.02360032468937 253.1040272360852
693 768 291.0905627012253 112.11949670314787
693 770 221.2905869017054 188.5942509670276
693 777 353.106536491774 152.26789200492203
693 778 140.12472451478243 81.14246779424138
693 790 193.75711317246964 98.81063693677132
694 754 291.0178627640571 253.1026101164999
694 768 289.13720855116844 109.4717660844326
694 770 221.29117441809 188.49622864322737
694 777 349.7982126297429 148.8360555358231
694 778 139.24944362137467 83.25053849711549
694 790 193.72982987955467 98.80052068574878
695 754 291.0116491757784 253.100964417404
695 768 287.2179954648018 106.9197023808956
695 770 221.29176193447464 188.4014178980142
695 777 346.6236851923168 145.57886667642742
695 778 138.34204264823347 85.46872634720057
695 790 193.7025465866397 98.79090450018003
695 792 403.7908987887204 220.3704513311386
695 793 290.9552612 253.0444336
696 768 285.32825070619583 104.4545295536518
696 770 221.29234945085923 188.31085907225497
696 777 343.5744467936456 142.48177986219525
696 778 137.3992782626301 87.78437972860411
696 790 193.6752632937247 98.78178838006508
696 792 395.83137967064977 210.92941570281985
697 754 290.99779391628164 253.09698728068037
697 768 283.4647035896778 102.069046407938
697 770 221.29293696724383 188.22548836050555
697 777 340.6424761041999 139.53095407038927
697 778 136.4187302775681 90.18484702554996
697 790 193.64798000080967 98.77317232540392
697 792 388.4142698943615 202.3516764640808
698 754 290.99015224506365 253.0946558430526
698 761 212.3884513665689 113.77370347746182
698 768 281.6253409385681 99.75746920704842
698 770 221.2935244836285 188.14613781543449
698 777 337.8202378312126 136.71325285732746
698 778 135.39880163501948 92.65747662249488
698 790 193.62069670789475 98.76505633619662
698 792 381.5020377971232 194.54126298427585
698 795 291.20602998092727 252.60766273214296
698 796 396.8716524649644 268.2780656814575
698 797 177.31375174705315 88.65115517980882
699 754 290.98203454619926 253.09209582591424
699 761 212.27877317660025 113.78427303471835
699 768 279.8092640340328 97.51527789235116
699 770 221.2941120000131 188.0735353406053
699 777 335.1006827261299 134.01624430622903
699 778 134.33871840313077 95.18961690331344
699 790 193.59341341497975 98.75744041244307
699 792 375.05864784121513 187.41073763370517
699 795 291.21599469283683 252.68823676428585
699 796 388.7562398724258 253.7120795249939
699 797 177.3218773193803 88.71148937580381
700 754 290.97344081968845 253.0893072292653
700 761 212.1799396079732 113.79641919286225
700 768 278.0165457725525 95.3390596807003
700 770 221.2946995163977 188.00830469606444
700 777 332.4772475892678 131.42820105794817
700 778 133.23852979764342 97.76861625246238
700 790 193.5661301220648 98.75032455414336
700 792 369.0495606288314 180.88079154491425
700 795 291.1204659499854 252.76881079642868
700 796 381.0203836857109 240.91172885894773
700 797 177.33702839136097 88.76758702142695
701 754 290.9643710655312 253.08629005310573
701 761 212.0921025996795 113.80984330381034
701 768 276.2480857372284 93.22635465860368
701 770 221.2952870327823 187.9509654978756
701 777 329.9438552642241 128.9381003137678
701 778 132.09910815488547 100.38182305381632
701 790 193.5388468291498 98.74370876129744
701 792 363.4417329095304 174.87984263896942
701 795 290.91944375236926 252.84938482857157
701 796 373.65284963545855 229.61989212036133
701 797 177.35842620053154 88.81944811667847
702 754 290.9548252837276 253.08304429743555
702 761 212.0153275470948 113.82421373954276
702 768 274.5054684281349 91.17550039291382
702 770 221.2958745491669 187.9019332129974
702 777 327.4949146360159 126.53562381211668
702 778 130.92214896064252 103.01658569206484
702 790 193.51156353623483 98.73759303390533
702 792 358.20361756533384 169.3436245918274
702 795 290.61292809998486 252.9299588607144
702 796 366.6424034506781 219.60826110839844
702 797 177.38529198444303 88.8670726615577
703 754 290.9448034742775 253.0795699622548
703 761 211.94959330314305 113.83916589291766
703 768 272.79081839323044 89.18547624349594
703 770 221.29646206555157 187.86151916673407
703 777 325.12532063480467 124.21115786768496
703 778 129.71017081476748 105.6602525509661
703 790 193.48428024331983 98.731977371967
703 792 353.30516359582543 164.21478950977323
703 795 290.2009189928467 253.01053289285724
703 796 359.97781086247414 210.67567110061648
703 797 177.41684698066092 88.91046065606508
704 754 290.93430563718096 253.07586704756332
704 761 211.89479217655023 113.85430217708928
704 768 271.1066580712795 87.25574839115143
704 770 221.29704958193616 187.8299305376131
704 777 322.8304542340338 121.95579331740736
704 778 128.46651546657085 108.30017201509328
704 790 193.45699695040489 98.72686177548248
704 792 348.7178161777556 159.44249868392944
704 795 289.68341643094027 253.09110692500008
704 796 353.647837599623 202.64642715454104
704 797 177.45231242668524 88.94961210020062
705 754 290.9233317724381 253.07193555336136
705 761 211.85072993359063 113.86919202673016
705 768 269.45576322078705 85.38611456751823
705 770 221.2976370983208 187.80727035715245
705 777 320.60618245694786 119.76132556889206
705 778 127.19534779060632 110.9236924686702
705 790 193.4297136574899 98.7222462444518
705 792 344.41451659426093 154.98202121257782
705 796 347.6412493926473 195.36863136291504
705 797 177.4909095601106 88.98452699396432
705 804 159.4834137 127.4745789
705 805 148.81432271623925 62.11597000333131
706 754 290.9118818800488 253.06777547964876
706 761 211.8171257963404 113.8833718955284
706 768 267.84102031588554 83.5765486061573
706 770 221.2982246147054 187.79353751591407
706 777 318.4488583654165 117.62025458179414
706 778 125.90165579412133 113.51816229568794
706 790 193.4024303645749 98.7181307788749
706 792 340.3697022795677 150.79432487487793
706 796 341.94681197137106 188.7125244140625
706 797 177.5318596184297 89.01520533735618
706 805 148.25792558478628 62.95797632116592
707 754 290.899955960013 253.0633868264255
707 761 211.79361244430768 113.89634525915608
707 768 266.2652820646763 81.82704457640648
707 770 221.29881213109 187.78862675535493
707 777 316.35532106645405 115.525784868747
707 778 124.59125062730163 116.07092988013756
707 790 193.37514707165997 98.7145153787518
707 792 336.5593067854643 146.84567618370056
707 796 336.553291065502 182.5687985420227
707 797 177.57438383924455 89.04164713037596
707 805 147.70152845333325 63.83805954057607
707 807 291.4017029 253.0746765
708 761 211.7797360131517 113.9075826133485
708 768 264.73122572898865 80.1374631524086
708 770 221.29939964747464 187.79232867155224
708 777 314.3228957131505 113.47182547580452
708 778 123.2707665618509 118.56934360717425
708 790 193.34786377874497 98.71140004408252
708 792 332.96075984463096 143.1072325706482
708 796 331.4494524053298 176.84693431854248
708 797 177.61770346006233 89.06385237302413
708 805 147.14513132188029 64.75368043611525
709 754 290.87467603700225 253.0539237814472
709 761 211.7749560966622 113.91652147419518
709 768 263.2412077486515 78.50737470388412
709 770 221.29998716385924 187.8043297189288
709 777 312.34939350094646 111.45299002248794
709 778 121.9476610198617 121.00075186009052
709 790 193.32058048583 98.70878477486704
709 792 329.5529872998595 139.55463874340057
709 796 326.62406172032934 171.4735288619995
709 797 177.66103971842676 89.0818210653
709 805 146.58873419042732 65.70229978210409
710 754 290.8613220340273 253.04884938969212
710 761 211.7786457426846 113.92256637883838
710 768 261.7971208691597 76.93590524792671
710 770 221.30057468024384 187.82421220256947
710 777 310.43311167228967 109.46459666918965
710 778 120.63021453097464 123.35250302334316
710 790 193.293297192915 98.70666957110537
710 792 326.31641110405326 136.1676241159439
710 796 322.06588474079035 166.3906307220459
710 797 177.70361385191063 89.09555320720426
710 805 146.0323370589743 66.68137835306698
711 754 290.8474920034059 253.04354641842647
711 761 211.79009145870805 113.92508888494922
711 768 260.4002518951893 75.42157965898514
711 770 221.30116219662847 187.8514542847406
711 777 308.57283351384103 107.50266813766213
711 778 119.3275307957083 125.6119454812724
711 790 193.2660139 98.70505443279748
711 792 323.23294938355684 132.92959368228912
711 796 317.7636871964205 161.55406188964844
711 797 177.74464709805034 89.10504879873645
711 805 145.47593992752132 67.68837692338275
711 814 291.3044128 252.8821411
711 815 324.8215332 134.434845
711 816 209.97489346603743 90.92301907050478
712 754 290.8331859451381 253.0380148676502
712 761 211.8084932072088 113.923427570262
712 768 259.05113583803177 73.96216788887978
712 770 221.30174971301307 187.88542998186315
712 777 306.767828351818 105.56393168773502
712 778 118.04953660722822 127.7664276182186
712 790 193.23873060708505 98.70393935994342
712 792 320.28601641207933 129.82722878456116
712 796 313.7062348172767 156.93174171447754
712 797 177.78336069439683 89.11030783989702
712 805 144.9195427960683 68.72075626737205
712 816 209.8039632571381 90.73300203981762
713 754 290.81840385922385 253.0322547373633
713 761 211.8329644075129 113.9168880340876
713 768 257.74941608309746 72.55452930927277
713 777 305.01785156223923 103.64581914898008
713 778 116.80698192026466 129.8032978180563
713 790 193.21144731417007 98.70332435254316
713 792 317.4605225622654 126.85007643699646
713 796 309.88229333318304 152.50203561782837
713 797 177.81897587847195 89.11133033068529
713 805 144.36314566461533 69.77597715955926
713 816 209.657066554264 90.56381932100884
714 754 290.8031457456632 253.0262660275658
714 761 211.8625319357961 113.90474289504346
714 768 256.49369648098946 71.19445651769638
714 777 303.3231445653364 101.74646688718347
714 778 115.6114398157224 131.70990446500946
714 790 193.18416402125507 98.70320941059668
714 792 314.7428743764758 123.99015033245088
714 796 306.28062847408 148.2520718574524
714 797 177.8507138878267 89.10811627110195
714 805 143.80674853316236 70.85150037435233
714 816 209.53420335741703 90.41547091407664
714 819 290.70738220999993 252.78930512000008
715 754 290.7874116044561 253.02004873825769
715 761 211.8961361260153 113.8862317937892
715 768 255.2814018726349 69.87652090191841
715 777 301.6844348143786 99.86471582204103
715 778 114.4753065072 133.4735959440004
715 790 193.1568807283401 98.703594534104
715 792 312.1209745258093 121.24152398109436
715 796 302.8900059697917 144.1760573387146
715 797 177.87779596001928 89.10066566114654
715 805 143.25035140170934 71.94478668627562
715 816 209.43537366659712 90.28795681902284
715 819 290.63459777 252.80778199000008
716 754 290.7712014356026 253.01360286943896
716 761 211.9326307667652 113.86056139017457
716 768 254.10863211750984 68.59391793608665
716 777 300.1029358264059 98.0001114346087
716 778 113.4118013381958 135.08172063808888
716 790 193.12959743542515 98.70447972306518
716 792 309.5842217989266 118.5999230146408
716 796 299.69919155037496 140.2736372947693
716 797 177.89944333260792 89.08897850081951
716 805 142.69395427025637 73.05329686959158
716 816 209.3605774818025 90.1812770358465
716 819 290.56181332999995 252.82625886000005
717 754 290.7545152391027 253.00692842110965
717 761 211.97078310523648 113.82690536597512
717 768 252.9700195491314 67.33831030130386
717 778 112.43496679328382 136.5216269325465
717 790 193.10231414251012 98.70586497748012
717 792 307.12351116910577 116.06232798099518
717 796 296.69695094553754 136.54819583892822
717 797 177.91487724311446 89.07305479012018
717 805 142.13755713880334 74.17449169873726
717 816 209.309814803034 90.09543156454674
717 819 290.48902889 252.84473573
718 754 290.73735301495634 253.0000253932697
718 761 212.0092738448875 113.78440442215653
718 768 251.8585856258869 66.09967374801636
718 778 111.55966848880053 137.78066321113147
718 790 193.07503084959515 98.70775029734888
718 792 304.73123367875814 113.62656056880952
718 796 293.8720498854527 133.00520372390747
718 797 177.92331892907532 89.05289452904924
718 805 141.58116000735038 75.30583194820792
718 816 209.2830856302935 90.03042040512537
719 754 290.7197147631636 252.9928937859192
719 761 212.0466971442802 113.73216628131922
719 768 250.7655971646309 64.86614206433296
719 777 295.72112913802266 92.51520138606428
719 778 110.8015951681882 138.84617785806768
719 790 193.04774755668015 98.71013568267144
719 792 302.40127658098936 111.29088735580444
719 796 291.213254100061 129.650541305542
719 797 177.92398962807056 89.02849771760623
719 805 141.0247628758974 76.44477839238243
719 816 209.2803899635792 89.98624355758056
720 754 290.7016004837244 252.985533599058
720 761 212.08156062220223 113.66926568670895
720 768 249.6804232299328 63.62385004758835
720 777 294.3903291337192 90.72872950416058
720 778 110.17725872341543 139.70551925746258
720 790 193.0204642637652 98.7130211334478
720 792 300.1290232054889 109.05360901355743
720 796 288.7093293191865 126.48882102966309
720 797 177.91611057762202 88.9998643557916
720 805 140.46836574444438 77.58879180581425
720 816 209.30172780289104 89.96290102191324
721 754 290.68301017663885 252.97794483268623
721 761 212.11228534928523 113.5947444010526
721 768 248.5903917253017 62.35678058862686
721 778 109.70399415958671 140.34603579354007
721 790 192.99318097085023 98.71640664967798
721 792 297.9113530702889 106.912659406662
721 796 286.349041272304 123.52173042297365
721 797 177.89890301528067 88.96699444360468
721 805 139.91196861299142 78.73533296273672
721 816 209.34709914822903 89.9603927981243
722 754 290.66394384190687 252.97012748680385
722 761 212.1372058579 113.50761120929384
722 768 247.4806448817253 61.04660791158676
722 778 109.39995962753892 140.75507585075684
722 790 192.96589767793523 98.72029223136194
722 792 295.74664179980755 104.86519873142242
722 796 284.12115569005255 120.74635696411131
722 797 177.87158817859017 88.92988798104614
722 805 139.3555714815384 79.8818626376451
722 816 209.4165039995933 89.97871888621194
722 824 290.9399414 253.0197601
723 754 290.6444014795284 252.96208156141088
723 761 212.1545701334253 113.40684191527544
723 768 246.33399748802185 59.67254224419594
723 778 109.28413642011584 140.91998781333675
723 790 192.93861438502023 98.72467787849972
723 792 293.6347611322999 102.90721070766448
723 796 282.0144383015577 118.15350532531738
723 797 177.8333873051015 88.88854496811575
723 805 138.79917435008542 81.02584160491824
723 816 209.50994235698545 90.01787928617705
724 754 290.6243830895036 252.9538070565073
724 761 212.1625396203017 113.29137934494064
724 778 109.3763289442286 140.82812006527092
724 790 192.91133109210529 98.7295635910913
724 792 291.57707902416587 101.03309607505798
724 796 280.01765483780764 115.72604084014893
724 797 177.7835216323656 88.8429654048133
724 805 138.24277721863243 82.16473063908052
724 816 209.627414220402 90.07787399801964
725 754 290.60388867183235 252.94530397209303
725 761 212.159189218306 113.16013334383024
725 770 221.30938742601307 188.46550577599555
725 778 109.69716475624593 140.46682099089958
725 790 192.8840477991903 98.7349493691367
725 792 289.5764594785869 99.23527014255524
725 796 278.1195710274624 113.43720865249634
725 797 177.7212123979043 88.79314929113877
725 805 137.68638008717943 83.29599051453988
725 816 209.76891958984743 90.15870302173973
726 754 290.5829182265147 252.93657230816825
726 761 212.1425072842976 113.01198077842128
726 770 221.30997494239767 188.46970238466747
726 778 110.26809453964232 139.82343897467945
726 790 192.8567645062753 98.7408352126359
726 792 287.63726269081235 97.50375509262084
726 796 276.30895260174293 111.24897718429564
726 797 177.64568083927588 88.73909662709264
726 805 137.12998295572646 84.41708200564608
726 816 209.9344584653172 90.26036635733726
727 754 290.5614717535506 252.9276120647328
727 761 212.1103956314037 112.84576553583612
727 770 221.3105624587823 188.45874541229568
727 778 111.11139210686088 138.88532240036875
727 790 192.82948121336037 98.7472211215889
727 792 285.7653449885547 95.82577919960022
727 796 274.57456528930925 109.1103539466858
727 797 177.55614819404582 88.68080741267465
727 805 136.57358582427344 85.52546588692348
727 816 210.1240308468141 90.3828640048132
727 829 403.7081878300005 212.18515319000016
727 830 405.07297670000025 299.5644836700012
728 754 290.5395492529401 252.9184232417868
728 761 212.0606695308816 112.6602985233767
728 770 221.3111499751669 188.4303425480612
728 778 112.25015442166476 137.63981965219136
728 790 192.80219792044537 98.75410709599568
728 792 283.96805883571506 94.1853677034378
728 796 272.90517482103314 106.95571374893188
728 797 177.45183569971414 88.61828164788437
728 805 136.01718869282047 86.61860293263453
728 816 210.33763673433805 90.52619596416572
728 829 395.35482176000096 202.1794036800011
728 830 396.4829590000009 284.49575044000267
729 754 290.5171507246832 252.9090058393301
729 761 211.99105771014 112.45435766980518
729 770 221.31173749155155 188.38209733949043
729 778 113.70830155257136 136.07427911483683
729 790 192.7749146275304 98.7614931358563
729 792 282.2542527765036 92.56294524669649
729 796 271.2895469261566 104.70313835144044
729 797 177.33196459388273 88.55151933272248
729 805 135.4607915613675 87.69395391733269
729 816 210.5752761278873 90.6903622353957
729 829 387.0014556900014 192.1736541700011
729 830 387.89294130000144 269.4270172100041
729 832 290.6128235 252.7675171
730 754 290.49427616877983 252.89935985736287
730 761 211.8992023516912 112.2266879233648
730 770 221.31232500793612 188.3115091866348
730 778 115.51057673431932 134.1760491722962
730 790 192.74763133461545 98.76937924117072
730 792 280.6342715993524 90.93492221832275
730 796 269.71644733520225 102.25274324417114
730 797 177.1957561140589 88.48052046718874
730 805 134.90439442991448 88.74897961548413
730 816 210.8369490274636 90.87536281850316
730 829 378.6480896200019 182.167904660002
730 830 379.302923600002 254.35828398000376
730 832 290.4245605 252.7091675
