1 1 407.9067179666668 315.10746255000004
2 1 401.3831583666668 299.61222330000004
3 1 394.8595987666666 284.11698405
3 2 120.0694885 168.1400604
4 8 365.7902787582154 223.83771820720915
4 9 95.48529053 191.7463989
5 8 360.4069380232895 212.8418503411389
6 8 355.62194545753835 202.82833182968147
7 8 351.36580020478885 193.71214881606056
8 8 347.57365736964647 185.41271239229272
8 12 63.6115036 225.5895233
9 8 344.1853280174949 177.85385859918728
10 8 341.1452791744964 170.96384842634637
10 15 46.16683578 248.574646
11 8 338.40263382759133 164.6753678121649
12 8 335.9111709244985 158.92552764383052
13 8 333.6293253737153 153.6558637573237
13 18 223.69385394592743 109.308443351265
14 8 331.52018804451706 148.81233693741763
14 18 222.6631994471117 111.32303984542663
15 8 329.5515057669578 144.34533291767846
15 18 221.41660758988192 113.43250954812848
15 20 101.70243788090367 231.66038110682328
16 8 327.69568133186976 140.20966238046492
16 18 219.98623374419915 115.66170421707658
16 20 100.61796112694242 231.2536681297453
17 8 325.9297734908635 136.3645609569286
17 18 218.3987657673256 118.0307157282268
18 8 324.2354969563281 132.77368922701385
18 18 216.67542400382516 120.5559880253015
19 8 322.5992224014309 129.40513271945787
19 18 214.83196128556287 123.25142906930648
19 20 97.78843450380104 229.84903161010828
20 8 321.0119764601175 126.23140191179056
20 18 212.8786629317052 126.12952278804778
20 20 96.95816602813925 229.3271155185716
21 8 319.46944172711204 123.22943223033468
21 18 210.82034674872017 129.2024410256485
21 20 96.1708724627193 228.78224510677785
22 8 317.9719567579169 120.38058405020564
22 18 208.65636303037687 132.48315549206598
22 20 95.41889770485888 228.21675895806987
23 8 316.52451606881283 117.67064269531184
23 18 206.38059455774604 135.98654971260814
23 20 94.69487303240112 227.63299565579084
24 8 315.1367701368589 115.08981843835431
24 18 203.98145659919965 139.7305309774506
24 20 93.99171710371454 227.03329378328368
25 8 313.82302539989274 112.63274650082688
25 18 201.4418969104112 143.73714229115373
25 20 93.30263595769313 226.4199919238914
26 8 312.60224425653007 110.29848705301616
26 18 198.73939573435536 148.0336743221791
26 20 92.62112301375628 225.79542866095704
27 8 311.49804506616505 108.09052521400156
27 18 195.84596580130844 152.65377735240682
27 20 91.94095907184888 225.1619425778236
28 8 310.5387021489704 106.01677105165533
28 18 192.72815232884787 157.63857322665177
28 20 91.2562123124412 224.52187225783408
29 8 309.7571457858969 104.08955958264232
29 18 189.34703302185267 163.03776730218112
29 20 90.561238296529 223.8775562843315
30 8 309.1909622186738 102.32565077242045
30 18 185.65821807250305 168.9107603982306
30 20 89.85067996563342 223.23133324065884
31 8 308.8823936498088 100.74622953524016
31 18 181.6118501602809 175.32776074552203
31 20 89.11946764180107 222.5855417101592
32 18 177.15260445196915 182.3708959357794
32 20 88.36281902760398 221.94252027617543
33 18 172.21968860165234 190.13532487124635
33 20 87.57623920613966 221.3046075220507
34 18 166.7468427507162 198.7303497142025
34 20 86.75552064103098 220.674142031128
35 18 160.6623395278481 208.28052783648107
35 20 85.89674317642631 220.05346238675017
36 18 153.88898404903665 218.92678376898496
36 20 84.99627403699945 219.44490717226043
37 18 146.34411391757163 230.82752115120385
37 20 84.05076782794961 218.85081497100168
38 18 137.93959922404463 244.1597346807313
38 20 83.05716653500144 218.27352436631696
39 18 128.58184254634847 259.1201220627812
39 20 82.01269952440511 217.71537394154925
40 18 118.1717789496771 275.9261959597051
40 20 80.91488354293604 217.1787022800416
41 20 79.76152271789528 216.66584796513703
42 20 78.55070855710923 216.1791495801785
43 20 77.28081994892975 215.72094570850905
44 20 75.95052316223405 215.2935749334717
45 20 74.55877184642493 214.89937583840936
46 20 73.10480703143051 214.5406870066652
47 20 71.58815712770436 214.2198470215821
48 20 70.00863792622559 213.93919446650315
49 20 68.36635259849861 213.7010679247713
50 20 66.66169169655332 213.50780597972965
50 41 288.3453925451731 296.826430107707
51 20 64.8953331529451 213.3617472147211
51 41 281.2191209897192 286.1838933992958
52 20 63.06824228075466 213.2652302130888
52 41 274.4973774435066 276.6437783743204
53 20 61.18167177358829 213.22059355817555
53 41 268.1810471395502 268.1048490937101
53 43 290.0082828117648 186.15243261176465
54 20 59.237161705577606 213.23017583332447
54 41 262.26485984592455 260.47228923350303
54 43 290.3727622169412 184.01925515694117
55 20 57.23653953137973 213.2963156218787
55 41 256.7381908269963 253.65749744786532
55 43 290.73724162211766 181.88607770211763
56 20 55.1819200861771 213.42135150718104
56 41 251.5858232549517 247.57788273208823
57 20 53.07570558567781 213.60762207257463
57 41 246.78867207176157 242.1566597855899
58 20 50.92058562611514 213.8574659014024
58 41 242.3244693015631 237.3226443749409
58 43 291.83067983764704 175.48654533764704
59 41 238.16841081339496 233.0100486968568
60 20 46.475824617360615 214.5572276827327
60 41 234.2937645343345 229.158276741201
61 20 44.19299966326277 215.01182280192123
61 41 230.67244011305505 225.71171965401663
61 43 292.92411805317647 169.08701297317646
62 20 41.874901440289534 215.539345517916
62 41 227.27552003375692 222.61955110050803
62 43 293.2885974583529 166.95383551835295
63 20 39.5256564473015 216.14213441406
63 41 224.0737521804367 219.83552262806188
64 41 221.03800385169143 217.31775902923616
65 20 34.75166904935065 217.5828650801679
65 41 218.139677225764 215.0285537048003
66 20 32.336616544736174 218.4254840168178
66 41 215.35108627607133 212.9341640267021
67 20 29.909797070803634 219.35272346698895
67 41 212.64579513712036 211.00460670112352
68 41 209.99891792073504 209.2134531314232
69 41 207.38737998280797 207.5376247812237
70 41 204.79014064039168 205.95718853734343
71 41 202.18837733907912 204.4551520728473
72 41 199.5656312709134 203.017259210028
73 41 196.90791444271144 201.63178528346816
74 41 194.20377819459736 200.28933250296905
75 41 191.44434316915067 198.98262531659293
76 41 188.62329073079675 197.70630577370505
77 41 185.7368158356121 196.45672888792612
77 49 191.75414274000028 138.51656352545456
78 41 182.78354135159225 195.2317580001727
78 49 191.52198377393967 138.4993024175758
79 41 179.76439382926583 194.03056014164395
79 49 191.3339524184851 138.482041309697
80 41 176.68244072274047 192.85340139684376
80 49 191.1900486736366 138.4647802018182
81 41 173.54268906096058 191.70144226659704
81 49 191.09027253939416 138.4475190939394
82 41 170.35184556968852 190.5765330310196
82 49 191.0346240157578 138.43025798606064
83 41 167.11803824362596 189.48100911254733
83 49 191.0231031027275 138.41299687818184
84 41 163.85049936894302 188.41748643899157
84 49 191.05570980030325 138.39573577030305
85 41 160.55920999629234 187.3886568064236
85 49 191.13244410848512 138.37847466242428
86 41 157.25450586429906 186.39708324234016
86 49 191.253306027273 138.3612135545455
87 41 153.94664477309925 185.4449953685125
88 41 150.64533540869888 184.5340847641328
89 41 147.3592276174195 183.6653003287147
90 41 144.09536413087972 182.8386436451556
91 41 140.85859374120537 182.0529643427435
92 41 137.6509459271956 181.30575546015007
93 41 134.47096692979176 180.59294880841023
94 41 131.31301727917162 179.908710334018
95 41 128.16653077127285 179.2452354818206
96 41 125.0152348953734 178.59254455809605
97 41 121.83633271154213 177.9382780935648
98 41 118.59964617905644 177.2674922063652
99 41 115.26672093459548 176.56245396507074
100 41 111.7898925211357 175.80243675165912
101 41 108.1113140674688 174.96351562463133
