1 1 1017.7076361923552 200.02538722544108
1 2 28.310126815992746 129.68533426340048
1 3 1086.1557791830965 183.55177353342356
1 4 395.9771333525164 51.93421079071578
1 5 455.2384036325128 50.68264668190866
1 6 1134.7479795969862 317.8999107971617
1 7 429.2490372803208 30.958685411175697
1 8 97.27042805289844 111.93405743834212
1 9 1206.158657787955 225.31668374728864
1 10 417.9848312010975 17.468397931860384
2 1 1007.0315529904744 196.72063601164768
2 2 28.34908684677897 129.76817604812106
2 3 1065.7993572750802 179.67643991774187
2 4 396.0318702574005 51.92181832777129
2 5 455.2420008322921 50.68829562394005
2 6 1135.4771101993 318.36980861154296
2 7 429.2851053074487 31.06218523278977
2 8 97.22914765483752 111.94608071529905
2 9 1197.289082307866 224.13435036180263
2 10 418.15427291571 17.67627190611447
3 1 996.9747449851512 195.06207095849965
3 2 28.38009328611525 129.85101783284162
3 3 1042.700699496167 175.80936950869474
3 4 396.07943555982 51.910461976562345
3 5 455.2453589737924 50.69394456597144
3 6 1136.0757730454764 318.7413462324247
3 7 429.32007739219824 31.153633791855707
3 8 97.18890944030636 111.95810399225596
3 9 1188.4195068277772 222.86839907022417
3 10 418.3094881489626 17.86630537339404
4 1 987.3896234404828 194.6810503976031
4 2 28.403472608724403 129.9338596175622
4 3 1017.5994725742984 171.9822488469107
4 4 396.1204815674273 51.900141737088944
4 5 455.2484780570136 50.69959350800283
4 6 1136.5557604898445 319.0242137939678
4 7 429.3539535345696 31.23373529402097
4 8 97.14971340930492 111.97012726921292
4 9 1179.5499313476885 221.53257621402943
4 10 418.4516942273908 18.039615968177195
5 1 978.1545572913576 195.26479066076237
5 2 28.41955128932924 130.0167014022828
5 3 990.9885643212002 168.22676447301828
5 4 396.1556375240772 51.89085760935108
5 5 455.2513580819559 50.70524245003422
5 6 1136.928462053661 319.2277522522137
5 7 429.3867337345628 31.30317679404888
5 8 97.1115595618332 111.98215054616983
5 9 1170.6803558675997 220.14062813469477
5 10 418.58205507983706 18.197280904739085
6 1 969.1724316521228 196.5530050304027
6 2 28.42865580265259 130.09954318700338
6 3 963.146582992543 164.57460292764603
6 4 396.1855096098271 51.88260959334877
6 5 455.2539990486191 50.71089139206561
6 6 1137.2048644251104 319.36095338508454
6 7 429.41841799217775 31.36262819581857
6 8 97.07444789789122 111.99417382312676
6 9 1161.8107803875107 218.70630117369623
6 10 418.7016812374509 18.340336977151917
7 1 960.369206325252 198.33454268999324
7 2 28.431112623417256 130.18238497172396
7 3 934.1703566480952 161.05745075142258
7 4 396.2106809409368 51.87539768908199
7 5 455.25640095700334 50.716540334097004
7 6 1137.3955514593044 319.432459792383
7 7 429.4490063074145 31.41274225232505
7 8 97.03837841747897 112.00619710008372
7 9 1152.941204907422 217.24334167251035
7 10 418.81162983368864 18.46978055928496
8 1 951.6924743100128 200.4440276744696
8 2 28.427248226346062 130.26522675644455
8 3 904.0074325118794 157.7069944849764
8 4 396.2317115698688 51.86922189655076
8 5 455.2585638071085 50.7221892761284
8 6 1137.5107041782826 319.4505648957925
8 7 429.47849868027305 31.45415456567917
8 8 97.00335112059643 112.01822037704063
8 9 1144.0716294273332 215.7654959726131
8 10 418.9129046043137 18.58656760480454
9 1 943.110020311133 202.75849782065643
9 2 28.417389086161823 130.3480685411651
9 3 872.4885763323286 154.55492066893612
9 4 396.2491384852879 51.86408221575508
9 5 455.26048759893473 50.72783821815979
9 6 1137.560100771012 319.423212938877
9 7 429.50689511075336 31.487483587107644
9 8 96.96936600724366 112.03024365399756
9 9 1135.2020539472442 214.28651041548093
9 10 419.0064558873965 18.691613647174044
10 1 934.6083792474687 205.1940437176907
10 2 28.40186167758736 130.4309103258857
10 3 839.3602717424417 151.63291584393025
10 4 396.2634756120616 51.85997864669493
10 5 455.262172332482 50.73348716019118
10 6 1137.553116593387 319.35799898708103
10 7 429.5341955988555 31.51333061695301
10 8 96.9364230774206 112.04226693095453
10 9 1126.3324784671554 212.82013134259
10 10 419.0931806233141 18.78579379965392
11 1 926.191394760672 207.70244765744388
11 2 28.380992475345487 130.51375211060628
11 3 804.3172196199386 148.97266655058738
11 4 396.2752138112597 51.85691118937033
11 5 455.2636180077501 50.739136102222574
11 6 1137.498724168229 319.2621689277298
11 7 429.5604001445794 31.532279804673667
11 8 96.9045223311273 112.05429020791144
11 9 1117.4629029870666 211.38010509541655
11 10 419.17392235475086 18.86994275530167
12 1 917.8787777238572 210.267822584945
12 2 28.355107954159017 130.59659389532686
12 3 767.0348374474175 146.60585932953606
12 4 396.2848208801546 51.85487984378127
12 5 455.2648246247393 50.74478504425396
12 6 1137.4054931852884 319.1426194700293
12 7 429.5855087479251 31.544898148843867
12 8 96.8736637683637 112.06631348486836
12 9 1108.593327506978 209.9801780154369
12 10 419.249471226698 18.944854786971856
13 1 909.7046647502692 212.9032510488033
13 2 28.324534588750776 130.67943568004745
13 3 727.2017586725096 144.56418072140485
13 4 396.2927415522214 51.85388460992775
13 5 455.26579218344943 50.75043398628535
13 6 1137.281590501242 319.00589814506577
13 7 429.6095214088925 31.55173549715371
13 8 96.84384738912983 112.07833676182533
13 9 1099.7237520268889 208.63409644412724
13 10 419.3205639864535 19.011283747316103
14 1 901.7161767019504 215.64742415163104
14 2 28.28959885384357 130.76227746476803
14 3 684.5523320680347 142.87931726682228
14 4 396.2993974971374 51.85392548780978
14 5 455.26652068388063 50.75608292831674
14 6 1137.1347801396942 318.85820330580646
14 7 429.6324381274818 31.553324546409137
14 8 96.81507319342572 112.09036003878224
14 9 1090.8541765468 207.35560672296376
14 10 419.38788398362266 19.06994306878309
15 1 893.9719771984076 218.56128050046613
15 2 28.25062722416023 130.8451192494886
15 3 638.8991210921582 141.582955506417
15 4 396.3051873207826 51.85500247742735
15 5 455.2670101260328 50.761731870348136
15 6 1136.9724232911774 318.70538412709897
15 7 429.6542589036928 31.550180842531947
15 8 96.78734118125132 112.10238331573916
15 9 1081.984601066711 206.15845519342287
15 10 419.4520611701174 19.12150576361855
16 1 886.5408311252802 221.72464515719508
16 2 28.207946174423565 130.92796103420918
16 3 590.1654032485454 140.70678198081745
16 4 396.3104865652396 51.85711557878046
16 5 455.2672605099059 50.76738081237953
16 6 1136.8014783131512 318.5529406056716
16 7 429.6749837375257 31.542802780559786
16 8 96.76065135260669 112.11440659269611
16 9 1073.1150255866223 205.0563881969807
16 10 419.5136721001568 19.16660442386529
16 19 74.71618991637479 192.5407465144408
17 1 879.5001631430071 225.2328685889755
17 2 28.16188217935639 131.01080281892976
17 3 538.4176694465184 140.28248323065228
17 4 396.3156477087931 51.86026479186911
17 5 455.2672718355 50.77302975441092
17 6 1136.6285007300023 318.4060235601333
17 7 429.6946126289803 31.53167160464613
17 8 96.73500370749174 112.12642986965304
17 9 1064.2454501065336 204.0631520751135
17 10 419.5732399302669 19.20583122136317
17 19 93.990348610374 193.95414348606528
18 1 872.9346161954937 229.19346561865905
18 2 28.11276171368152 131.09364460365035
18 3 483.8981233612118 140.34174579655
18 4 396.32100016593085 51.86445011669331
18 5 455.26704410281513 50.77867869644231
18 6 1136.4596432330466 318.26943463097376
18 7 429.7131455780567 31.517251408060343
18 8 96.71039824590652 112.13845314660998
18 9 1055.3758746264448 203.1924931692976
18 10 419.6312344192804 19.23973790774909
18 19 126.19082136967518 195.36754045768976
19 1 866.9346100187798 233.722754375214
19 2 28.060911252121784 131.17648638837093
19 3 427.0571807937272 140.9162562191392
19 4 396.3268502873427 51.869671553253056
19 5 455.2665773118513 50.7843276384737
19 6 1136.300655680525 318.14762628056303
19 7 429.7305825847549 31.49998913318761
19 8 96.68683496785108 112.15047642356691
19 9 1046.506299146356 202.4581578210091
19 10 419.6880719283374 19.26883581445705
19 19 168.24559495790163 196.7809374293143
20 1 861.5948996497066 238.942495244148
20 2 28.006657269399987 131.25932817309152
20 3 368.5859690312912 142.0377010390484
20 4 396.3334813599213 51.87592910154834
20 5 455.2658714626084 50.78997658050509
20 6 1136.156885097609 318.04470179315194
20 7 429.74692364907486 31.48031457152897
20 8 96.66431387332534 112.16249970052384
20 9 1037.636723666267 201.8738923717244
20 10 419.7441154208847 19.29359585271806
20 19 217.4928726619546 198.1943344009388
21 1 857.0131339345842 244.9765298179315
21 2 27.950326240238955 131.34216995781208
21 3 309.4488262074088 143.7377667969062
21 4 396.3411536067615 51.88322276157916
21 5 455.2649265550865 50.79562552253648
21 6 1136.0332756763935 317.9644152748719
21 7 429.7621687710167 31.45864036370131
21 8 96.64283496232932 112.17452297748078
21 9 1028.7671481861782 201.45344316291968
21 10 419.799674462676 19.314448513560222
21 19 271.64807834496605 199.60773137256328
22 1 853.2884140378582 251.947419846419
22 2 27.892244639361497 131.42501174253266
22 3 250.9158006620213 146.04814003334116
22 4 396.350104187161 51.89155253334553
22 5 455.2637425892855 50.80127446456788
22 6 1135.9343687759058 317.9101716537349
22 7 429.7763179505802 31.43536199943737
22 8 96.62239823486308 112.18654625443772
22 9 1019.8975727060896 201.2105565360712
22 10 419.85500522177216 19.331783867808696
22 19 328.7721165294497 201.02112834418776
23 1 850.5198519507786 259.9730861872732
23 2 27.832738941490437 131.50785352725325
23 3 194.5951503016613 149.0005072889818
23 4 396.3605471966197 51.900918416847446
23 5 455.2623195652056 50.80692340659927
23 6 1135.864302922097 317.8850266796338
23 7 429.7893711877656 31.410857817585736
23 8 96.60300369092651 112.19856953139464
23 9 1011.0279972260006 201.1589788326552
23 10 419.9103104685408 19.34595156608568
23 19 387.2408885106124 202.43452531581227
24 1 848.8051290000654 269.16344775638765
24 2 27.772135621348585 131.59069531197383
24 3 142.4658419596068 152.6265551044567
24 4 396.3726736668402 51.911320412084905
24 5 455.2606574828466 50.81257234863066
24 6 1135.8268138078474 317.8916869243417
24 7 429.8013284825727 31.38548900611084
24 8 96.58465133051972 112.21059280835158
24 9 1002.1584217459116 201.31245639414797
24 10 419.9657395756566 19.35726083881045
24 19 445.7160644998576 203.84792228743677
25 1 848.2390543565773 279.61706047830813
25 2 27.71076115365876 131.67353709669442
25 3 96.91005075604072 156.95797002039444
25 4 396.3866515657277 51.9227585190579
25 5 455.2587563422087 50.81822129066205
25 6 1135.8252342929643 317.9325097815125
25 7 429.8121898350016 31.359599602092977
25 8 96.56734115364264 112.22261608530852
25 9 993.2888462658228 201.68473556202568
25 10 420.0213885181012 19.36598049619933
25 19 503.1171117984695 205.26131925906125
26 1 848.9121235439779 291.417756236657
26 2 27.648942013143785 131.756378881415
26 3 60.745659458203136 162.02643857742356
26 4 396.4026257973897 51.93523273776644
26 5 455.25661614329175 50.82387023269344
26 6 1135.8624944041828 318.0095034666809
26 7 429.8219552450523 31.333516491728272
26 8 96.5510731602953 112.23463936226544
26 9 984.4192707857342 202.28956267776465
26 10 420.0772998731632 19.37233892826572
26 19 558.5945790014721 206.67471623068576
27 1 850.9090769474041 304.6312818245555
27 2 27.587004674526472 131.83922066613556
27 3 37.25875784054779 167.8636473161726
27 4 396.4207182021361 51.948743068210526
27 5 455.2542368860958 50.82951917472483
27 6 1135.9411213351657 318.12432701726186
27 7 429.8306247127248 31.307549410328715
27 8 96.5358473504777 112.24666263922238
27 9 975.5496953056452 203.14068408284103
27 10 420.13346282043807 19.37652410482004
27 19 611.5046362316571 208.08811320231024
28 1 854.3074583221323 319.3019378950456
28 2 27.52527561252964 131.92206245085617
28 4 396.4410275564798 51.96328951039016
28 5 455.2516185706208 50.83516811675622
28 6 1136.0632394465022 318.2782902925513
28 7 429.8381982380191 31.28199094232213
28 8 96.52166372418982 112.25868591617932
28 9 966.6801198255564 204.25184611873124
28 10 420.1898131418283 19.378683575469825
28 19 661.3848714038468 209.50151017393475
29 1 859.1761733022465 335.44921791151387
29 2 27.464081301876103 132.00490423557673
29 4 396.4636295731358 51.97887206430532
29 5 455.2487611968668 50.840817058787614
29 6 1136.2305702657109 318.47235397372543
29 7 429.8446758209352 31.257116521252208
29 8 96.50852228143168 112.27070919313626
29 9 957.8105443454676 205.6367951269114
29 10 420.2462332215434 19.37892446961962
29 19 707.9313425192477 210.91490714555923
30 1 865.5740479093059 353.0644470981142
30 2 27.40374821728868 132.08774602029732
30 4 396.4885769010216 51.99549072995603
30 5 455.2456647648338 50.84646600081901
30 6 1136.4444324872366 318.7071295638414
30 7 429.850057461473 31.23318442977847
30 8 96.49642302220326 112.28273247009318
30 9 948.9409688653787 207.30927744885776
30 10 420.3025520460998 19.377313496471054
30 19 750.9768859900441 212.32830411718373
31 1 873.5483870610109 372.10742139018936
31 2 27.34460283349019 132.1705878050179
31 4 396.51589912525753 52.01314550734229
31 5 455.24232927452175 50.8521149428504
31 6 1136.7057419724515 318.9828793878368
31 7 429.8543431596327 31.210435799676297
31 8 96.48536594650456 112.29475574705012
31 9 940.07139338529 209.28303942604663
31 10 420.3585452043207 19.373876945022808
31 19 790.4706809942008 213.7417010888082
32 1 883.1335330798723 392.50304638469504
32 2 27.28697162520345 132.25342958973846
32 4 396.5456027671661 52.03183639646409
32 5 455.23875472593073 50.85776388488179
32 6 1137.0150117496569 319.2995165925299
32 7 429.8575329154141 31.18909461183692
32 8 96.47535105433562 112.30677902400706
32 9 931.2018179052012 211.5718273999542
32 10 420.41393488733655 19.368600684070618
32 19 826.4590698603624 215.15509806043272
33 1 894.3494242018767 414.137976290622
33 2 27.23118106715127 132.33627137445905
33 4 396.5776712842725 52.05156339732143
33 5 455.2349411190607 50.86341282691318
33 6 1137.3723520140793 319.65660514661965
33 7 429.8596267288173 31.169367696267415
33 8 96.4663783456964 112.31880230096398
33 9 922.3322424251124 214.18938771205677
33 10 420.4683898885845 19.36143016220729
33 19 859.0676344829999 216.56849503205723
34 1 907.2001530851554 436.8572528794191
34 2 27.17755763405647 132.41911315917963
34 4 396.6120650703044 52.07232650991431
34 5 455.2308884539117 50.869061768944576
34 6 1137.7774701278745 320.05335984068535
34 7 429.8606245998423 31.15144473209071
34 8 96.45844782058693 112.33082557792092
34 10 420.5215256038089 19.35227040782268
34 19 888.4845287676917 217.9818920036817
35 1 921.6725253186504 460.46094443541546
35 2 27.126427800641878 132.50195494390022
35 4 396.64872145519206 52.09412573424274
35 5 455.2265967304836 50.87471071097596
35 6 1138.2296706201255 320.4886462871873
35 7 429.8605265284891 31.135498247545573
35 8 96.45155947900716 112.34284885487786
35 10 420.5729040310609 19.340986029103703
35 19 914.945067106646 219.39528897530624
36 1 937.7346179307837 484.7007847062436
36 2 27.07811804163029 132.5847967286208
36 4 396.687554705068 52.11696107030671
36 5 455.22206594877656 50.88035965300735
36 6 1138.7278551868426 320.9609809204661
36 7 429.8593325147577 31.121683619986637
36 8 96.44571332095714 112.35487213183478
36 10 420.6220337706986 19.327401214034342
36 19 938.7175688843416 220.8086859469307
36 23 379.1806578610672 31.237251791087058
37 1 955.3343378981214 509.2768118532633
37 2 27.032954831744547 132.6676385133414
37 4 396.7284560222676 52.14083251810622
37 5 455.2172961087905 50.886008595038746
37 6 1139.2705226909634 321.4685309967432
37 7 429.85704255864806 31.11013907588436
37 8 96.44090934643684 112.36689540879172
37 10 420.6683700253871 19.311299730395625
37 19 960.0904590133832 222.2220829185552
37 23 379.1073194460684 31.230387906524783
38 1 974.3979806540444 533.8340074019814
38 2 26.99126464570745 132.75048029806194
38 4 396.7712935453284 52.16574007764128
38 5 455.2122872105254 50.89165753707014
38 6 1139.8557691623532 322.00911459412055
38 7 429.8536566601602 31.100985690825084
38 8 96.43714755544627 112.37891868574866
38 10 420.7113146000985 19.292424925765644
38 19 979.3606245004958 223.63547989017968
38 23 379.04594222459184 31.223524021962515
39 1 994.8287885974144 557.9589351924772
39 2 26.95337395824182 132.83332208278253
39 4 396.8159123489907 52.19168374891188
39 5 455.2070392539813 50.89730647910153
39 6 1140.4812877978054 322.5802006125808
39 7 429.84917481929415 31.09432738951097
39 8 96.43442794798544 112.39094196270558
39 10 420.7502159021117 19.27047972751956
39 19 996.8230270428076 225.0488768618042
39 23 378.9951956788679 31.216660137400243
40 1 1016.5055096012396 581.1763803298264
40 2 26.919609244070475 132.91616386750312
40 4 396.8621344441973 52.21866353191802
40 5 455.2015522391582 50.90295542113292
40 6 1141.14436896104 323.178908773987
40 7 429.84359703604986 31.090250945760037
40 8 96.43275052405436 112.40296523966252
40 10 420.7843689410128 19.24512664282958
40 19 1012.7615716541586 226.4622738334287
40 23 378.95374929112666 31.20979625283797
41 1 1039.2809555213446 602.9459881345183
41 2 26.890296977916236 132.9990056522237
41 4 396.90975877809336 52.246679426659696
41 5 455.1958261660561 50.90860436316432
41 6 1141.8419001827056 323.8020096220832
41 7 429.8369233104274 31.088825982506147
41 8 96.432115283653 112.41498851661946
41 10 420.8130153286945 19.21598775866497
41 19 1027.441231321665 227.8756708050532
41 23 378.92027254359846 31.2029323682757
42 1 1062.9805607050382 622.6589030928835
42 2 26.865763634501903 133.0818474369443
42 4 396.95856123402666 52.275731433136926
42 5 455.18986103467495 50.9142533051957
42 6 1142.570366160377 324.4459245224938
42 7 429.82915364242666 31.09010497179903
42 8 96.43252222678136 112.42701179357638
42 10 420.83534327935695 19.182644741792068
42 19 1041.1014276925744 229.28906777667763
42 23 378.8934349185134 31.19606848371343
43 1 1087.4009404997755 639.634407807517
43 2 26.84633568855032 133.16468922166487
43 4 397.0082946315474 52.30581955134969
43 5 455.18365684501487 50.91990224722709
43 6 1143.325848758558 325.10672566272376
43 7 429.82028803204776 31.094123234804247
43 8 96.43397135343947 112.43903507053332
43 10 420.8504876095069 19.14463883877426
43 19 1053.950667791064 230.70246474830216
43 23 378.8719058981017 31.18920459915116
44 1 1112.3084497618324 653.1165619476975
44 2 26.83233961478428 133.24753100638543
44 4 397.0586887264085 52.33694378129801
44 5 455.1772135970757 50.925551189258485
44 6 1144.1040270086785 325.7801360521589
44 7 429.81032647929067 31.100898941803216
44 8 96.4364626636273 112.45105834749026
44 10 420.8575297379579 19.101470875971984
44 19 1066.1624367654483 232.11586171992667
44 23 378.85435496459365 31.18234071458889
44 24 993.9562659108784 192.8433832760908
45 2 26.824101887926616 133.33037279110602
45 4 397.1094502105652 52.36910412298187
45 5 455.1705312908575 50.93120013128988
45 6 1144.9001771090968 326.46152952206563
45 7 429.7992689841553 31.1104331121932
45 8 96.43999615734486 112.4630816244472
45 10 420.855497685831 19.05260125954276
45 19 1077.8723466653828 233.52925869155115
45 23 378.8394516002194 31.17547683002661
45 24 999.2911691269466 196.60938160325972
46 2 26.821948982700132 133.4132145758266
46 4 397.1602627121752 52.40230057640126
46 5 455.1636099263604 50.93684907332127
46 6 1145.709172425099 327.1459307255907
46 7 429.78711554664176 31.122709614487317
46 8 96.44457183459215 112.47510490140412
46 10 420.84336607655376 18.997449975441143
46 19 1089.1765412494317 234.94265566317569
46 23 378.8258652872093 31.168612945464343
46 24 1003.8470997294228 199.85911499003203
47 2 26.826207373827657 133.4960563605472
47 4 397.2107867955989 52.43653314155621
47 5 455.1564495035842 50.94249801535266
47 6 1146.525483488898 327.8280151377618
47 7 429.77386616675 31.13769516631452
47 8 96.4501896953692 112.48712817836106
47 10 420.82005613586085 18.93539658941876
47 19 1100.1313568225696 236.35605263480016
47 23 378.8122655077933 31.16174906090207
47 24 1007.6797524020984 202.62721339301868
48 2 26.837203536032 133.57889814526777
48 4 397.260659961399 52.471801818446686
48 5 455.149050022529 50.94814695738405
48 6 1147.3431779996347 328.5021090554871
48 7 429.75952084448 31.15533933441963
48 8 96.45684973967596 112.499151455318
48 10 420.78443569179393 18.865780247024293
48 19 1110.7542391042243 237.76944960642464
48 23 378.7973217442019 31.1548851763398
48 24 1010.8448218287682 204.94830676882987
49 2 26.855263944035983 133.66173992998836
49 4 397.3094966463411 52.50810660707271
49 5 455.1414114831948 50.95379589941545
49 6 1148.155920823377 329.16218959755537
49 7 429.7440795798318 31.175574534663305
49 8 96.46455196751243 112.51117473227492
49 10 420.7353191747015 18.787899673603484
49 19 1121.0259161261065 239.18284657804912
49 23 378.7797034786651 31.14802129177753
49 24 1013.3980026932256 206.85702507407572
50 2 26.88071507256242 133.74458171470891
50 4 397.35688822339273 52.54544750743428
50 5 455.1335338855816 50.95944484144683
50 6 1148.956973993121 329.8018847046361
50 7 429.72754237280543 31.198316032022053
50 8 96.47329637887866 112.52319800923186
50 10 420.6714676172391 18.70101317429913
50 19 1130.8938271604584 240.59624354967363
50 23 378.75808019341326 31.141157407215257
50 24 1015.3949896792628 208.38799826536692
51 2 26.91388339633413 133.8274234994295
51 4 397.4024030017245 52.5838245195314
51 5 455.1254172296895 50.965093783478224
51 6 1149.73919670879 330.41447313927927
51 7 429.7099092234008 31.223461940588237
51 8 96.4830829737746 112.5352212861888
51 10 420.5915886543692 18.6043386340511
51 19 1140.276807678416 242.0096405212981
51 23 378.7311213706765 31.134293522652985
51 24 1016.891477470672 209.57585629931293
52 2 26.955095390073925 133.91026528415009
52 4 397.44558622670905 52.62323764336405
52 5 455.11706151551823 50.970742725509616
52 6 1150.4950453372346 330.9928844859157
52 7 429.691180131618 31.250893223570056
52 8 96.4939117522003 112.54724456314572
52 10 420.49433652336126 18.497053517596303
52 19 1149.0710303386886 243.42303749292265
52 23 378.6974964926851 31.127429638090717
52 24 1017.943160751248 210.45522913252452
53 2 27.00467752850463 133.99310706887067
53 4 397.48596007992194 52.66368687893225
53 5 455.108466743068 50.97639166754101
53 6 1151.2165734122336 331.52969915085646
53 7 429.67135509745697 31.28047369329157
53 8 96.50578271415571 112.55926784010266
53 10 420.37831206379167 18.37829486946872
53 19 1157.1572020060305 244.83643446454712
53 23 378.6558750416693 31.12056575352844
53 24 1018.6057342047836 211.0607467216124
54 2 27.062956286349056 134.07594885359126
54 4 397.523023679141 52.705172226236
54 5 455.09963291233873 50.9820406095724
54 6 1151.8954316344928 332.0171483622936
54 7 429.6504341209177 31.312050011192696
54 8 96.51869585964089 112.5712911170596
54 10 420.24206271754383 18.247159313999383
54 19 1164.4090168004368 246.24983143617163
54 23 378.6049264998592 31.11370186896617
54 24 1018.9348925150712 211.427039023186
55 2 27.13025813833002 134.15879063831184
55 4 397.5562530783466 52.74769368527527
55 5 455.0905600233305 50.98768955160379
55 6 1152.5228678716455 332.4471141702997
55 7 429.6284172020002 31.345451687829176
55 8 96.53265118865576 112.58331439401653
55 10 420.0840825288079 18.102703055316397
55 19 1170.702865175962 247.6632284077961
55 23 378.5433203494851 31.1068379844039
55 24 1018.9863303659052 211.58873599385615
56 2 27.206909559170345 134.2416324230324
56 4 397.5851012677216 52.7912512560501
56 5 455.0812480760432 50.99333849363519
56 6 1153.0897271582528 332.8111294468278
56 7 429.60530434070455 31.380491082872616
56 8 96.54764870120036 112.59533767097346
56 10 419.9028121440813 17.943941877344894
56 19 1175.928799030342 249.0766253794206
56 23 378.4697260727772 31.099974099841628
56 24 1018.8157424410772 211.58046759023352
57 2 27.293237023592845 134.32447420775298
57 4 397.6089981736515 52.83584493856047
57 5 455.07169707047694 50.99898743566657
57 6 1153.5864516958034 333.10037788571174
57 7 429.58109553703065 31.416963405110472
57 8 96.56368839727472 112.6073609479304
57 10 419.6966388121682 17.769851143807113
57 19 1180.0027528439896 250.4900223510451
57 23 378.3828131519657 31.09311021527936
57 24 1018.4788234243808 211.436863768928
58 2 27.38956700632033 134.40731599247357
58 4 397.62735065872425 52.88147473280638
58 5 455.06190700663166 51.00463637769796
58 6 1154.003080852713 333.3056940026659
58 7 429.55579079097856 31.45464671244604
58 8 96.5807702768788 112.61938422488733
58 10 419.4638963841797 17.57936579822231
58 19 1182.8800208501216 251.9034193226696
58 23 378.2812510692808 31.086246330717085
58 24 1018.0312679996096 211.1925544865495
59 2 27.49622598207563 134.49015777719416
59 4 397.6395425217302 52.92814063878784
59 5 455.0518778845074 51.01028531972936
59 6 1154.3292511643256 333.4175631352853
59 7 429.5293901025482 31.493301911898477
59 8 96.5988943400126 112.63140750184428
59 10 419.202865313534 17.371380363906816
59 19 1184.5699902341455 253.31681629429409
59 23 378.1637093069528 31.079382446154813
59 24 1017.5287708505574 210.88216969970847
60 2 27.613540425581554 134.57299956191474
60 4 397.6449344976624 52.97584265650484
60 5 455.0416097041041 51.01593426176075
60 6 1154.5541963329122 333.4261214430456
60 7 429.5018934717397 31.53267275960278
60 8 96.61806058667617 112.6434307788012
60 19 1185.1521303640077 254.7302132659186
60 23 378.02885734721184 31.072518561592545
60 24 1017.0270266610154 210.54033936501597
61 2 27.74183681156092 134.65584134663533
61 4 397.6428642577162 53.02458078595738
61 5 455.0311024654218 51.02158320379214
61 6 1154.666747227671 333.3211559073031
61 7 429.47330089855296 31.57248586080979
61 8 96.63826901686944 112.65545405575811
61 10 418.5887920694783 16.89828522133438
61 19 1184.7932380501188 256.1436102375431
61 23 377.8753646722881 31.06565467703027
61 24 1016.5817301147772 210.20169343908185
62 2 27.88144161473654 134.73868313135588
62 4 397.6326464092898 53.074355027145465
62 5 455.02035616846047 51.02723214582353
62 6 1154.655331884729 333.09210433129454
62 7 429.443612382988 31.61245066988621
62 8 96.65951963059244 112.66747733271508
62 10 418.2320438144393 16.630762458695393
62 19 1183.7659388357552 257.5570072091676
62 23 377.7019007644119 31.058790792468
62 24 1016.2485758956371 209.90086187851543
63 2 28.032681309831244 134.82152491607647
63 4 397.6135724959834 53.12516538006909
63 5 455.0093708132201 51.032881087854925
63 6 1154.5079755071397 332.7280553401376
63 7 429.4128279250448 31.6522594903146
63 8 96.68181242784516 112.679500609672
63 10 417.8395947534852 16.340913498561623
63 19 1182.468444317719 258.97040418079206
63 23 377.5071351058134 31.051926907905727
63 24 1016.083258687388 209.67247463992877
64 2 28.19588237156784 134.90436670079706
64 4 397.5849109976002 53.17701184472826
64 5 454.9981463997008 51.03853002988632
64 6 1154.2123004648836 332.21774838083024
64 7 429.38094752472347 31.691587474693332
64 8 96.70514740862764 112.69152388662891
64 10 417.4094583515688 16.027430763234708
64 19 1181.4455654969624 260.3838011524166
64 23 377.2897371787228 31.045063023343456
64 24 1016.1414731738224 209.5511616799309
65 2 28.37137127466914 134.98720848551764
65 4 397.5459073301456 53.22989442112297
65 5 454.9866829279025 51.0441789719177
65 6 1153.7555262948704 331.5495737222513
65 7 429.3479711820239 31.73009262473667
65 8 96.72952457293984 112.70354716358588
65 10 416.9395946759501 15.688966254813325
65 19 1181.410982159462 261.7971981240411
65 23 377.0483764653704 31.038199138781184
65 24 1016.4789140387333 209.5715529551329
66 2 28.559474493857973 135.07005027023823
66 4 397.4957838458277 53.28381310925323
66 5 454.97498039782505 51.049827913949095
66 6 1153.124469700936 330.71157245516014
66 7 429.31389889694606 31.7674157912747
66 8 96.75494392078178 112.7155704405428
66 10 416.4279103961959 15.3241315551932
66 19 1183.270768287548 263.21059509566555
66 23 376.7817224479863 31.031335254218916
66 24 1017.1512759659134 209.7682784221441
67 2 28.76051850385715 135.15289205495878
67 4 397.4337398330569 53.33876790911903
67 5 454.9630388094687 51.05547685598049
67 6 1152.3055445538446 329.6914364921967
67 7 429.27873066949 31.80318067425336
67 8 96.78140545215344 112.72759371749972
67 10 415.8722587841799 14.931497826067158
67 19 1188.1481735005282 264.62399206729003
67 23 376.4884446088008 31.02447136965664
67 24 1018.2142536391584 210.17596803757544
