1 1 599.9346031883842 154.9397965029703
2 1 599.9260411461667 154.70530547515318
3 1 599.9184823797422 154.49464757568992
4 1 599.9122653114193 154.3063447688143
5 1 599.9075907419915 154.13896324825012
6 1 599.9045402388871 153.99111343721103
7 1 599.9030935960046 153.86144998840075
7 3 1000.6017565293108 277.998921442262
8 1 599.9031453652318 153.74867178401294
8 3 1000.5730298078274 276.7027817973243
9 1 599.9045204596496 153.6515219357313
9 3 1000.544303086344 276.0202967146217
10 1 599.9069888284197 153.56878778472938
10 3 1000.5155763648607 275.7912047322711
11 1 599.910279203358 153.49930090167084
11 3 1000.4868496433774 275.8804274929819
11 12 376.9699950577132 326.1009183495025
12 1 599.9140919171914 153.4419370867092
12 3 1000.458122921894 276.1761433989328
12 12 386.6763062458975 323.5108738405014
12 14 1014.1659936518884 291.95729811716546
13 1 599.9181107934995 153.39561636948804
13 3 1000.4293962004108 276.5878612666504
13 12 399.2855595114922 320.09049866840195
13 14 1014.2468328104836 291.63366186265495
14 1 599.9220141083408 153.3593030091409
14 3 1000.4006694789274 277.04449398188683
14 12 414.0101061936234 316.0211294397732
14 14 1014.3168493682116 291.40245563583164
15 1 599.9254846235632 153.33200549429122
15 3 1000.371942757444 277.4924321544973
15 12 430.14196155823777 311.4670547334026
15 14 1014.3771764335517 291.2526682325808
16 1 599.928218691799 153.3127765430525
16 3 1000.3432160359608 277.8936177733185
16 12 447.049509623088 306.5762022441032
16 14 1014.4289471149822 291.17328844878733
17 1 599.9299344331447 153.30071310302824
17 3 1000.3144893144774 278.22361786104574
17 12 464.1742079827136 301.4808259265179
17 14 1014.4732945209828 291.1533050803366
18 1 599.9303789835247 153.29495635131178
18 3 1000.285762592994 278.4696981291112
18 12 481.0272926334264 296.2981931389268
18 14 1014.5113517600324 291.18170692311367
19 1 599.9293348147404 153.2946916944866
19 3 1000.2570358715108 278.6288966325617
19 12 497.18648279829273 291.13127178705224
19 14 1014.54425194061 291.2474827730037
20 1 599.9266251262023 153.299148768626
20 3 1000.2283091500274 278.70609742493644
20 12 512.2926857521165 286.0694174678654
20 14 1014.5731281711952 291.3396214258917
21 1 599.9221183083482 153.30760143929336
21 3 1000.199582428544 278.712104213145
21 12 526.0467016464238 281.1890606133917
21 14 1014.5991135602666 291.447111677663
22 1 599.9157314777448 153.31936780154203
22 3 1000.1708557070608 278.6617140123448
22 12 538.2059283344447 276.5543936345172
22 14 1014.6233412163032 291.5589423242025
23 1 599.9074330838741 153.33381017991528
23 3 1000.1421289855774 278.5717908008193
23 12 548.581066196096 272.2180580647937
23 14 1014.6469442477846 291.6641021613956
24 1 599.8972445876045 153.3503351284464
24 3 1000.113402264094 278.45933917485576
24 12 557.0328229629683 268.2218317042459
24 14 1014.6710557631897 291.75157998512725
25 1 599.8852412113459 153.36839343065864
25 3 1000.0846755426109 278.33957800362265
25 12 563.4686185433054 264.5973157631765
25 14 1014.6968088709972 291.81036459128256
26 1 599.8715517608897 153.38748009956518
26 3 1000.0559488211276 278.22401408404835
26 12 567.8392898469875 261.36662200597203
26 14 1014.7253366796866 291.8294447757468
27 1 599.8563575189331 153.4071343776693
27 3 1000.027222099644 278.1185157956978
27 12 570.1357956105177 258.54305989490945
27 14 1014.7577722977368 291.7978093344051
28 1 599.8398902102879 153.42693973696413
28 3 999.9984953781608 278.0213867556514
28 12 570.3859212220032 256.13182373396137
28 14 1014.7952488336272 291.7044470631424
29 1 599.8224290387734 153.4465238789328
29 3 999.9697686566776 277.9214394733824
29 12 568.6509835461355 254.13067981260247
29 14 1014.8388993958366 291.53834675784407
30 1 599.8042967957949 153.46555873454847
30 3 999.941041935194 277.7960690056343
30 12 565.0225357491854 252.53065354961527
30 14 1014.889857092844 291.28849721439514
31 1 599.7858550406054 153.48376046427424
31 3 999.9123152137108 277.60932661129937
31 12 559.6190721239678 251.31671663689616
31 14 1014.9492550331288 290.94388722868075
32 1 599.7674983522522 153.5008894580632
32 3 999.8835884922274 277.3099934062964
32 12 552.582732914841 250.4684741832612
32 14 1015.01822632517 290.49350559658603
33 1 599.7496476532084 153.51675033535835
33 3 999.8548617707442 276.829654018448
33 12 544.0760091426835 249.96085185825197
33 14 1015.0979040774469 289.9263411139961
34 1 599.7327426046884 153.5311919450928
34 3 999.8261350492608 276.0807702423584
34 12 534.2784474298755 249.76478303594143
34 14 1015.1894213984378 289.23138257679614
35 1 599.7172330736479 153.54410736568943
35 12 523.3833548252898 249.84789593874115
35 14 1015.2939113966228 288.39761878087126
36 1 599.7035696714689 153.55543390506134
36 12 511.5945036292624 250.17520078120424
36 14 1015.4125071804802 287.4140385221066
37 1 599.6921933643282 153.5651531006114
37 12 499.1228362185889 250.7097769138351
37 14 1015.5463418584897 286.26963059638723
38 1 599.6835241552516 153.5732907192326
38 12 486.1831698715026 251.41345996689228
39 1 599.6779488378513 153.5799167573078
39 12 472.99090159265154 252.24752899419636
40 1 599.6758078217488 153.5851454407099
40 12 459.7587129380941 253.17339361693396
41 1 599.6773810296818 153.58913522480174
41 12 446.69327484027207 254.1532811674658
42 1 599.6828728662957 153.59208879443614
42 12 433.9919524329975 255.15092383313151
43 1 599.6923962586194 153.59425306395593
43 12 421.8395098764408 256.1322458000552
44 1 599.7059557682259 153.59591917719388
44 12 410.4048151821018 257.0660503969527
45 1 599.7234297750767 153.59742250747274
45 12 399.8375450378108 257.9247072389358
46 1 599.7445517330522 153.59914265760523
46 12 390.26488963268457 258.6848393713201
47 1 599.7688904971641 153.60150345989408
47 12 381.7882574821496 259.32801041342793
48 1 599.7958297224552 153.60497297613193
48 12 374.4799802528871 259.8414117023985
49 1 599.8245463345812 153.6100634976015
49 12 368.3800175878312 260.21854943699105
49 31 87.58000046821427 127.19930728571426
50 1 599.8539880720781 153.61733154507533
50 12 363.4926619311659 260.4599318213898
50 31 87.55289731642854 127.27697588571426
51 1 599.8828501003144 153.6273778688161
51 12 359.7832433532732 260.57375620901325
51 31 87.52579416464283 127.35464448571426
52 1 599.9095506971267 153.64084744857638
52 12 357.17483437576544 260.5765962463192
52 31 87.49869101285712 127.43231308571426
53 1 599.9322060101412 153.6584294935987
53 12 355.54495479641673 260.494089016606
53 31 87.4715878610714 127.50998168571428
54 1 599.9486038857777 153.6808574426156
54 12 354.72227651419416 260.3616221838235
54 31 87.44448470928569 127.58765028571426
55 1 599.9561767699408 153.70890896384958
55 12 354.4833283541989 260.2250211363809
55 31 87.41738155749998 127.66531888571426
56 1 599.9519736803926 153.74340595501317
56 12 354.5492008926682 260.1412361309474
57 1 599.9326312508118 153.78521454330874
57 12 354.5822512819807 260.1790294362579
58 1 599.8943438465374 153.8352450854288
58 12 354.18280807560706 260.41966247692415
59 1 599.8328327519952 153.8944521675557
59 12 352.88587605308794 260.95758297724007
60 1 599.7433144298105 153.96383460536188
60 12 350.15784104505 261.901112104979
60 34 1047.220947 285.3648071
