1 1 610.2224853355533 506.50629459303593
1 2 322.35995483398443 607.1852416992186
2 1 610.3773738188494 506.6091780067753
2 2 387.43792724609375 601.5842895507812
3 1 610.5244768260397 506.1584511471151
3 3 977.434475890592 491.5450395946532
4 1 610.6637943571245 505.3083524598848
4 3 981.3161049136957 470.19094504203474
5 1 610.7953264121036 504.1927775117548
5 3 985.1977339367992 450.8897185129317
6 1 610.919072990977 502.9264331833981
6 3 989.0793629599028 433.5141644903628
6 6 101.55792236328124 302.822509765625
7 1 611.0350340937448 501.6059918626517
7 3 992.9609919830066 417.9370874573464
8 1 611.1432097204068 500.311245637679
8 3 996.8426210061102 404.0312918969015
9 1 611.2435998709633 499.1062604901309
9 3 1000.724250029214 391.6695822920466
10 1 611.336204545414 498.0405304883079
10 3 1004.6058790523174 380.7247631258003
11 1 611.4210237437591 497.1501319803216
11 3 1008.487508075421 371.0696388811814
12 1 611.4980574659985 496.458877787257
12 3 1012.3691370985248 362.5770140412084
13 1 611.5673057121322 495.9794713963336
13 3 1016.2507661216284 355.1196930889
14 1 611.6287684821604 495.7146611540675
14 3 1020.132395144732 348.57048050727497
15 1 611.6824457760828 495.6583944594333
15 3 1024.0140241678355 342.80218077935194
16 1 611.7283375938995 495.7969719570252
16 3 1027.8956531909391 337.6875983881494
17 1 611.7664439356106 496.1102017302197
17 3 1031.7772822140428 333.0995378166862
18 1 611.796764801216 496.5725534943366
18 3 1035.6589112371464 328.91080354798095
19 1 611.8193001907157 497.154312789801
19 3 1039.54054026025 324.9942000650522
20 1 611.8340501041098 497.8227351753052
20 3 1043.4221692833537 321.2225318509188
21 1 611.8410145413983 498.54320042097015
21 3 1047.303798306457 317.46860338859915
22 1 611.840193502581 499.2803667015076
22 3 1051.185427329561 313.6052191611122
23 1 611.831586987658 499.9993247893813
23 3 1055.0670563526646 309.5051836514764
24 1 611.8151949966295 500.6667522479695
24 3 1058.948685375768 305.0413013427104
25 3 1062.8303143988717 300.086376717833
26 3 1066.711943421975 294.5132142598628
27 1 611.7193061669097 502.07466640190887
27 3 1070.593572445079 288.1946184518184
28 1 611.6717722714585 502.2748795560782
28 3 1074.4752014681826 281.0033937767185
28 15 971.6455801769982 306.31275822677617
29 1 611.6164528999016 502.3211485222247
29 15 956.4097712986264 302.2611491044468
30 1 611.553348052239 502.2139096656079
30 15 941.1739624202548 299.67019972099206
31 1 611.4824577284708 501.9632654945336
31 15 925.9381535418833 298.18203448085296
32 1 611.4037819285969 501.5901388535153
32 15 910.7023446635114 297.4874898179014
33 1 611.3173206526172 501.1274271164373
33 15 895.4665357851396 297.326114195439
34 1 611.2230739005321 500.6211563797144
34 15 880.2307269067679 297.4861681061957
35 1 611.1210416723411 500.1316356554558
35 15 864.9949180283962 297.80462407233244
36 1 611.0112239680445 499.7346110646252
36 15 849.7591091500244 298.167166645444
37 1 610.8936207876424 499.5224200302033
37 15 834.5233002716527 298.50819240654573
38 1 610.7682321311344 499.6051454703496
38 15 819.287491393281 298.8108099660931
39 1 610.6350579985208 500.1117699915641
39 15 804.0516825149093 299.1068399639621
40 1 610.4940983898016 501.1913300818484
41 1 610.3453533049767 503.0140703038689
42 1 610.1888227440461 505.77259748811673
42 15 758.3442558797941 301.0042914277556
43 1 610.0245067070099 509.6830349260707
44 19 745.2338480788012 297.1334764007828
45 19 744.1225445230033 296.5288510960837
46 19 743.1460483908024 296.1179091976802
47 19 742.3043596821988 295.8793680528878
48 19 741.5974783971922 295.7919450090216
48 21 464.6582075574324 278.9037356906466
48 22 421.6759797060149 290.20153733473546
49 19 741.0254045357826 295.8343574133969
49 21 442.4487258678496 278.77468532986103
49 22 403.9592019519396 290.2739386221078
50 19 740.5881380979703 295.9853226133289
50 22 386.7633268471345 290.3463399094801
51 19 740.285679083755 296.22355795613214
51 22 370.2523904869886 290.41874119685235
52 19 740.1180274931369 296.5277807891224
52 21 388.0883119705459 278.3875342475042
52 22 354.56996715860623 290.49114248422467
53 19 740.0851833261158 296.876708459615
53 21 374.0575177285923 278.25848388671864
53 22 339.8391693407666 290.563543771597
54 19 740.1871465826921 297.24905831492435
54 21 362.0713953485483 278.12943352593305
54 22 326.16264770396265 290.63594505896924
55 19 740.4239172628653 297.6235477023662
55 21 352.12994483040984 278.00038316514747
55 22 313.6225911103702 290.7083463463416
56 19 740.7954953666357 297.9788939692555
56 21 344.23316617417913 277.8713328043618
56 22 302.28072661386886 290.7807476337139
57 19 741.3018808940031 298.2938144629072
57 21 338.38105937985665 277.74228244357624
57 22 292.17831946004026 290.85314892108613
58 19 741.9430738449678 298.54702653063725
58 22 283.3361730861416 290.92555020845845
59 19 742.7190742195295 298.71724751976
59 22 275.7546291211511 290.9979514958307
60 19 743.6298820176884 298.78319477759067
60 22 269.4135673857254 291.070352783203
61 19 744.6754972394443 298.72358565144475
61 22 264.27240589222674 291.14275407057534
62 19 745.8559198847975 298.51713748863733
62 22 260.2701008446966 291.2151553579476
63 19 747.1711499537477 298.1425676364836
63 22 257.3251466389065 291.2875566453199
64 19 748.621187446295 297.5785934422987
64 22 255.33557586228744 291.3599579326922
65 19 750.2060323624395 296.8039322533974
65 22 254.17895929398944 291.4323592200645
66 19 751.9256847021811 295.7973014170953
66 22 253.71240590486195 291.5047605074368
67 19 753.7801444655198 294.5374182807078
67 22 253.77256285741623 291.5771617948091
68 22 254.1756155058993 291.6495630821814
69 22 254.71728739623725 291.7219643695537
70 22 255.17284026605648 291.79436565692595
71 22 255.29707404465623 291.86676694429826
72 22 254.8243268530796 291.9391682316706
