1 1 146.04325361401433 404.8043293850956
1 2 222.6103172404165 249.96191083275912
1 3 572.3580930174439 382.8886756360853
1 4 845.7608673525252 290.7539822515192
2 1 151.70249667723886 394.9289570216733
2 2 224.33273809188933 250.52266770049928
2 3 565.4065125467788 382.7964755909993
2 4 844.1779245639684 290.5426098425334
3 1 168.74319482316818 385.2692552915061
3 2 226.3928542833984 251.07562895174055
3 3 560.1908515595493 382.7042755459133
3 4 842.6017599797351 290.47459001459885
4 1 194.45565919383904 375.825224194594
4 2 228.76362993707656 251.62079458648307
4 3 556.4196862925369 382.6120755008273
4 4 841.035240917399 290.531298575192
5 1 226.55194180136252 366.59686373093695
5 2 231.41877037708576 252.15816460472675
5 3 553.831269023759 382.5198754557412
5 4 839.481124502236 290.6956848924122
6 1 263.1236528565024 357.584173900535
6 2 234.33272212961677 252.6877390064716
6 3 552.1918030051056 382.4276754106552
6 4 837.942057667223 290.95218676733464
6 7 180.30643734554477 216.35835460658205
7 1 302.6018391936744 348.7871547033881
7 2 237.48067292288928 253.20951779171764
7 3 551.2937629855038 382.3354753655692
7 4 836.4205771530396 291.2866475428204
7 7 181.61357616984355 216.98517345723516
8 1 343.7189237923657 340.2058061394963
8 2 240.83855168715203 253.7235009604649
8 3 550.9542613246115 382.2432753204832
8 4 834.9191095080666 291.6862354487838
8 7 183.08632576386609 217.61741027793516
9 1 385.4727063949765 331.8401282088596
9 2 244.38302855468265 254.22968851271327
9 3 551.0134596970405 382.1510752753972
9 4 833.4399710883868 292.1393651839169
9 7 184.7111513477384 218.2587575361498
9 9 141.20818200222183 232.73880740743047
9 10 1054.0355143422466 261.66430475592887
10 1 427.0924252210808 323.690120911478
10 2 248.0915148597877 254.72808044846283
10 3 551.3330263871081 382.0588752303111
10 4 831.9853680577843 292.63562173387083
10 7 186.4749032448289 218.9123539399013
10 9 143.03953675076724 232.62342612562543
10 10 1054.00435422775 261.55201003557136
11 1 468.0068797781095 315.75578424735147
11 2 251.94216313880275 255.2186767677136
11 3 551.7946391741175 381.9666751852251
11 4 830.5573963877457 293.16568642589505
11 7 188.36481688174865 219.5808085087655
11 9 144.89975277182066 232.64825261209967
12 1 507.8146147684526 308.03711821648
12 2 255.91386713009223 255.7014774704655
12 3 552.2985338081673 381.8744751401391
12 4 829.1580418574588 293.7212652199327
12 7 190.36851278835115 220.26622464487124
12 9 146.78711052046503 232.80257090429967
13 1 546.2561650929845 300.53412281886364
13 2 259.98626177404964 256.1764825567186
13 3 552.7620980764897 381.782275095053
13 4 827.7891800538133 294.29501923617414
13 7 192.47399659773225 220.9702242038995
13 9 148.69989045178323 233.07599183609764
13 11 965.2346620657348 663.2473927425401
14 1 583.1883619510071 293.24679805450234
14 2 264.1397232130973 256.64369202647293
14 3 553.118511460318 381.690075049967
14 4 826.4525763714009 294.8804975190668
14 7 194.66965904623044 221.6939715660828
14 9 150.63637302085826 233.45845303779197
14 11 898.547496924712 643.9792052975856
15 1 618.5607000366174 286.1751439233961
15 2 268.3553687916865 257.1031058797284
15 3 553.3154303822823 381.59787500488096
15 4 825.1498860125148 295.4720720377829
15 7 196.94427597342653 222.43819770720413
15 9 152.594838682773 233.9402189361068
15 11 833.9278934078792 625.69222320621
16 1 652.3937658314912 279.319160425545
16 2 272.6150570562975 257.55472411648503
16 3 553.313719044335 381.5056749597949
16 4 823.88265398715 296.06487492314363
16 7 199.28700832214395 223.2032242695966
16 9 154.5735678926104 234.51188075419256
16 11 771.8342496890716 608.3622352628188
17 1 684.7597269940927 272.6788475609489
17 2 276.90138775543954 257.99854673674287
17 3 553.0862258562044 381.41347491470896
17 4 822.6523151130034 296.6547379410012
17 7 201.68740213844848 223.9889876331424
17 9 156.5708411054534 235.16435651162536
17 11 712.6391583248866 591.9650302618174
18 1 715.7648828453014 266.254205329608
18 2 281.1977018396508 258.43457374050183
18 3 552.6166054543775 381.3212748696229
18 4 821.4601940154735 297.2381342020774
18 7 204.1353885716485 224.795062986272
18 9 158.58493877638492 235.88889102440749
18 11 656.6363035205122 576.4763969976116
19 1 745.5342759504603 260.0452337315221
19 2 285.4880814614984 258.86280512776204
19 3 551.898186311612 381.2290748245369
19 4 820.3075051276606 297.81212210825976
19 7 206.6212838742947 225.62068839696363
19 9 160.61414136048788 236.67705590496703
19 11 604.047120357169 561.8721242646068
20 1 774.1983647978466 254.05193276669135
20 2 289.7573499755782 259.2832408985234
20 3 550.9328839369764 381.13687477945086
20 4 819.1953526903671 298.37429153535464
20 7 209.1357894021804 226.4647888837424
20 9 162.6567293128452 237.5207495621582
20 11 555.0272159811516 548.1280008572087
21 1 801.8817575735607 248.27430243511563
21 2 293.9910719385155 259.6958810527859
21 3 549.7301596664198 381.0446747343648
21 4 818.1247307520966 298.9227122522976
21 7 211.6699916143413 227.32600048667945
21 9 164.71098308853985 238.41219720126105
21 11 509.6725527544786 535.2198155698227
22 1 828.6940070328386 242.712342736795
22 2 298.17555310896404 260.10072559054964
22 3 548.3060250438707 380.9524746892788
22 4 817.0965231690548 299.4558845768207
22 7 214.2153620730557 228.20269433839132
22 9 166.77518314265473 239.34395082398163
22 11 468.0253933671454 523.1233571968546
23 1 854.7224664677841 237.36605367172945
23 2 302.29784044760675 260.4977745118145
23 3 546.6820917928632 380.8602746441928
23 4 816.1115036051492 299.9726922675775
23 7 216.76375744384416 229.09300073503923
23 9 168.84760993027277 240.3088892284521
23 11 430.08000791098334 511.81441453270975
24 1 880.0272067715183 232.235435239919
24 2 306.3457221171555 260.8870278165806
24 3 544.8846673786942 380.76807459910674
24 4 815.1703355319888 300.4723576527243
24 7 219.3074194954699 229.9948332073281
24 9 170.92654390647692 241.3002180092304
24 11 395.7881429151221 501.2687763717937
25 1 904.6379945987584 227.32048744136364
25 2 310.3077274823511 261.26848550484783
25 3 542.9438961611083 380.6758745540207
25 4 814.2735722288847 300.95439899495955
25 7 221.8389750999385 230.90591259150597
25 9 173.01026552635008 242.31146955730063
25 11 365.0642523430624 491.4622315085122
26 1 928.553331622804 222.62121027606327
26 2 314.1731271099632 261.64214757661625
26 3 540.892946137511 380.5836745089347
26 4 813.4216567828497 301.4185900930197
26 7 224.3514362324981 231.8237911003632
26 9 175.0970552449752 243.33650306007263
26 11 337.790490551346 482.3705687372707
26 13 169.46833926759064 390.2592484806991
27 1 951.7415548889649 218.1376037440181
27 2 317.93193276879043 262.00801403188586
27 3 538.7672412767128 380.4914744638487
27 4 812.614922088598 301.8649221196325
27 7 226.8381999716393 232.7458763942318
27 9 177.18519351743524 244.3695045013825
27 11 313.8214672098404 473.9695768524746
27 13 174.3241858272595 380.3995001783489
28 1 974.1439982643838 213.869667845228
28 2 321.5748974296605 262.36608487065666
28 3 536.6037394432 380.3992744187626
28 4 811.853590848546 302.2935676959274
28 7 229.2930484990951 233.6694556519845
28 9 179.27296079881307 245.4049866614921
28 11 292.98876418361215 466.23504464852977
28 13 190.3636432764797 370.9950417042364
29 1 995.6802149842994 209.81740257969292
29 2 325.0935152654301 262.71636009292865
29 3 534.4402559119357 380.30707437367664
29 4 811.1377755728117 302.70484720230303
29 7 231.7101490998411 234.59171964203404
29 9 181.35863754419165 246.43778911708924
29 11 275.10521437643206 459.1427609198416
29 13 215.0955503596815 362.0350332014087
30 1 1016.2552612947228 205.980807947413
30 2 328.4800216509845 263.0588396987018
30 3 532.3148324736891 380.2148743285906
30 4 810.4674785792148 303.0991973257521
30 7 234.0840541620952 235.50978679333247
30 9 183.44050420865392 247.4630782412879
30 10 1053.3811519378148 259.3061156284213
30 11 259.9689425358556 452.6685144608157
30 13 246.34253075914603 353.5086348129128
31 1 1035.7690411915382 202.35988394838813
31 2 331.7273931632384 263.3935236879761
31 3 530.2651521308948 380.1226742835046
31 4 809.842591993277 303.47714184364304
31 7 236.409701177318 236.4207272663706
31 9 185.5168412472828 248.47634720362785
31 11 247.3671680199327 446.7880940658577
31 13 282.2173596352659 345.40500668179544
32 1 1054.1277122560152 198.95463058261836
32 2 334.829347581135 263.7204120607516
32 3 528.3279993840388 380.03047423841855
32 4 809.2628977482213 303.83926464395915
32 7 238.68241274021236 237.32158702417652
32 9 187.5859291151612 249.47341597007488
32 11 237.07976952550555 441.4772885293729
32 13 321.1001706450552 337.713308951104
33 1 1071.2571525867609 195.76504785010363
33 2 337.7803438856468 264.0395048170283
33 3 526.5387661085766 379.9382741933325
33 4 808.7280675849731 304.18618498199487
33 7 240.89789654872368 238.20941190331584
33 9 189.64604826737207 250.4504313030208
33 11 228.8826117781184 436.7118866457671
33 13 361.616503439338 330.42270176388524
34 1 1087.118488828068 192.791135750844
34 2 340.57558225977505 264.3508019568061
34 3 524.9310030223756 379.8460741482465
34 4 808.2376630521592 304.5185349735088
34 7 243.0522454040399 239.08127168489003
34 9 191.69547915899835 251.4038667612834
34 11 222.55063418354257 432.4676772094459
34 13 402.616191638288 323.52234526318625
35 1 1101.7256852946955 190.03289428483947
35 2 343.21100408855 264.6543034800852
35 3 523.5360167436927 379.75387410316046
35 4 807.7911355061079 304.83693932433454
35 7 245.14193721059144 239.93428416553627
35 9 193.73250224512293 252.33052270010637
35 11 217.8607014408817 428.72044901481456
35 13 443.1530912855342 317.001399592054
36 1 1115.1651941930918 187.49032345209
36 2 345.6832919590309 264.95000938686536
36 3 522.3825124396733 379.6616740580744
36 4 807.3878261108498 305.1419972964481
36 7 247.16383497605108 240.76563922842644
36 9 195.7553979808288 253.22752627115932
36 11 214.59421611730815 425.44599085627897
36 13 482.46564978078095 310.8490248935356
37 1 1127.6176669389852 185.16342325259563
37 2 347.9898696603058 265.23791967714675
37 3 521.496282065387 379.5694740129884
37 4 807.0269658381171 305.4342669104928
37 7 249.11518681133424 241.57262291426628
37 9 197.7624468211989 254.09233142253805
37 11 212.539493184388 422.6200915282448
37 13 519.9583152908381 305.05438131067774
38 1 1139.3817265714597 183.05219368635636
38 2 350.12890218349185 265.5180343509293
38 3 520.8999381933851 379.4772739679024
38 4 806.7076754673435 305.7142513847612
38 7 250.99362593059857 242.35264149229488
38 9 199.75192922131603 254.92271889876412
38 11 211.4938965160186 420.218539825117
38 13 555.1837866391361 299.60662898652777
39 1 1150.899801263398 181.1566347533721
39 2 352.09929572173513 265.7903534082131
39 3 520.6126934337923 379.38507392281633
39 4 806.4289655856647 305.98238781063407
39 7 252.7971706512444 243.10324553128376
39 9 201.72212563626323 255.71679624078524
39 11 211.26573734797057 418.2171245413017
39 13 587.826103673855 294.4949280641325
40 2 353.90069767021055 266.054876848998
40 3 520.6501854449243 379.2928738777304
40 4 806.1897365879183 306.23903806447703
40 7 254.52422439391452 243.82215397053608
40 9 203.67131652112343 256.4729977859749
40 11 211.67593469902909 416.5916344712043
40 13 617.684578114422 289.708438686539
41 2 355.5334966261221 266.31160467328414
41 3 521.0243475344353 379.2006738326443
41 4 805.9887786766433 306.48448195599366
41 7 256.1735756824942 244.50727819088596
41 9 205.5977823309796 257.19008466813267
41 11 212.55943775374067 415.3178584092302
41 13 644.6585648765249 285.23632099679435
42 2 356.9988223887026 266.5605368810714
42 3 521.7433248509947 379.1084737875583
42 4 805.8247718620808 306.718912613036
42 7 257.74439814411096 245.1567460856977
42 9 207.4998035209145 257.8671448174841
42 11 213.76641020678608 414.3715851497851
42 13 668.7330738756355 281.0677351379453
43 2 358.2985459592139 266.8016734723599
43 3 522.8114361664911 379.01627374247226
43 4 805.6962859621733 306.9424341028724
43 7 259.23625050913506 245.76892613186504
43 9 209.3756605460112 258.50359296068063
43 11 215.1631765689276 413.72860348727465
43 13 689.9652223090125 277.191841253039
44 2 359.43527954094674 267.0350144471495
44 3 524.2291812487691 378.92407369738623
44 4 805.6017806025657 307.1550612899128
44 7 260.6490766111792 246.3424514608104
44 9 211.22363386135265 259.09917062079984
44 11 216.63293043456383 413.3647022161044
44 13 708.4715274161899 273.59779948512266
45 2 360.4123765392209 267.2605598054403
45 3 525.9932938248896 378.8318736523002
45 4 805.5396052166038 307.35672192989006
45 7 261.9832053870984 246.876243929484
45 9 213.04200392202165 259.6539461173451
45 11 218.076204710939 413.2556701306797
45 13 724.4160397179767 270.27476997724284
46 2 361.23393156138513 267.4783095472323
46 3 528.0968401349215 378.7396736072142
46 4 805.5079990453359 307.54726100049953
46 7 263.2393508769904 247.3695381913633
46 9 214.82905118310129 260.1683145662459
46 11 219.41110380887108 413.3772960254064
46 13 737.9993167339635 267.2119128724469
47 2 361.9047804168168 267.68826367252547
47 3 530.5293630762653 378.64747356212814
47 4 805.5050911375117 307.7264472684954
47 7 264.418612224195 247.82190576745217
47 9 216.5830560996744 260.6429978798575
47 11 220.57329779516635 413.7053686946898
47 13 749.4482371783088 264.39838831378177
48 2 362.4305001169225 267.8904221813198
48 3 533.2770719385005 378.5552735170421
48 4 805.5289003495827 307.89398209324435
48 7 265.5224736752949 248.23327911728
48 9 218.30229912682387 261.0790447669614
48 11 221.5157785066092 414.2156769329355
48 13 759.0066556344027 261.8233564442943
49 2 362.817408875138 268.08478507361536
49 3 536.3230777287649 378.4630734719561
49 4 805.5773353457025 308.0495104667357
49 7 266.5528045801152 248.60397570990116
49 9 219.98506071963277 261.4778307327648
49 11 222.20837762550676 414.88400953454936
49 13 766.9268977077882 259.4759774070317
50 2 363.0725661069275 268.2713523494121
50 3 539.6476740876608 378.3708734268701
50 4 805.6481945977258 308.19263429005
50 7 267.51185939172325 248.9347220948939
50 9 221.62962133318388 261.84105807890114
50 11 222.63704671695743 415.6861552939365
50 13 773.4620956574363 257.3454113450407
51 2 363.20377242978464 268.45012400871
51 3 543.2286637956954 378.2786733817841
51 4 805.7391663852097 308.322927886283
51 7 268.4022776664291 249.22667797336015
51 9 223.23426142256025 262.17075590342967
51 11 222.80289922759331 416.59790300550287
51 13 778.8593645058063 255.4208184013686
52 2 363.2195696632315 268.621100051509
52 3 547.0417308702374 378.1864733366981
52 4 805.8478287954127 308.439955749929
52 7 269.2270840637851 249.48146026892425
52 9 224.79726144284476 262.4692801008356
52 11 222.7210144460148 417.5950414636537
52 13 783.353818626958 253.69135871906224
53 2 363.1292408288194 268.78428047780926
53 3 551.0608582530263 378.094273291612
53 4 805.9716497232954 308.543292532719
53 7 269.9896883465863 249.7011671987323
53 9 226.3169018491203 262.7393133620301
53 11 222.4190034247949 418.6533594627948
53 13 787.1634288139903 252.14619244116875
54 2 362.9428101501288 268.9396652876107
54 3 555.2587910881758 378.002073246526
54 4 806.1079868715196 308.6325452659179
54 7 270.6938853808699 249.8884023444516
54 9 227.79146309646984 262.98386517435046
54 11 221.93533686408 419.7486457973317
54 13 790.4847198242242 250.77447971073468
55 2 362.6710430527685 269.0872544809133
55 3 559.6075455907455 377.90987320144
55 4 806.2540877504495 308.7073778190776
55 7 271.343855135916 250.04629872326973
55 9 229.21922563997637 263.2062718215598
55 11 221.3174349568735 420.85668926166977
55 13 793.4893084025316 249.5653806708076
56 2 362.3254461643772 269.22704805771707
56 3 564.0789635058038 377.8176731563539
56 4 806.4070896781506 308.76753759524803
56 7 271.94416268424663 250.17854285889385
56 9 230.5984699347227 263.4101963838473
56 11 220.61951919577064 421.9532786502148
56 13 796.3212817844469 248.50805546443428
57 2 361.9182673146215 269.35904601802207
57 3 568.6453121580521 377.7254731112679
57 4 806.5640197803905 308.8128844626452
57 7 272.4997582016268 250.2893988525498
57 9 231.92747643579185 263.599628737828
57 11 219.9002261414744 423.0142027573722
57 13 799.0954166768897 247.59166423466183
57 17 1013.949940107022 676.4137091385701
58 2 361.4624955351976 269.4832483618282
58 3 573.2799300919562 377.63327306618186
58 4 806.7217949906383 308.84342192277575
58 7 273.0159769670637 250.38373245398157
58 9 233.20452559826668 263.77888555654306
58 11 219.2199831527801 424.0152503775478
58 13 801.8962387168722 246.80536712453704
58 17 1001.6772307457284 674.0432115048948
59 2 360.9718610598304 269.5996550891355
59 3 577.9579183024119 377.5410730210958
59 4 806.877222050065 308.8593305150198
59 7 273.49853936280726 250.4670351324504
59 9 234.4278978772302 263.95261030945954
59 11 218.63814607822087 424.9322103051469
59 13 804.7779224101905 246.13832427710716
59 17 989.4045213844344 671.7367775900331
60 2 360.46083532427394 269.708266199944
60 3 582.6568770559519 377.4488729760098
60 4 807.0269975075433 308.8610034576696
60 7 273.9535508743496 250.545448147734
60 9 235.5958737277653 264.12577326247043
60 11 218.2098989093622 425.740871334575
60 13 807.765031547242 245.5796958354188
60 17 977.1318120231406 669.4944073939848
61 2 359.9446309663109 269.8090816942537
61 3 587.3576883024534 377.35667293092376
61 4 807.1677077196479 308.8490845254267
61 7 274.3875020904254 250.62578662112597
61 9 236.70673360495488 264.3036714778947
61 11 217.9829153956366 426.4170222602378
61 13 810.8541000982004 245.1186419425195
61 17 964.8591026618468 667.3161009167501
62 2 359.43920182575346 269.9021015720645
62 3 592.045343677415 377.2644728858378
62 4 807.2958288506549 308.8245081633554
62 7 274.8072687030118 250.71556360643476
62 9 237.75875796388192 264.4919288144774
62 11 217.99378262071377 426.9364518765408
62 13 814.0160535854084 244.7443227414559
62 17 952.5863933005528 665.2018581583288
63 2 358.961242944442 269.98732583337653
63 3 596.7098180947174 377.17227284075176
63 4 807.4077268725423 308.7885418372937
63 7 275.2201115073286 250.8230141609831
63 9 238.75022725962936 264.6964959273894
63 11 218.26418654072563 427.2749489778897
63 13 817.1994709365499 244.44589837527485
63 17 940.3136839392592 663.1516791187211
64 2 358.5281905662462 270.0647544781898
64 3 601.3469889299523 377.0800727956657
64 4 807.49965756499 308.7428306207206
64 7 275.6336764018378 250.9571194166073
64 9 239.67942194728008 264.9236502682276
64 11 218.7968594837569 427.40830235869
64 13 820.3346868138542 244.2125289870236
64 17 928.0409745779652 661.1655637979268
65 2 358.1582221370651 270.13438750650414
65 3 605.9596007942523 376.9878727505797
65 4 807.5677665153796 308.68944401808267
65 7 276.05599438824413 251.12763065065624
65 9 240.54462248191703 265.17999608501503
65 11 219.5712896112716 427.3123008133471
65 13 823.3387344235052 244.0333747197493
65 17 915.7682652166714 659.243512195946
66 2 357.87025630482583 270.19622491831973
66 3 610.5582758986684 376.89567270549367
66 4 807.6080891187945 308.6309250245745
66 7 276.49548157149445 251.34509335699093
66 9 241.34410931862317 265.47246442220035
66 11 220.5391923409661 426.9627331362669
66 13 826.1211288019258 243.89759571649893
66 17 903.4955558553776 657.3855243127787
67 2 357.68395291948536 270.25026671363645
67 3 615.162570009065 376.8034726604077
67 4 807.6165505780195 308.57034142237984
67 7 276.9609391597785 251.62087131698348
67 9 242.0761629124813 265.8083131206585
67 11 221.61974373108228 426.3353881218545
67 13 828.5904905834541 243.79435212031888
67 17 891.2228464940838 655.591600148425
68 2 357.6197130330289 270.2965128924544
68 3 619.8020739915432 376.7112726153216
68 4 807.5889659035419 308.5113393133678
68 7 277.4615534645283 251.9671706705164
68 9 242.73906371857453 266.1951268176903
68 11 222.69457582675523 425.4060545645159
68 13 830.6620102417364 243.71280407425704
68 17 878.9501371327899 653.8617397028847
69 2 357.69867889947113 270.3349634547735
69 3 624.5175609484119 376.6190725702356
69 4 807.52103991355 308.4581988882454
69 7 278.0068959004183 252.397063986982
69 9 243.33109219198573 266.6408169470226
69 11 223.60253396748797 424.15052125865657
69 13 832.2657528159507 243.6421117213598
69 17 866.677427771496 652.195942976158
70 2 357.94273397485523 270.3656184005938
70 3 629.3621789446554 376.5268725251496
70 4 807.4083672339343 308.4158924321704
70 7 278.6069229853655 252.92451433628156
70 9 243.85052878779777 267.153621738808
70 11 224.1341960566042 422.5445769986818
70 13 833.3558031084212 243.57143520467437
70 17 854.4047184102022 650.5942099682447
71 2 358.3745029172534 270.3884777299152
71 3 634.4026893249539 376.4346724800635
71 4 807.246432298287 308.3901445668177
71 7 279.2719763405293 253.56439935982436
71 9 244.29565396109365 267.7421062196253
71 11 224.02615379208785 420.5640105789975
71 13 833.920251367279 243.48993466724767
71 17 842.1320090489085 649.056540679145
72 2 359.0173515867673 270.4035414427379
72 3 639.7207506212375 376.3424724349775
72 4 807.030609347902 308.38749472890555
72 7 280.0127826903116 254.33253534152712
72 9 244.66474816695623 268.41516221247923
72 11 222.9550558590008 418.1846107940089
72 13 833.9920194423285 243.3867702521269
72 17 829.8592996876146 647.5829351088587
73 2 359.89538704552695 270.4108095390617
73 3 645.4142480507385 376.2502723898915
73 4 806.756162431775 308.41536188517824
73 7 280.840453862357 255.2457012788134
73 9 244.9560918604685 269.1820083368004
73 11 220.53141308386807 415.38216643812177
73 13 833.660527424061 243.2511021023588
73 17 817.5865903263207 646.1733932573859
74 2 361.0334575576916 270.4102820188867
74 3 651.5986686046188 376.1580723448055
74 4 806.4182454066034 308.48211148384394
74 7 281.7664867875522 256.3216629536124
74 9 245.16796549671335 270.05219000844545
74 11 216.29316554997263 412.1324663057416
74 13 833.0842007564424 243.0720903609906
74 17 805.3138809650269 644.8279151247266
