156 76 610.7319497471286 503.5696012634127
157 76 610.5034100795776 503.4999604570732
158 76 610.2912509217725 503.43031965073374
159 76 610.0954722737133 503.3606788443942
160 76 609.9160741354 503.2910380380547
161 76 609.7530565068326 503.2213972317152
162 76 609.6064193880111 503.1517564253757
163 76 609.4761627789355 503.0821156190362
164 76 609.3622866796059 503.0124748126967
165 76 609.2647910900221 502.9428340063572
166 76 609.1836760101842 502.8731932000177
167 76 609.1189414400923 502.80355239367816
167 78 356.6760792228852 305.68627178724
168 76 609.0705873797463 502.7339115873386
168 78 356.60048057119093 305.6118673070905
169 76 609.038613829146 502.6642707809992
169 78 356.59600559508544 305.5175669966811
170 76 609.0230207882918 502.59462997465965
170 78 356.651537260459 305.4078938782177
171 76 609.0238082571834 502.5249891683201
171 78 356.7559585331983 305.28737097390604
172 76 609.040976235821 502.4553483619807
172 78 356.8981523791954 305.160521305957
173 78 357.0670017643333 305.03186789658
174 78 357.2513896545024 304.9059337679769
175 78 357.4401990155875 304.7872419423602
176 78 357.62231281348613 304.6803154419381
177 78 357.7866140140813 304.5896772889173
177 80 1103.54296875 299.54107666015625
178 78 357.9219855832598 304.5198505055032
179 78 358.0173104869118 304.47535811390617
180 78 358.06147169092947 304.4607231363366
181 76 609.9326109821245 501.8285811049251
181 78 358.04335216119034 304.4804685950003
182 76 610.1135840582211 501.7589402985856
182 78 357.951834863592 304.5391175121026
183 76 610.3109376440636 501.6892994922461
183 78 357.7758027640248 304.64119290985536
184 76 610.5246717396519 501.6196586859066
184 78 357.50413882837165 304.7912178104648
185 76 610.7547863449863 501.5500178795671
185 78 357.1257260225175 304.99371523613627
185 89 855.8707275390625 610.6893310546884
186 76 611.0012814600665 501.4803770732276
186 78 356.629447312358 305.25320820908246
186 89 877.6204223632817 583.993408203125
187 76 611.2641570848925 501.4107362668881
187 93 482.3572387695313 306.02252197265625
