149 60 810.9635517933639 404.2768929181816
150 60 809.2826649101917 404.0102805381816
150 71 1143.9223678437163 537.1619550628874
151 60 809.4908691848395 403.74366815818166
151 71 1144.010644869918 537.0197909859114
152 60 810.6403794822982 403.4770557781816
152 71 1144.0989218961197 536.8834083730345
153 60 811.7834106679074 403.21044339818167
153 71 1144.1871989223214 536.7528072242569
154 60 811.9721776070073 402.9438310181817
154 71 1144.275475948523 536.6279875395784
155 60 810.2588951645885 402.67721863818167
155 71 1144.3637529747248 536.5089493189992
156 60 805.6957782061072 402.4106062581817
156 71 1144.4520300009267 536.395692562519
157 60 797.3350415966706 402.1439938781817
157 71 1144.5403070271284 536.2882172701381
158 60 784.2289002013858 401.87738149818176
158 71 1144.62858405333 536.1865234418565
159 60 765.4295688853599 401.61076911818174
159 71 1144.7168610795318 536.0906110776739
160 71 1144.8051381057337 536.0004801775906
161 71 1144.8934151319352 535.9161307416065
161 76 587.5673369967408 398.0207625121963
162 71 1144.9816921581369 535.8375627697216
162 76 555.5976965413538 397.3721771196164
163 71 1145.0699691843386 535.7647762619358
164 71 1145.1582462105405 535.6977712182493
164 79 126.5816835325677 375.9348767685515
164 81 755.9279784999962 404.8644408999995
165 71 1145.2465232367422 535.6365476386619
165 79 162.56425683852285 378.57117734194617
165 81 713.1600341999983 400.3702697999999
166 71 1145.334800262944 535.5811055231737
166 79 200.45863022247795 381.1965811256887
167 71 1145.4230772891456 535.5314448717847
167 79 239.8545659610536 383.79729600752034
168 71 1145.5113543153473 535.487565684495
168 79 280.3628373525571 386.36041097957786
169 71 1145.599631341549 535.4494679613044
169 79 321.615228717681 388.873896138517
170 71 1145.6879083677509 535.417151702213
170 79 363.2645353988046 391.3266026853962
171 71 1145.7761853939523 535.3906169072209
171 79 404.98456375917885 393.70826292573474
171 83 40.97915249262815 328.8823043396155
172 71 1145.8644624201545 535.3698635763278
172 79 446.4701311842073 396.0094902695273
172 83 51.34537112029011 329.37813428004057
173 71 1145.952739446356 535.3548917095341
173 79 487.4370660813293 398.2217792312731
173 83 61.71158974795208 329.87396422046567
174 71 1146.0410164725577 535.3457013068394
174 79 527.6222078795545 400.3375054298158
174 83 72.07780837561404 330.3697941608908
175 71 1146.1292934987594 535.342292368244
175 79 566.7834070285317 402.3499255885399
175 83 82.44402700327578 330.86562410131586
175 84 93.5282859883331 331.91321815000015
176 71 1146.217570524961 535.3446648937477
176 79 604.6995250016917 404.2531775353127
176 83 92.81024563093774 331.36145404174096
176 84 99.89076231333333 332.13199870000017
177 71 1146.3058475511627 535.3528188833507
177 76 318.1755578798984 387.6433962309169
177 79 641.170434292173 406.0422802023604
177 83 103.17646425859972 331.85728398216605
177 84 106.2532386383333 332.35077925000013
178 71 1146.3941245773644 535.3667543370527
178 76 318.48891318041933 386.99481083833695
178 79 676.0170184158487 407.7131336264865
178 83 113.54268288626167 332.35311392259115
179 71 1146.482401603566 535.3864712548541
179 76 320.81995571568405 386.346225445757
179 79 709.08117190958 409.2625189488026
179 83 123.90890151392364 332.8489438630163
180 71 1146.570678629768 535.4119696367546
180 76 325.1686854856998 385.697640053177
180 79 740.225800333079 410.6880984150266
180 83 134.2751201415856 333.3447738034414
181 71 1146.6589556559695 535.4432494827544
181 79 769.334820266813 411.9884153752501
181 83 144.64133876924757 333.8406037438665
182 71 1146.7472326821714 535.4803107928533
182 79 796.313159313635 413.1628942840544
182 83 155.00755739690953 334.3364336842916
183 71 1146.8355097083731 535.5231535670514
183 79 821.08675609692 414.2118407004528
183 83 165.3737760245715 334.8322636247167
184 71 1146.9237867345748 535.5717778053487
184 79 843.6025602627778 415.1364412879557
184 83 175.73999465223324 335.3280935651418
185 71 1147.0120637607763 535.6261835077452
185 79 863.8285324788885 415.9387638144544
185 83 186.1062132798952 335.8239235055669
186 71 1147.1003407869782 535.6863706742408
186 79 881.7536444353173 416.62175715245394
186 83 196.4724319075572 336.319753445992
187 71 1147.18861781318 535.7523393048357
187 79 897.387878841022 417.1892512786944
187 83 206.83865053521916 336.8155833864171
188 71 1147.2768948393818 535.8240893995298
188 79 910.76222943014 417.6459572745662
188 83 217.2048691628811 337.31141332684217
189 71 1147.3651718655835 535.9016209583231
189 79 921.9287009563996 417.997467325833
189 83 227.57108779054303 337.80724326726727
190 71 1147.4534488917852 535.9849339812155
190 79 930.9603091964964 418.2502547226759
190 83 237.93730641820505 338.3030732076924
191 71 1147.541725917987 536.0740284682072
191 79 937.9510809470668 418.41167385986046
191 83 248.303525045867 338.79890314811746
192 71 1147.6300029441886 536.168904419298
192 79 943.016054027481 418.48996023648215
192 83 258.66974367352896 339.29473308854256
193 71 1147.7182799703903 536.2695618344881
193 79 946.2912772804266 418.4942304561846
193 83 269.0359623011907 339.7905630289677
194 71 1147.806556996592 536.3760007137772
194 79 947.9338105674832 418.4344822270141
194 83 279.40218092885266 340.2863929693928
195 71 1147.8948340227937 536.4882210571657
195 79 948.1217247740132 418.3215943614996
195 83 289.7683995565146 340.7822229098179
195 90 280.1108704000044 341.0061645999999
196 71 1147.9831110489956 536.6062228646532
196 79 947.0541018054356 418.1673267765655
196 83 300.1346181841766 341.278052850243
196 90 303.9972839000029 341.3891601999999
197 71 1148.071388075197 536.73000613624
197 79 944.9510345892048 417.9843204937642
197 83 310.5008368118385 341.7738827906681
198 71 1148.159665101399 536.859570871926
198 79 942.0536270772571 417.786097638862
198 83 320.8670554395003 342.2697127310932
199 71 1148.2479421276007 536.9949170717111
199 79 938.6239942380926 417.5870614422674
199 83 331.23327406716226 342.7655426715183
200 71 1148.3362191538024 537.1360447355955
200 79 934.9452620660886 417.40249623879936
200 83 341.5994926948242 343.2613726119434
200 91 377.1696777000018 345.9165039000002
201 71 1148.424496180004 537.2829538635791
201 79 931.3215675763786 417.24856746773
201 83 351.9657113224862 343.7572025523685
201 91 386.8080444000009 346.81756590000003
202 71 1148.5127732062058 537.4356444556619
202 79 928.0780588046182 417.1423216727999
202 83 362.33192995014815 344.25303249279364
203 71 1148.6010502324075 537.5941165118438
203 79 925.5608948082664 417.1016865021302
203 83 372.6981485778101 344.74886243321873
204 71 1148.6893272586094 537.758370032125
204 79 924.1372456687968 417.1454707083831
204 83 383.0643672054721 345.24469237364383
205 71 1148.777604284811 537.9284050165053
205 79 924.195292487042 417.2933641487252
205 83 393.4305858331341 345.7405223140689
206 71 1148.8658813110128 538.1042214649848
206 79 926.1442273856374 417.565937784595
206 83 403.796804460796 346.236352254494
207 71 1148.9541583372145 538.2858193775635
207 79 930.4142535101856 417.98464368209534
207 83 414.163023088458 346.7321821949191
208 71 1149.0424353634162 538.4731987542415
208 79 937.4565850276268 418.5718150116736
208 83 424.52924171612 347.2280121353442
209 71 1149.130712389618 538.6663595950185
209 79 947.7434471247252 419.3506660482453
209 83 434.8954603437819 347.7238420757693
